canary_seed: 490
shellcode_size: 186
params: 1129 1257 286 1650
pointers: 2040 1029 27
001101010000000101100101000100010000010100010010000000110000101001001111000100000001010000110000110000010101010001100000111110001110000000010000001111100010010100110010000000000000010011111010001100000000000000000000010100100110001100000000000000000000000101101011001100000000011000000000000011010101010001100000111111101110000100100011010000000000110110111100010001100000111110010100000100110011010000110000000110100110000000000000011110110111001100000000000000000000000001000101001100000000000000000000001000000000001100000000011000000000000011010101000000000000010111001101001100000000000000000000010011000100001100000000000000000000000000100110001100000000011000000000000011010101000000000000001101101111010100000010000100000011010001100000111110011010010100100011010001100000111111001010010100110011000101100101001101010000011100000000

canary_seed: 853
shellcode_size: 189
params: 2021 258 1469
pointers: 2031 1002 213
001101010000000101100101010001100000111111000100010000110000000101001011000101100101001101010000011100000000

canary_seed: 887
shellcode_size: 146
params: 459 547 1465
pointers: 2004 1029 405
001101010000000101100101010001100000111110010001010100110011010001100000111111001010000000100000101001110100000000100000010001110111010100110011000000000000001110101111001100000000000000000000000111101101001100000000000000000000010001111001001100000000011000000000000011010101000000010000010010111001010100000000000100000000010000100000101011000100000100100011010100100001000101100101001101010000011100000000

