shellcode_size: 122
params: 1352
pointers: 2016 1023 44
001101010000000101100101010001100000111110111000000000100000100011011101010000110000101111010001010001100000111110100000000000100000001010010111000000100000111000000001010100100000010001100000111111100010000000010000100111000110010100010001010001100000111110100011000100100011010100010010010001100000111110000101000000100000001100111111010001100000111110101001010001100000111111011111000000100000110111000111010100000011010100100010000101100101001101010000011100000000

shellcode_size: 149
params: 1593 1057 337
pointers: 2037 1002 228
001101010000000101100101000000110000110111010110010000100000100110010011010001100000111111100010000000100000000101011110010100010000010000110000011100010100000000010000011110100011010000100000010101010100010001100000111111000100000100000001010001100000111110110010000100000000000101100101001101010000011100000000

