canary_seed: 52
shellcode_size: 112
params: 1706 1626 776 442
pointers: 2025 1005 39
001101010000000101100101010001100000111111101000000000100000100011011010010000000000111110000101000000000000000110010101001100000000000000000000010001110100001100000000000000000000011000010001001100000000000000000000000011010101001100000000011000000000000110100001010001100000111110100110000000110000111001000000010001100000111110101001000100010011010100000000010100110011000100110010000101100101001101010000011100000000

canary_seed: 95
shellcode_size: 79
params: 1192 1236
pointers: 2016 1020 240
001101010000000101100101010001100000111111110100010100110010000000000000000010011100001100000000000000000000011001111010001100000000000000000000010101110010001100000000000000000000001111111100001100000000011000000000000110100001000101100101001101010000011100000000

canary_seed: 453
shellcode_size: 115
params: 663 1889 1025 998
pointers: 2031 1044 417
001101010000000101100101000100000011010001100000111111010011010000100000100110110011000000100000011101011000010100000011010001100000111110100110000000000000101101000011000100000010000100000001000000110000110101010001010100010011010000110000110011010001010000010000111001001110000000110000010011000101010100010001010000000000100101101110000100100001000101100101001101010000011100000000

