shellcode_size: 172
params: 1922
pointers: 2043 1017 22
001101010000000101100101010001100000111111010000000000000000100001101110010100100000010001100000111110100000010100100010000000010000100001110001010100010011000100100010010000110000100001000101010001100000111111110111000100010010010001100000111110101111000000100000000101010001010000000000100110110101000000000000011111110011001100000000000000000000000110000011001100000000000000000000011011001111001100000000000000000000010111100101001100000000011000000000000010111010010100110010010000010000000010011011000000100000111000110110000100010010000100000011010100000001000000010000001100110011000000010000111110110100000000000000010101010011001100000000000000000000000100101100001100000000000000000000010001001000001100000000000000000000000111100101001100000000011000000000000010111010000100000001010100010000000101100101001101010000011100000000

shellcode_size: 181
params: 1930 1770 556 775
pointers: 2007 1047 186
001101010000000101100101010001100000111111001101010000100000011011010100000000000000010100011100001100000000011000000000000000010110010001100000111110110010010000010000110011110010000100000001010001100000111110111000000100110011010000100000001010111111000100000000010100010000010001100000111110100110010001100000111111000111000100100011010100000001010001100000111110001110010100100011010001100000111111000100010100000010000000000000001011110101001100000000011000000000000000010110000100010000010100100001000000000000000100100100001100000000011000000000000000010110000000100000101010101011010001100000111110010111000100010001010000010000111000000011000101100101001101010000011100000000

