1938 1053
1743 1062
1602 1071
1485 1080

1887 1256

1974 1056
1608 1065
1347 1074
1224 1083

2031 608

2007 268
1959 277
1788 286

2028 622
1809 631
1668 640
1620 649
1521 658

2028 91
1845 100
1710 109
1494 118
1434 127
1404 136

1887 689

2001 155
1896 164
1770 173
1656 182
1479 191
1380 200
1317 209

2004 25
1935 34



1941 9
1773 99
1626 261
1536 402
1497 468
1446 519

NOTEXPLOITABLE

NOTEXPLOITABLE

NOTEXPLOITABLE

NOTEXPLOITABLE

1824 102
1671 258

NOTEXPLOITABLE

NOTEXPLOITABLE

1482 414

NOTEXPLOITABLE

