2040 365
2037 207
2034 33
2031 2031
2028 1633
2025 -1048
2022 1294
2019 -1821
2016 -1966
2013 -249
2010 -1967
2007 -943
2004 -44
2001 1972
1998 -1415
1995 1037
1992 -2009
1989 -926
1986 -1797
1983 1825
1980 421
1977 2038
1974 -1607
1971 1628
1968 -1377
1965 407
1962 1149
1959 1937
1956 1961
1953 -1620
1950 111
1947 1894
1944 286
1941 -1633
1938 35
1935 451
1932 1497
1929 780
1926 1666
1923 -1044
1920 -1721
1917 -1266
1914 1615
1911 -1335
1908 -1566
1905 -816
1902 -426
1899 -1083
1896 1357
1893 1310
1890 -1887
1887 1774
1884 -1410
1881 1088
1878 334
1875 -893
1872 -1763
1869 757
1866 -1985
1863 -1706
1860 395
1857 1353
1854 1635
1851 1710
1848 -296
1845 1440
1842 -1041
1839 2
1836 -1090
1833 -450
1830 420
1827 -1905
1824 75
1821 -1821
1818 -1983
1815 -363
1812 -881
1809 -866
1806 -470
1803 1496
1800 -1641
1797 -883
1794 165
1791 1741
1788 703
1785 793
1782 569
1779 -1369
1776 -1101
1773 1635
1770 -1277
1767 620
1764 1769
1761 -1289
1758 -1509
1755 -178
1752 688
1752 BOTTOMOFSTACK

