2010 1511
2007 521
2004 50
2001 2001
1998 -570
1995 -1003
1992 475
1989 -1627
1986 -1805
1983 -503
1980 -401
1977 822
1974 -1906
1971 -1946
1968 -51
1965 -54
1962 -1066
1959 -276
1956 1178
1953 -1183
1950 1748
1947 -329
1944 -2
1941 1206
1938 -1017
1935 -27
1932 -962
1929 1341
1926 -1384
1923 869
1920 -1649
1917 1049
1914 1963
1911 1059
1908 -858
1905 -1604
1902 -631
1899 -677
1896 64
1893 1208
1890 -2029
1887 -6
1884 754
1881 -1356
1878 504
1875 1215
1872 2045
1869 895
1866 1260
1863 1731
1860 -1748
1857 518
1854 -1332
1851 -1636
1848 -798
1845 -798
1842 224
1839 582
1836 1283
1833 1357
1830 1788
1827 -1392
1824 -997
1821 1601
1818 -1241
1815 -497
1812 -1616
1809 1767
1806 1806
1803 -1533
1800 866
1797 175
1794 -187
1791 -590
1788 1159
1785 -1480
1782 23
1779 -161
1776 1908
1773 -232
1770 1782
1767 -1471
1764 354
1761 -1537
1758 -114
1755 -134
1752 1375
1749 -498
1746 -478
1743 1399
1740 1783
1737 -378
1734 1615
1731 1224
1728 -1222
1725 -209
1722 988
1719 -1329
1716 -695
1713 -1607
1710 1011
1707 -1485
1704 534
1701 918
1698 2011
1695 731
1692 -246
1689 549
1686 1521
1683 -476
1680 -745
1677 1762
1674 1457
1671 -1975
1668 556
1665 104
1662 1493
1659 160
1656 117
1653 -1368
1650 1792
1647 670
1644 -185
1641 -185
1638 611
1635 954
1632 -202
1629 287
1626 163
1623 -1304
1620 715
1617 -1779
1614 1800
1611 436
1608 102
1605 1408
1602 644
1599 -471
1596 965
1593 -975
1590 -1036
1587 1405
1584 1902
1581 445
1578 -1451
1575 -243
1572 -1906
1569 353
1566 -1328
1563 -521
1560 1387
1557 -1561
1554 -1375
1551 -1570
1548 1283
1545 -1246
1542 -1150
1539 -473
1536 -990
1533 494
1530 1407
1527 1108
1524 1233
1521 1591
1518 1932
1515 -1028
1512 -1146
1509 -1734
1506 -243
1503 121
1500 245
1497 1034
1494 -101
1491 -1958
1488 -1730
1485 -61
1482 -1032
1479 449
1476 1903
1473 -1520
1470 1001
1467 -835
1464 51
1461 1107
1458 -1585
1455 1423
1452 -778
1449 -1737
1446 -712
1443 235
1440 600
1437 -765
1434 1242
1431 -1134
1428 -469
1425 -1901
1422 885
1419 809
1416 526
1413 -512
1410 55
1407 -217
1404 -66
1401 -729
1398 -1319
1398 BOTTOMOFSTACK

2007 1289
2004 157
2001 237
1998 1998
1995 550
1992 1324
1989 1760
1986 -1335
1983 1091
1980 -715
1977 1147
1974 -900
1971 1446
1968 1391
1965 611
1962 -467
1959 846
1956 -795
1953 -453
1950 532
1947 776
1944 -963
1941 -1832
1938 -932
1935 1792
1932 1623
1929 -1507
1926 -1537
1923 -1304
1920 1906
1917 -1395
1914 -426
1911 -789
1908 1455
1905 845
1902 -2012
1899 1089
1896 1735
1893 401
1890 846
1887 -308
1884 -570
1881 -545
1878 1760
1875 -1826
1872 1813
1869 1478
1866 -98
1863 -1216
1860 601
1857 1863
1854 -1303
1851 -706
1848 -1486
1845 1693
1842 -1327
1839 -1506
1836 188
1833 -1457
1830 -1081
1827 -1563
1824 -73
1821 366
1818 375
1815 -1712
1812 -1479
1809 -432
1806 585
1803 -826
1800 913
1797 -1944
1794 -1593
1791 -1215
1788 2008
1785 536
1782 715
1779 864
1776 -1801
1773 129
1770 1858
1767 -1054
1764 -845
1761 -397
1758 1113
1755 682
1752 1573
1749 977
1746 1149
1743 1373
1740 -719
1737 -308
1734 -856
1731 1722
1728 -1833
1725 1438
1722 1408
1719 -565
1716 110
1713 1842
1710 1675
1707 -1202
1704 1881
1701 -1180
1698 1248
1695 16
1692 -2031
1689 -411
1686 1697
1683 -270
1680 -996
1677 569
1674 -1272
1671 -670
1668 564
1665 480
1662 -1976
1659 1600
1656 -1831
1653 559
1650 -1631
1647 189
1644 386
1641 -924
1638 69
1635 -673
1632 798
1629 -417
1626 1488
1623 1873
1620 -1664
1617 -35
1614 -1063
1611 -1825
1608 1279
1605 -1569
1602 -1866
1599 590
1596 -1935
1593 1393
1590 792
1587 1882
1584 -819
1581 146
1578 1285
1575 1758
1572 -244
1569 -1541
1566 1659
1563 1016
1560 1724
1557 -1723
1554 1307
1551 1698
1548 1930
1545 -620
1542 382
1539 1459
1536 1583
1533 -1544
1530 1767
1527 -48
1524 -474
1521 -1115
1518 1991
1515 33
1512 -1767
1509 1949
1506 1197
1503 1109
1500 -31
1497 -2025
1494 1833
1494 BOTTOMOFSTACK

2013 1292
2010 1022
2007 785
2004 429
2001 2001
2001 BOTTOMOFSTACK

2010 678
2007 63
2004 377
2001 311
1998 621
1995 1995
1992 961
1989 1471
1986 -1922
1983 -1309
1980 111
1977 -1648
1974 -1481
1971 1436
1968 1504
1965 -163
1962 -224
1959 -1209
1956 479
1953 511
1950 1673
1947 -1665
1944 -829
1941 1575
1938 545
1935 1687
1932 461
1929 -1342
1926 436
1923 -1250
1920 -957
1917 -142
1914 -1908
1911 1393
1908 -585
1905 -1931
1902 835
1899 -397
1896 -647
1893 845
1890 -181
1887 -866
1884 -1919
1881 -227
1878 -1612
1875 -1695
1872 -1663
1869 187
1866 1823
1863 1447
1860 1374
1857 669
1854 -569
1851 87
1848 -1335
1845 960
1842 -566
1839 452
1836 199
1833 -1959
1830 968
1827 137
1824 -1271
1821 -760
1818 -1522
1815 -365
1812 -861
1809 676
1806 -1480
1803 556
1800 -1681
1797 1157
1794 955
1791 1101
1788 -81
1785 -603
1782 1818
1782 BOTTOMOFSTACK

2034 370
2031 1176
2028 789
2025 2025
2022 1410
2019 -663
2016 1855
2013 -1586
2010 1369
2007 1865
2004 1796
2001 400
1998 -1163
1995 -473
1992 -1570
1989 661
1986 1376
1983 -910
1980 738
1977 1452
1974 -1434
1971 1175
1968 461
1965 1926
1962 1346
1959 -728
1956 1201
1953 1419
1950 -326
1947 -375
1944 1107
1941 -853
1938 -1613
1935 -2027
1932 -196
1929 682
1926 -1347
1923 1850
1920 -1918
1917 -552
1914 812
1911 -410
1908 -1407
1905 1487
1902 276
1899 -1056
1896 1366
1893 -996
1890 361
1887 1197
1884 1354
1881 -1229
1878 1711
1875 -179
1872 -839
1869 1745
1866 -585
1863 -1874
1860 699
1857 150
1854 -84
1851 -416
1851 BOTTOMOFSTACK

2049 237
2046 512
2043 1213
2040 1071
2037 984
2034 2034
2031 81
2028 219
2025 -418
2022 -658
2019 1485
2016 634
2013 -1273
2010 976
2007 1938
2004 795
2001 420
1998 -868
1995 158
1992 241
1989 -1852
1986 1220
1983 1950
1980 -1082
1977 -1193
1974 -2035
1971 357
1968 1889
1965 662
1962 1340
1959 1840
1956 1760
1953 902
1950 -1668
1947 901
1944 475
1941 -802
1938 -1538
1935 -966
1932 504
1929 -632
1926 898
1923 -1590
1920 1540
1917 -784
1914 -1295
1911 -708
1908 -831
1905 -891
1902 -668
1899 1497
1896 -1230
1893 779
1890 444
1887 -176
1884 -1393
1881 155
1878 333
1875 -1582
1872 1286
1869 -1578
1866 -1611
1863 -1440
1860 -285
1857 618
1854 1743
1851 -942
1848 799
1845 2009
1842 1859
1839 -1126
1836 -1108
1836 BOTTOMOFSTACK

2007 1951
2004 389
2001 1146
1998 1998
1995 -754
1992 -1564
1989 -1826
1986 -1690
1983 1954
1980 1921
1977 1801
1974 -429
1971 -128
1968 14
1965 -1580
1962 -604
1959 -752
1956 -771
1953 1512
1950 -2
1947 -1532
1944 485
1941 -1713
1938 -1524
1935 1520
1932 -847
1929 1938
1926 1302
1923 -1159
1920 -166
1917 192
1914 621
1911 2039
1908 -1863
1905 -1975
1902 -1298
1899 1755
1896 431
1893 -665
1890 145
1890 BOTTOMOFSTACK

