2007 498
2004 1174
2001 5
1998 1998
1995 791
1992 -731
1989 -1791
1986 838
1983 827
1980 -1208
1977 -1402
1974 800
1971 1467
1968 -396
1965 -901
1962 -1262
1959 1244
1956 195
1953 687
1950 -934
1947 -1503
1944 2029
1941 -836
1938 1653
1935 610
1932 -466
1929 -1424
1926 -1472
1923 -1681
1920 -970
1917 916
1914 -1791
1911 1867
1908 1134
1905 -2
1902 -1520
1899 1990
1896 -1774
1893 -770
1890 1454
1887 724
1884 -1485
1881 -1152
1878 -1642
1875 809
1872 -1326
1869 1998
1866 -1816
1863 929
1860 601
1857 1701
1854 -792
1851 -285
1848 -840
1845 1894
1842 818
1839 -1564
1836 -144
1833 -1431
1830 -758
1827 2037
1824 1646
1821 -426
1818 -1466
1815 -1088
1812 399
1809 -1868
1806 634
1803 -451
1800 -425
1797 177
1794 -685
1791 561
1788 1298
1785 -829
1782 1845
1779 -744
1776 634
1773 -337
1770 -69
1767 1804
1764 1347
1761 762
1758 811
1755 1924
1752 -2008
1749 -823
1746 -1100
1743 -1731
1740 1924
1737 178
1734 1415
1731 -1979
1728 850
1725 -1550
1722 344
1722 BOTTOMOFSTACK

