2022 2016
2019 11
2016 2016
2013 765
2010 -1938
2007 -254
2004 -1196
2001 1629
1998 -1438
1995 1940
1992 1056
1989 1520
1986 1083
1983 868
1980 -1088
1977 283
1974 1621
1971 504
1968 1432
1965 -776
1962 1661
1959 1942
1956 -1508
1953 1097
1950 -1045
1947 1122
1944 1971
1941 -1019
1938 591
1935 1003
1932 513
1929 1590
1926 1139
1923 162
1920 -1528
1917 1370
1914 -845
1911 -1064
1908 -207
1905 862
1902 -1717
1899 -70
1896 599
1893 615
1890 292
1887 1246
1884 -169
1881 996
1878 380
1875 1744
1875 BOTTOMOFSTACK

2052 1211
2049 922
2046 1160
2043 1586
2040 180
2037 2037
2034 82
2031 2011
2028 -1404
2025 -227
2022 -314
2019 289
2016 836
2013 -518
2010 1501
2007 -1453
2004 187
2001 -109
1998 -1935
1995 1732
1992 -464
1989 1161
1986 999
1983 1183
1980 -1316
1977 431
1974 568
1971 -1386
1968 -1244
1965 1797
1962 -177
1959 1
1959 BOTTOMOFSTACK

