2016 214
2013 1261
2010 1050
2007 39
2004 2004
2001 -811
1998 1397
1995 -1160
1992 -192
1989 959
1986 -751
1983 2024
1980 -750
1977 -1842
1974 -1516
1971 -18
1968 -717
1965 1908
1962 778
1959 -1531
1956 829
1953 -986
1950 -1950
1947 918
1944 -1982
1941 -43
1938 -672
1935 139
1932 512
1929 229
1926 678
1923 -1264
1920 898
1917 1981
1914 -1664
1911 -1289
1908 225
1905 205
1902 -1144
1899 -1627
1896 426
1893 2002
1890 60
1887 -69
1884 -326
1881 -1220
1878 256
1875 -1465
1872 -1368
1869 -224
1866 1744
1863 391
1860 1990
1857 593
1854 -998
1851 -449
1848 332
1845 -1156
1845 BOTTOMOFSTACK

2028 1498
2025 240
2022 2022
2019 -1758
2016 191
2013 -283
2010 -296
2007 74
2004 1801
2001 -246
1998 420
1995 501
1992 597
1989 -1683
1986 -1715
1983 1604
1980 -227
1977 89
1974 -1456
1971 1917
1968 -656
1965 -759
1962 -1369
1959 -348
1956 237
1953 1739
1950 -359
1947 -1286
1944 712
1941 -331
1938 634
1935 937
1932 -1829
1929 -1544
1926 -819
1923 -159
1920 473
1917 1441
1914 170
1911 -99
1908 -1421
1905 384
1902 -1293
1899 -1031
1896 444
1893 2036
1890 -2009
1887 -1343
1884 580
1881 -42
1878 -1032
1875 -227
1872 1084
1869 -1534
1866 531
1863 406
1860 -826
1857 -1476
1854 -872
1851 183
1848 505
1845 1137
1842 -1256
1839 -737
1836 -193
1833 1502
1830 962
1827 608
1824 -743
1821 -1808
1818 -161
1815 -1323
1812 1740
1809 -1477
1806 51
1803 1605
1800 73
1797 1220
1794 -153
1791 -607
1788 -313
1785 -243
1782 1345
1779 -1760
1776 -1362
1773 1785
1770 -993
1767 1343
1764 1272
1761 1961
1758 589
1755 -1536
1752 -1319
1749 -1976
1746 -847
1743 -71
1740 498
1737 -424
1734 -1184
1731 97
1728 148
1725 744
1722 -1298
1719 506
1716 1659
1713 -259
1710 -771
1707 -1997
1704 -541
1701 1964
1698 -1379
1695 -1574
1692 -1636
1689 -198
1686 -1142
1683 1332
1680 102
1677 1403
1674 -1950
1671 1625
1668 -544
1665 1317
1662 -1091
1659 -1477
1656 -24
1653 598
1650 -1202
1647 402
1644 1365
1641 1410
1638 -1157
1635 1383
1632 716
1629 -800
1626 -995
1623 1465
1620 1255
1617 -495
1614 1854
1611 -1026
1608 -1239
1605 848
1602 761
1599 1571
1596 1562
1593 -831
1590 854
1587 1501
1584 -347
1581 730
1578 -1570
1575 -740
1572 -1889
1569 319
1566 1158
1563 -1830
1560 766
1557 786
1554 -2040
1551 1548
1548 1516
1545 -1435
1542 -1912
1539 -506
1536 344
1533 -232
1530 -531
1527 98
1524 1387
1521 949
1518 1024
1515 -185
1512 107
1509 966
1506 -1338
1503 -1071
1500 -1512
1497 -2039
1494 -1733
1491 703
1488 1933
1485 -558
1482 -827
1479 948
1476 1149
1473 -343
1470 1069
1467 1982
1464 -1330
1461 131
1458 1249
1455 -244
1452 -416
1449 -698
1446 2033
1443 1493
1440 1749
1437 1539
1434 1990
1431 -330
1428 -368
1425 2007
1422 -1168
1419 1951
1416 768
1413 1531
1410 -2023
1407 -240
1407 BOTTOMOFSTACK

2013 440
2010 942
2007 432
2004 2004
2001 -1248
1998 -747
1995 1568
1992 1720
1989 -1705
1986 -1308
1983 -883
1980 730
1977 -160
1974 532
1971 425
1968 1997
1965 1369
1962 -9
1959 -1269
1956 987
1953 -481
1950 -1602
1947 1995
1944 430
1941 -826
1938 -83
1935 528
1932 -629
1929 1040
1926 256
1923 -526
1920 -924
1917 818
1914 -2016
1911 833
1908 -656
1905 -271
1902 596
1899 610
1896 233
1893 -1077
1890 678
1887 1720
1884 393
1881 123
1878 -1561
1875 -1962
1872 -1609
1869 814
1866 825
1863 -1354
1860 -1397
1857 609
1854 391
1851 -180
1848 -753
1845 -1643
1842 -601
1839 1468
1836 -802
1833 -1740
1830 439
1827 -164
1824 -1260
1821 -588
1818 -1537
1815 -1062
1812 118
1809 573
1806 -1373
1803 1098
1800 -1171
1797 -837
1794 -1140
1791 -613
1788 -1932
1785 1302
1782 -1874
1779 2026
1776 -1386
1773 -1529
1770 -1529
1767 -1707
1764 1916
1761 1704
1758 1326
1755 -1538
1752 1298
1749 -1833
1746 1278
1743 961
1740 1510
1737 420
1734 -1034
1731 -521
1728 107
1725 267
1722 947
1719 1361
1716 -2023
1713 1757
1710 1556
1707 631
1704 -930
1701 -501
1698 -86
1695 1182
1692 1663
1689 1726
1686 -445
1683 -444
1680 394
1677 -1596
1674 -301
1671 713
1668 -1046
1665 -186
1662 -2001
1659 355
1656 1326
1653 1577
1650 -1765
1647 1848
1644 593
1644 BOTTOMOFSTACK

2055 1296
2052 1749
2049 1440
2046 1406
2043 618
2040 2040
2037 -1831
2034 334
2031 302
2028 -2002
2025 210
2022 -1872
2019 -561
2016 1128
2013 -1032
2010 353
2007 -2043
2004 1683
2001 -1659
1998 -1468
1995 122
1992 518
1989 61
1986 -1145
1983 188
1980 -1451
1977 -1465
1974 -1558
1971 1606
1968 1367
1965 1548
1962 -193
1959 1023
1956 445
1953 -844
1950 -596
1947 1815
1944 1121
1941 1721
1938 1036
1935 -48
1932 1966
1929 -1065
1926 -1112
1923 45
1920 1655
1917 864
1914 -1215
1911 -657
1908 -1759
1905 1799
1902 330
1899 151
1896 -1677
1893 117
1890 1308
1887 -60
1884 1497
1881 -904
1878 -1651
1875 -1675
1872 969
1869 66
1869 BOTTOMOFSTACK

2010 910
2007 807
2004 2004
2001 320
1998 979
1995 -1457
1992 1627
1989 1186
1986 -571
1983 -1927
1980 -320
1977 601
1974 421
1971 -206
1968 -1652
1965 -12
1962 -1599
1959 588
1956 -1938
1953 1179
1950 -2003
1947 -1856
1944 -1396
1941 -488
1938 593
1935 -48
1932 -928
1929 -1579
1926 -507
1923 1706
1920 -855
1917 1326
1914 -342
1911 -734
1908 1011
1905 -2000
1902 -1018
1899 1817
1896 1190
1893 -1904
1890 -735
1887 -925
1884 101
1881 309
1878 1644
1875 -674
1872 340
1869 1677
1866 857
1863 -536
1860 -174
1857 -644
1854 -1883
1851 772
1848 627
1845 974
1842 19
1839 -898
1836 -294
1833 -324
1830 329
1827 -520
1824 -845
1821 -885
1818 1569
1815 -179
1812 -1580
1809 -1983
1806 -554
1803 -907
1800 -648
1797 -79
1794 1490
1791 1244
1788 1769
1785 -787
1782 -496
1779 -978
1776 -627
1773 13
1770 -1373
1767 1361
1764 1018
1761 -693
1758 1509
1755 -796
1752 1043
1749 -161
1746 -1720
1743 760
1740 -933
1737 852
1734 -1386
1731 114
1728 -427
1725 -747
1722 1191
1719 1277
1716 -1642
1713 -1138
1710 338
1707 1369
1704 1182
1701 -1899
1698 1751
1695 -1359
1692 -866
1689 -499
1686 723
1683 -200
1680 -1086
1677 1670
1674 -355
1671 1218
1668 449
1665 -966
1662 992
1659 -1289
1656 1084
1653 -1088
1650 1765
1650 BOTTOMOFSTACK

2034 1896
2031 939
2028 1539
2025 1276
2022 978
2019 2019
2016 2033
2013 958
2010 -145
2007 522
2004 2005
2001 -253
1998 -379
1995 93
1992 -1802
1989 -537
1986 -1154
1983 -1868
1980 -1657
1977 1576
1974 -312
1971 189
1968 77
1965 375
1962 -1580
1959 -223
1956 605
1953 -851
1950 853
1947 1589
1944 -1326
1941 -1613
1938 1660
1935 1191
1932 -910
1929 -1313
1926 1945
1923 -398
1920 -1899
1917 390
1914 972
1911 -635
1908 1940
1905 -150
1902 -727
1899 824
1896 -799
1893 -137
1890 574
1887 -1270
1884 -858
1881 2016
1878 13
1875 -535
1872 -1442
1869 -1837
1866 -981
1863 -1548
1860 1514
1857 -586
1854 775
1851 -1741
1848 1842
1845 -830
1842 1067
1839 -1370
1836 1535
1833 -1397
1833 BOTTOMOFSTACK

