2025 2020
2022 1412
2019 1015
2016 44
2013 2013
2010 -655
2007 314
2004 1792
2001 225
1998 -1794
1995 601
1992 399
1989 1921
1986 1083
1983 -209
1980 10
1977 1804
1974 888
1971 -998
1968 -1691
1965 692
1962 -383
1959 -832
1956 1755
1953 556
1950 -519
1947 -831
1944 222
1941 1745
1938 -1030
1935 -1111
1932 -1622
1929 -38
1926 1185
1923 -1433
1920 626
1917 136
1914 615
1911 -1183
1908 798
1905 778
1902 1594
1899 -461
1896 1576
1893 520
1890 -78
1887 85
1884 -1978
1881 982
1878 852
1875 1763
1872 1491
1869 87
1866 -450
1863 1330
1860 658
1857 -737
1854 -417
1851 -1684
1848 306
1845 1096
1842 1718
1839 1952
1836 1860
1833 -920
1830 730
1827 -1553
1824 -770
1821 -1549
1818 -927
1815 -1607
1812 807
1809 -1476
1806 1732
1803 1382
1800 -425
1797 -805
1794 -81
1791 76
1788 -287
1785 1873
1782 -189
1779 1032
1776 767
1773 446
1770 -1371
1767 -551
1764 1601
1761 -396
1758 1826
1755 407
1752 -838
1749 622
1746 1170
1743 -803
1740 487
1737 -1307
1734 -1823
1731 -638
1728 -624
1725 -1945
1722 -851
1719 -497
1716 -803
1713 1927
1710 1064
1707 816
1704 39
1701 1810
1698 200
1695 1638
1692 -330
1689 1532
1686 -471
1683 751
1680 690
1677 -23
1674 1527
1671 -1471
1668 -2032
1665 -260
1662 -1859
1659 -1638
1656 969
1653 -1608
1650 -289
1647 -369
1644 -1130
1641 36
1638 -822
1635 -82
1632 111
1629 -1305
1626 1132
1623 1601
1620 -2042
1617 1051
1614 1194
1611 159
1608 -1
1605 -1308
1602 1040
1599 -553
1596 -1974
1593 -433
1590 825
1587 60
1584 -593
1581 896
1578 -1012
1575 708
1572 422
1569 1083
1566 -765
1563 256
1560 -1501
1557 1434
1554 1023
1551 1258
1548 693
1545 -346
1542 -82
1539 -1727
1536 484
1533 -1965
1530 1229
1527 -1206
1524 -774
1521 1739
1518 -866
1515 1172
1512 1319
1509 -191
1506 -1921
1503 885
1500 30
1497 -1337
1494 1262
1491 -163
1488 -1982
1485 1406
1482 892
1479 -2005
1476 1843
1473 398
1470 -1593
1467 -1496
1464 834
1461 43
1458 -1930
1455 -1780
1452 -1276
1449 1717
1446 485
1443 1282
1440 -1154
1437 93
1434 545
1431 -202
1428 1781
1425 264
1422 1980
1419 1726
1416 -905
1413 198
1410 -871
1407 1613
1404 -1095
1401 498
1398 -1317
1395 816
1392 147
1389 -1145
1386 157
1383 -858
1380 1980
1377 239
1374 -1594
1371 1657
1368 -1723
1365 2015
1362 -882
1359 991
1356 70
1353 -1563
1350 1908
1347 159
1344 1353
1341 570
1338 -293
1335 -1607
1332 -771
1329 -191
1329 BOTTOMOFSTACK

2043 708
2040 1661
2037 228
2034 2034
2031 274
2028 -856
2025 441
2022 1903
2019 -514
2016 -79
2013 1365
2010 -1059
2007 80
2004 1953
2001 1217
1998 -211
1995 -1791
1992 -1059
1989 1433
1986 1681
1983 -543
1980 -1556
1977 245
1974 450
1971 -188
1968 -899
1965 1773
1962 543
1959 -226
1956 179
1953 1983
1953 BOTTOMOFSTACK

2025 14
2022 1016
2019 387
2016 2016
2013 251
2010 1854
2007 193
2004 -972
2001 2015
1998 143
1995 439
1992 403
1989 2001
1986 -635
1983 -450
1980 -1544
1977 41
1974 -1292
1971 299
1968 -1523
1965 2027
1962 1383
1959 188
1956 148
1953 -675
1950 -700
1947 -1181
1944 607
1941 168
1938 1201
1935 1287
1932 231
1929 -1584
1926 68
1923 753
1920 -50
1917 -1649
1914 -325
1911 1591
1908 -1507
1905 -795
1902 -1185
1899 1261
1896 -1768
1893 967
1890 -1907
1887 -604
1884 1877
1881 231
1878 1928
1875 1822
1872 -1467
1869 717
1866 1035
1863 -917
1860 2020
1857 1834
1854 362
1851 1696
1848 1291
1845 -1277
1845 BOTTOMOFSTACK

2022 219
2019 1760
2016 1041
2013 1459
2010 543
2007 2007
2004 1235
2001 -1850
1998 -1691
1995 -1831
1992 85
1989 -532
1986 1550
1983 -1081
1980 -1342
1977 -1394
1974 1896
1971 -1941
1968 -1414
1965 1244
1962 -185
1959 -1229
1956 1140
1953 90
1950 1478
1947 -1175
1944 1861
1941 -550
1938 1801
1935 -1715
1932 -1618
1929 -281
1926 313
1923 1676
1920 26
1917 -1823
1914 1253
1911 -1838
1908 319
1905 1773
1902 -1128
1899 -414
1896 -725
1893 -52
1890 -1725
1887 317
1884 -290
1881 -710
1878 931
1875 -1725
1872 -435
1869 -588
1866 621
1863 -1432
1860 731
1857 -351
1854 -820
1851 -32
1848 -1286
1845 -811
1842 763
1839 -1793
1836 -504
1833 543
1830 264
1827 -407
1824 -1033
1821 1871
1818 1262
1815 -1558
1812 3
1809 -774
1806 147
1803 1101
1800 -1337
1797 174
1794 1790
1791 -442
1788 -964
1785 529
1782 558
1779 1103
1776 -431
1773 1467
1770 -2033
1767 1108
1764 -1441
1761 1651
1758 109
1755 -963
1752 -1420
1749 565
1746 548
1743 891
1740 -82
1737 -1968
1734 609
1731 -937
1728 -458
1725 -1609
1722 -1182
1719 1398
1716 93
1713 -1249
1710 236
1707 437
1704 -1553
1701 -1504
1698 27
1695 -1194
1692 -253
1689 1086
1686 -1819
1683 1497
1680 -929
1680 BOTTOMOFSTACK

2040 1249
2037 729
2034 2034
2034 BOTTOMOFSTACK

