2010 545
2007 1447
2004 10
2001 2001
1998 27
1995 1498
1992 1831
1989 880
1986 -1633
1983 1993
1980 1485
1977 -694
1974 -1161
1971 -1512
1968 -76
1965 -1099
1962 -794
1959 1647
1956 1641
1953 -647
1950 -1109
1947 -1304
1944 819
1941 595
1938 1510
1935 -1470
1932 -817
1929 515
1926 1221
1923 806
1920 1479
1917 -201
1914 1539
1911 -1434
1908 -1190
1905 265
1902 857
1899 1503
1896 36
1893 614
1890 169
1887 -2005
1884 592
1881 -160
1878 45
1875 1297
1872 1806
1869 -1796
1866 41
1863 1470
1860 -317
1857 88
1854 -1605
1851 1298
1848 -496
1845 -1514
1842 977
1839 1621
1836 -985
1833 -398
1830 842
1827 -1144
1824 -514
1821 1868
1818 -138
1815 1250
1812 -1965
1809 -213
1806 515
1803 1671
1800 -1906
1797 -1607
1794 -1895
1791 54
1788 968
1785 1573
1782 -1148
1779 -2038
1776 1356
1773 1008
1770 1964
1767 -1634
1764 1787
1761 -827
1758 -1246
1755 -920
1752 63
1749 -190
1746 693
1743 873
1740 1930
1737 -1153
1734 325
1731 -1823
1728 -1247
1725 961
1722 62
1719 1564
1716 -707
1713 -1567
1710 1202
1707 -1001
1704 24
1701 -1674
1698 540
1695 618
1692 -215
1689 -952
1686 -1202
1683 -1274
1680 -1474
1677 -128
1674 1733
1671 -548
1668 -1565
1665 220
1662 1088
1659 860
1656 524
1653 1936
1650 836
1647 -1298
1644 -938
1641 72
1638 984
1635 944
1632 942
1629 364
1626 -182
1623 -1479
1620 1403
1617 1386
1614 1698
1611 88
1608 604
1605 -1437
1602 1377
1599 1794
1596 492
1593 220
1590 -348
1587 1703
1584 -186
1581 338
1578 198
1575 676
1572 -1696
1569 928
1566 471
1563 -349
1560 -935
1557 -1991
1554 -1777
1551 -877
1548 1943
1545 -1523
1542 963
1539 262
1536 767
1533 707
1530 81
1527 -1775
1524 -750
1521 244
1518 -1049
1515 -834
1515 BOTTOMOFSTACK

2016 139
2013 177
2010 2010
2007 -872
2004 18
2001 -22
1998 1170
1995 1797
1992 1954
1989 -1191
1986 -205
1983 578
1980 1173
1977 1343
1974 -1394
1971 -25
1968 -1908
1965 -2004
1962 108
1959 -1601
1956 -374
1953 -1903
1950 123
1947 372
1944 866
1941 392
1938 -1292
1935 -521
1932 1337
1929 739
1926 239
1923 797
1920 -447
1917 -1583
1914 -1541
1911 -1648
1908 -540
1905 -1586
1902 -232
1899 -1714
1896 1586
1893 -820
1890 -1442
1887 -1324
1884 -798
1881 313
1878 381
1875 1936
1872 1541
1869 642
1866 -1003
1863 172
1860 -285
1857 55
1854 -798
1851 -1150
1848 -245
1845 1184
1842 1820
1839 448
1836 1522
1833 -1686
1830 -1107
1827 -170
1824 -796
1821 -1475
1818 1
1815 806
1812 -1118
1809 809
1806 221
1803 1293
1800 -1915
1797 1209
1794 -1145
1791 1010
1788 -247
1785 -1241
1782 13
1779 1664
1776 698
1773 1413
1770 2043
1767 148
1764 897
1761 1141
1758 -13
1755 -1473
1752 715
1749 900
1746 -1612
1743 -491
1740 1671
1737 815
1734 1575
1731 1407
1728 -1370
1725 -729
1722 -184
1719 -1185
1716 -1685
1713 -1147
1710 -1033
1707 1579
1704 569
1701 -531
1698 -35
1695 -1204
1692 -1740
1689 1794
1686 798
1683 -986
1680 -210
1677 -1013
1674 -429
1671 -487
1668 1006
1665 1676
1662 -146
1659 503
1656 553
1653 1013
1650 1784
1647 -1042
1644 1777
1641 -1962
1638 -851
1635 1481
1632 -564
1629 1560
1626 260
1623 -1739
1620 668
1617 -1343
1614 535
1611 -1362
1608 -925
1605 631
1605 BOTTOMOFSTACK

2010 768
2007 1145
2004 354
2001 2001
1998 737
1995 -1349
1992 -1779
1989 295
1986 -1323
1983 -1816
1980 -1491
1977 -1302
1974 1731
1971 -1231
1968 2026
1965 -1586
1962 1678
1959 1886
1956 -1999
1953 1444
1950 -164
1947 -426
1944 -348
1941 -1203
1938 -522
1935 1150
1932 616
1929 -964
1926 255
1923 287
1920 704
1917 882
1914 -1924
1911 -1858
1908 -1703
1905 355
1902 -68
1899 -2027
1896 -1893
1893 -1425
1890 -998
1887 647
1884 -1368
1881 -234
1878 724
1875 -1734
1872 -452
1869 -510
1866 880
1863 381
1860 1602
1857 -1268
1854 -1214
1851 -925
1848 -1811
1845 1998
1842 -137
1839 793
1836 -1643
1833 -703
1830 1742
1827 -1427
1824 468
1821 -373
1818 -104
1815 -1400
1812 1748
1809 748
1806 -723
1803 837
1800 -1708
1797 -1225
1794 953
1791 -667
1788 1938
1785 1594
1782 1844
1779 -798
1776 -1408
1773 1802
1770 -702
1767 1224
1764 1198
1761 1523
1758 -1456
1755 2031
1752 747
1749 1346
1746 -1811
1743 824
1740 1456
1737 678
1734 1532
1731 -442
1728 881
1725 770
1722 5
1719 -1761
1716 -379
1713 390
1710 -1362
1707 1413
1704 386
1701 1937
1698 746
1695 1629
1692 -1523
1689 1092
1686 -1649
1683 171
1680 -297
1677 -276
1674 -1585
1671 1449
1668 1806
1665 1000
1662 633
1659 537
1656 -1181
1653 -1768
1650 978
1647 -525
1644 -671
1641 -610
1638 1706
1635 82
1632 -1636
1629 1112
1626 -59
1623 601
1620 1987
1620 BOTTOMOFSTACK

2019 2032
2016 840
2013 516
2010 2010
2007 1366
2004 1748
2001 -1242
1998 77
1995 -487
1992 1794
1989 -830
1986 -990
1983 323
1980 -1046
1977 -1585
1974 1727
1971 162
1968 -550
1965 305
1962 1107
1959 -1150
1956 203
1953 1375
1950 1761
1947 1313
1944 598
1941 -259
1938 763
1935 -398
1932 -867
1929 -562
1926 -708
1923 -817
1920 1911
1917 -1626
1914 -610
1911 -1450
1908 846
1905 -121
1902 76
1899 701
1896 1730
1893 -430
1890 -1651
1887 -1222
1884 1384
1881 -852
1878 630
1875 -1844
1872 658
1869 -394
1866 305
1863 1196
1860 799
1857 566
1854 -1230
1851 -733
1848 1900
1845 -1321
1842 1327
1839 1063
1836 -353
1833 249
1830 557
1827 918
1824 -165
1821 1501
1818 1847
1815 -1192
1812 -1915
1809 -1996
1806 477
1803 -41
1800 -415
1797 -1584
1794 1683
1791 -954
1788 1363
1785 -1259
1782 -473
1779 524
1776 1464
1773 181
1770 1268
1767 1341
1764 -283
1761 308
1758 733
1755 1113
1752 -1995
1749 1556
1746 195
1743 1072
1740 1720
1737 326
1734 -220
1731 605
1728 1609
1725 -1544
1722 -1450
1719 1795
1716 624
1713 1523
1710 -1437
1707 -913
1704 140
1701 -798
1698 173
1695 711
1692 476
1689 391
1686 -516
1683 779
1680 -736
1677 -1846
1674 1183
1671 1246
1668 -5
1665 -18
1662 487
1659 -111
1656 1053
1653 -1677
1650 1154
1647 1210
1644 -966
1644 BOTTOMOFSTACK

2022 693
2019 1547
2016 684
2013 2013
2010 119
2007 600
2004 1631
2001 450
1998 489
1995 1109
1992 6
1989 -2006
1986 -276
1983 1254
1980 1362
1977 -599
1974 593
1971 -1077
1968 -713
1965 2030
1962 1057
1959 -76
1956 -1158
1953 69
1950 -1259
1947 1512
1944 -1065
1941 1728
1938 1261
1935 1202
1932 1059
1929 1165
1926 314
1923 -76
1920 620
1917 -1629
1914 617
1911 379
1911 BOTTOMOFSTACK

2028 1683
2025 19
2022 879
2019 2019
2016 -1641
2013 1657
2010 302
2007 137
2004 1311
2001 182
1998 -661
1995 71
1992 222
1989 99
1986 -222
1983 763
1980 -1719
1977 1488
1974 -1154
1971 -1908
1968 404
1965 1283
1962 721
1959 -1037
1956 -345
1953 679
1950 -1057
1947 -1638
1944 -469
1941 -1915
1938 1063
1935 -1952
1932 -657
1929 1626
1926 -1316
1923 1637
1920 25
1917 80
1914 372
1911 -1671
1908 1107
1905 760
1902 -664
1899 -910
1896 -661
1893 1682
1890 1773
1887 -309
1884 -1359
1881 641
1878 -1274
1875 -1410
1872 1409
1869 -822
1866 1374
1863 -1405
1860 -706
1857 -1924
1854 -1216
1851 -1362
1848 -1428
1845 965
1842 -1095
1839 55
1836 -1526
1833 -730
1830 1096
1827 -1306
1824 -1166
1821 -911
1818 381
1815 1712
1812 -1135
1809 302
1806 -988
1803 -378
1800 390
1797 -2034
1794 -588
1791 391
1788 1923
1785 -714
1782 1367
1779 469
1776 1110
1773 1410
1770 1109
1767 -672
1764 1443
1761 -1924
1758 1219
1755 -1949
1752 -1967
1749 529
1746 1405
1743 -1812
1740 399
1737 1925
1734 144
1731 -722
1728 1659
1725 -705
1722 752
1719 682
1716 -258
1713 -273
1710 -290
1707 -528
1704 -1795
1701 -809
1698 1543
1695 -1701
1692 1944
1689 -1598
1686 -1740
1683 931
1680 -448
1677 -1625
1677 BOTTOMOFSTACK

