2022 953
2019 3
2016 2016
2013 820
2010 520
2007 -630
2004 1693
2001 -1211
1998 68
1995 -1255
1992 -427
1989 399
1986 -194
1983 -15
1980 -414
1977 -498
1974 -481
1971 -270
1968 -1559
1965 -224
1962 -1707
1959 -732
1956 958
1953 -543
1950 1731
1947 -61
1944 -1057
1941 -797
1938 1054
1935 -227
1932 642
1929 -1562
1926 -1902
1923 -285
1920 -1262
1917 1716
1914 532
1911 249
1908 -1093
1905 -1070
1902 1487
1899 1940
1896 -2021
1893 -108
1890 -502
1887 1277
1884 -1840
1881 -1127
1878 529
1875 1549
1872 -1183
1869 -1743
1866 -1096
1863 74
1860 1693
1857 -911
1854 -958
1851 -1826
1848 1109
1845 29
1842 1902
1839 1523
1836 1329
1833 1427
1830 1259
1827 1864
1824 1401
1821 1884
1818 829
1815 1701
1812 1317
1809 93
1806 1353
1803 850
1800 805
1797 -2023
1794 -1326
1791 165
1788 -217
1785 -490
1782 -1146
1779 -772
1776 -244
1773 -1389
1770 1994
1767 276
1764 672
1761 -385
1758 -1708
1755 -1933
1752 126
1749 1805
1746 -123
1743 578
1740 -1719
1737 -2014
1734 -361
1731 1686
1728 110
1725 -227
1722 1929
1719 -758
1716 44
1713 -1682
1710 1968
1707 150
1704 1195
1701 138
1698 920
1695 1522
1692 -618
1689 -1159
1686 -547
1683 116
1680 -1261
1677 -1624
1674 -1037
1671 328
1668 356
1665 1262
1662 -700
1659 -1451
1656 577
1653 -283
1650 1599
1647 1377
1644 1330
1641 -1170
1638 1797
1635 -255
1632 2046
1629 1051
1626 -2021
1623 1214
1620 793
1620 BOTTOMOFSTACK

2022 92
2019 1375
2016 972
2013 1110
2010 174
2007 2007
2004 1498
2001 324
1998 -711
1995 -1175
1992 -1618
1989 845
1986 1053
1983 -76
1980 -1385
1977 -253
1974 1133
1971 567
1968 1198
1965 1155
1962 308
1959 -11
1956 1697
1953 -1555
1950 236
1947 -584
1944 -1231
1941 883
1938 -721
1935 1045
1932 514
1929 552
1926 1941
1923 -1875
1920 954
1917 1148
1914 1789
1911 -1018
1908 -1768
1905 1571
1902 656
1899 -620
1896 268
1893 1268
1893 BOTTOMOFSTACK

2019 1898
2016 1985
2013 1135
2010 342
2007 2007
2004 1322
2001 1125
1998 605
1995 -1238
1992 364
1989 1755
1986 -199
1983 992
1980 1362
1977 -680
1974 434
1971 -62
1968 1094
1965 916
1962 1478
1959 1592
1956 -1867
1953 -1430
1950 -684
1947 -384
1944 -466
1941 1779
1938 -1941
1935 1100
1932 -1594
1929 -1204
1926 -823
1923 -113
1920 -1154
1917 61
1914 1610
1911 824
1908 -1645
1905 196
1902 1635
1899 1850
1896 540
1893 372
1890 -1246
1887 -903
1884 -1168
1881 -1190
1878 489
1878 BOTTOMOFSTACK

2028 1040
2025 1898
2022 1616
2019 513
2016 2016
2013 906
2010 -645
2007 460
2004 381
2001 1189
1998 151
1995 -453
1992 659
1989 -1290
1986 478
1983 -650
1980 -1747
1977 -713
1974 -931
1971 1540
1968 10
1965 -715
1962 -987
1959 2020
1956 1140
1953 1159
1950 1507
1947 96
1944 1550
1941 -56
1938 1366
1935 788
1932 138
1929 575
1926 1404
1923 283
1920 684
1917 -1036
1914 1232
1911 -1495
1908 -123
1905 -1978
1902 569
1899 -1590
1896 145
1893 927
1890 492
1887 -823
1884 -2026
1881 1952
1878 -1655
1875 1173
1872 732
1869 -155
1866 -379
1863 -321
1860 1968
1857 1391
1854 50
1851 -1129
1848 -796
1845 749
1842 -448
1839 -124
1836 -349
1833 -584
1830 1494
1827 729
1824 1208
1821 -451
1818 378
1815 1003
1812 270
1809 -662
1806 1239
1803 -1249
1800 -1114
1797 1743
1794 -263
1791 -1362
1788 -1423
1785 188
1782 -1732
1779 -1839
1776 1020
1773 185
1770 1002
1767 1453
1767 BOTTOMOFSTACK

2028 1809
2025 553
2022 1917
2019 693
2016 2016
2013 -1534
2010 1644
2007 1162
2004 -1762
2001 -1518
1998 -1990
1995 -184
1992 -824
1989 -2014
1986 575
1983 300
1980 1966
1977 133
1974 -1432
1971 -1664
1968 -240
1965 699
1962 896
1959 122
1956 631
1953 1403
1950 331
1947 -1123
1944 -237
1941 -1556
1938 1437
1935 2033
1932 380
1929 -962
1926 684
1923 -1482
1920 129
1917 1572
1914 1688
1911 507
1908 -98
1905 -1249
1902 1508
1899 1087
1896 -377
1893 1412
1890 -1324
1887 -1228
1884 -454
1881 1530
1878 -1956
1875 -593
1872 819
1869 607
1866 -1210
1863 -604
1860 -1726
1857 -1539
1854 -2041
1851 340
1848 -854
1845 -1329
1842 -95
1839 190
1836 170
1833 -1053
1830 -734
1827 894
1824 725
1821 1219
1818 -305
1815 -449
1812 -1046
1809 1065
1806 241
1803 1952
1800 -193
1797 697
1794 -795
1791 349
1788 1650
1785 -99
1782 -1280
1779 -35
1776 -1415
1773 1507
1770 -1901
1767 -787
1764 1241
1761 -726
1758 349
1755 -858
1752 -385
1749 -1655
1746 463
1743 -277
1740 -896
1737 1287
1734 -1260
1731 635
1728 -402
1725 1630
1722 1696
1719 -159
1716 -291
1713 -622
1710 271
1707 1938
1704 1115
1701 -1495
1698 963
1695 199
1692 -1186
1689 1538
1686 -1556
1683 537
1680 743
1677 -449
1674 192
1671 -736
1668 1754
1665 -18
1662 -135
1659 1486
1656 650
1653 1787
1650 -259
1647 1068
1644 1384
1641 -994
1638 -1342
1635 1499
1632 375
1629 -156
1626 1012
1623 1723
1620 -1933
1617 473
1614 -1265
1611 -564
1608 -646
1605 84
1602 -1239
1599 -1887
1596 1638
1593 -515
1590 176
1587 -1892
1584 -554
1581 -115
1578 358
1575 532
1572 1997
1569 100
1566 -438
1563 -698
1560 1375
1557 -1377
1554 1238
1551 40
1548 -1409
1545 -1659
1542 1253
1539 1121
1536 -1093
1533 1694
1530 715
1527 -1350
1524 919
1521 1615
1518 532
1515 671
1512 -955
1509 -940
1506 632
1503 1865
1500 -1934
1497 -139
1494 1789
1491 367
1488 -504
1485 -1333
1482 -1572
1479 293
1476 1792
1473 -422
1470 -256
1467 395
1464 -997
1461 -131
1458 -445
1455 -411
1452 896
1449 -449
1446 -1924
1443 -1633
1440 96
1437 1174
1434 -1763
1431 1284
1428 -1161
1425 803
1422 208
1419 1911
1416 -806
1413 -94
1410 -242
1407 -1115
1404 1547
1401 -392
1398 1022
1395 -18
1392 -1963
1389 334
1386 338
1383 -567
1380 -31
1377 636
1374 1854
1371 1962
1368 396
1365 -327
1362 -951
1359 -16
1356 -1376
1353 -946
1350 1650
1347 1200
1344 1051
1341 -752
1338 91
1335 -384
1332 -932
1329 596
1326 1582
1323 352
1320 1755
1317 -1192
1314 -1421
1311 -1841
1308 1240
1305 42
1302 -1777
1299 1717
1296 1768
1293 725
1290 2002
1287 -1455
1284 -1340
1281 -321
1281 BOTTOMOFSTACK

2037 557
2034 873
2031 2031
2028 1044
2025 -1846
2022 -1219
2019 1820
2016 -1350
2013 1181
2010 -787
2007 1805
2004 -1941
2001 1199
1998 1969
1995 -1624
1992 837
1989 290
1986 -1644
1983 194
1980 256
1977 -1822
1974 1728
1971 1895
1968 1406
1965 -439
1962 1053
1959 -1511
1956 -1437
1953 6
1950 -647
1947 -1122
1944 -2034
1941 -1514
1938 276
1935 60
1932 -1883
1929 -30
1926 1709
1923 -1234
1920 1144
1917 -731
1914 264
1911 2020
1908 -746
1905 -789
1902 762
1899 -811
1896 -1901
1893 339
1890 1898
1887 868
1884 -1674
1881 -1465
1878 496
1875 -892
1872 1935
1869 -1590
1866 -1507
1863 926
1860 -1094
1857 -659
1854 -1807
1851 1764
1848 1733
1845 -1478
1842 -837
1839 1062
1836 406
1833 1454
1830 -70
1827 1215
1824 -1800
1821 394
1818 -1802
1815 1246
1812 -455
1809 -1794
1806 -1222
1803 -1873
1800 -186
1797 -353
1794 -1452
1791 210
1788 1922
1785 -678
1782 1324
1779 1571
1776 1450
1773 562
1770 -797
1767 1481
1764 -1898
1761 -611
1758 776
1755 1985
1752 -579
1749 -1171
1746 -275
1743 -359
1740 568
1737 -139
1734 1139
1731 -1504
1728 150
1725 1071
1722 -2038
1719 -67
1716 -1591
1713 1735
1710 74
1707 -1060
1704 1984
1701 1027
1698 -326
1695 -421
1692 -719
1689 78
1686 -1507
1683 1700
1680 -1792
1677 -1942
1674 1619
1671 1815
1668 207
1665 1845
1662 1068
1659 -1098
1656 -1312
1653 -141
1650 -560
1647 -262
1644 1911
1641 -500
1638 21
1635 1357
1632 1423
1629 -581
1626 -983
1623 1515
1620 1832
1617 -1576
1614 655
1611 -940
1608 52
1605 547
1602 -1829
1599 1096
1596 -550
1593 1631
1590 -1426
1587 -822
1584 279
1581 1504
1578 -384
1575 -1698
1572 -930
1569 1231
1566 -554
1563 1063
1560 -1090
1557 17
1554 -1667
1551 1872
1548 -1885
1545 -1242
1542 -981
1539 -1220
1536 -230
1533 -716
1530 -966
1527 1424
1524 247
1521 1987
1518 -479
1515 1566
1512 -1867
1509 -486
1506 -398
1503 -285
1500 -1100
1497 1440
1494 489
1491 -12
1488 1258
1485 -492
1482 -1747
1479 -1025
1476 888
1473 1632
1470 798
1467 -1704
1464 1510
1461 1866
1458 1326
1455 -861
1452 634
1449 804
1446 1080
1443 -557
1440 -147
1437 2043
1434 -377
1431 -294
1428 444
1425 -1443
1422 911
1419 -365
1416 1174
1413 -1692
1410 -788
1407 -564
1404 1414
1401 672
1398 1703
1395 786
1392 -989
1389 -1524
1386 -1777
1383 -1591
1380 -458
1377 950
1374 1755
1371 588
1368 -1097
1365 -161
1362 1555
1359 654
1356 1569
1353 -1578
1350 269
1347 384
1344 1580
1341 2017
1338 285
1335 855
1332 -211
1329 -1254
1326 -1468
1323 872
1320 1467
1317 -135
1314 -362
1311 1089
1308 -1856
1305 1526
1302 1719
1299 1307
1296 1466
1293 764
1290 -1
1287 1759
1284 -1171
1281 993
1278 2012
1275 1460
1272 -1265
1269 404
1266 -720
1263 -1371
1260 -1847
1257 1679
1254 -1294
1251 601
1248 1949
1245 1741
1242 -1771
1239 -1433
1236 973
1233 964
1230 -273
1227 1928
1224 654
1221 1445
1218 355
1215 -1627
1215 BOTTOMOFSTACK

2007 384
2004 252
2001 1068
1998 1998
1995 1146
1992 1228
1989 888
1986 -1076
1983 -568
1980 -1702
1977 1800
1974 196
1971 -245
1968 915
1965 -1279
1962 1155
1959 2016
1956 1137
1953 -1057
1950 199
1947 490
1944 2033
1941 787
1938 1488
1935 -1222
1932 587
1929 298
1926 -1974
1923 1654
1920 1674
1917 45
1914 -1679
1911 1668
1908 -1782
1905 -175
1902 1428
1899 -1341
1896 1366
1893 814
1890 1164
1887 704
1884 -536
1881 -166
1878 468
1875 1037
1872 1660
1869 -818
1866 50
1863 -1697
1860 819
1857 -619
1854 924
1851 1636
1848 1793
1845 806
1842 1915
1839 140
1836 280
1833 676
1830 247
1827 -39
1824 1367
1821 -1959
1818 996
1815 2009
1812 -1144
1809 1253
1806 536
1803 1593
1800 824
1797 -737
1794 1003
1791 47
1788 725
1785 1891
1782 1312
1779 1685
1776 1328
1773 1956
1770 1548
1767 -1202
1764 -1768
1761 -1872
1758 -1009
1755 -1573
1752 161
1749 1811
1746 1476
1743 1035
1740 -637
1737 -1386
1734 1173
1731 -1871
1728 -72
1725 1152
1722 1850
1719 -1425
1716 -111
1713 -1585
1710 -1856
1707 -340
1704 -1179
1701 -1611
1698 702
1695 152
1692 613
1689 1234
1686 405
1683 -95
1680 1214
1677 -2028
1674 -1379
1671 1254
1668 -1320
1665 773
1662 -925
1659 -336
1656 -1265
1653 177
1650 -645
1647 1390
1644 -1016
1641 820
1638 -1501
1635 116
1632 -100
1629 1166
1626 -540
1623 -1588
1620 -389
1617 1516
1614 1557
1611 1035
1611 BOTTOMOFSTACK

