2016 1040
2013 1606
2010 8
2007 2007
2004 1272
2001 -484
1998 -1705
1995 1041
1992 -1842
1989 121
1986 93
1983 -1553
1980 -1642
1977 685
1974 186
1971 -1665
1968 422
1965 1247
1962 643
1959 1069
1956 -1551
1953 981
1950 -1672
1947 -1847
1944 1479
1941 -826
1941 BOTTOMOFSTACK

2013 458
2010 180
2007 2007
2004 965
2001 1931
1998 -1787
1995 -1166
1992 -1301
1989 -1647
1986 1978
1983 1096
1980 976
1977 1231
1974 -840
1971 -1841
1968 1262
1965 1377
1962 2046
1959 -652
1956 493
1953 -1075
1950 -1515
1947 1401
1944 -696
1941 -529
1938 -1374
1935 1956
1932 -1340
1929 1726
1926 642
1923 -2026
1920 641
1917 -1479
1914 378
1911 -634
1908 -1199
1905 -599
1902 -1690
1899 661
1896 280
1893 -1988
1890 297
1887 584
1884 -635
1881 -1417
1878 107
1875 555
1872 -1180
1869 403
1866 432
1863 -1588
1860 1680
1857 -908
1854 345
1851 190
1848 1176
1845 1517
1842 1491
1839 -1429
1836 -395
1833 -1632
1830 1275
1827 116
1824 -575
1821 -91
1818 -782
1815 1027
1812 141
1809 611
1806 -1294
1803 -1534
1800 1326
1797 506
1794 453
1791 -1591
1788 -313
1785 -573
1782 -138
1779 743
1776 14
1773 740
1770 -112
1767 1349
1764 1565
1761 791
1758 -70
1755 -983
1752 1160
1752 BOTTOMOFSTACK

2043 7
2040 1147
2037 1494
2034 369
2031 2031
2028 2009
2025 1378
2022 999
2019 -78
2016 1913
2013 959
2010 256
2007 1982
2004 -1776
2001 843
1998 -484
1995 1703
1992 -1025
1989 512
1986 1689
1983 695
1980 305
1977 -1358
1974 796
1971 -1950
1968 -562
1965 1820
1962 -311
1959 1939
1956 -872
1953 -1613
1950 833
1947 1344
1944 -511
1941 745
1938 715
1935 -1918
1932 1404
1929 -2018
1926 229
1923 -1007
1920 -853
1917 933
1914 1983
1911 655
1908 -872
1905 -1116
1902 319
1899 257
1896 1702
1893 1192
1890 800
1887 -1364
1884 118
1881 76
1878 -495
1875 -875
1872 1244
1869 96
1866 -1338
1863 -685
1860 -936
1857 172
1854 -2
1851 -1358
1848 2012
1845 -484
1842 496
1839 -153
1836 1398
1833 656
1830 1883
1827 -673
1824 85
1821 -1944
1818 -2037
1815 1811
1812 1655
1809 -1026
1806 -299
1803 -1708
1800 654
1797 1199
1794 1355
1791 607
1788 -607
1785 -274
1782 -783
1779 1588
1776 -1351
1773 758
1770 166
1767 -1979
1764 916
1761 -1142
1758 1570
1755 1280
1752 -1077
1749 -1661
1746 -594
1743 -2015
1740 -953
1737 1666
1734 -1527
1731 -998
1728 1582
1725 -756
1722 -1098
1719 -1853
1716 -220
1713 -1364
1710 -401
1707 1730
1704 -1553
1701 1190
1698 1300
1695 -300
1692 1496
1689 -1210
1686 -1408
1683 -1336
1680 1847
1677 -300
1674 -1470
1671 -1316
1668 -1110
1665 -296
1662 1744
1659 999
1656 -1902
1653 1783
1650 1607
1647 -1691
1644 -1726
1641 848
1638 836
1635 666
1632 497
1629 1387
1626 562
1623 -697
1620 1049
1617 -501
1614 748
1611 165
1608 1220
1605 -1147
1602 165
1599 241
1596 1011
1593 -1386
1590 -817
1587 -1962
1584 293
1581 796
1578 163
1575 1415
1572 -904
1569 -1174
1566 1898
1566 BOTTOMOFSTACK

2025 1982
2022 1141
2019 795
2016 1985
2013 528
2010 2010
2007 34
2004 1929
2001 704
1998 614
1995 -1939
1992 -27
1989 2022
1986 1513
1983 1022
1980 -1280
1977 1220
1974 -866
1971 1506
1968 -905
1965 1363
1962 -1344
1959 -1664
1956 206
1953 435
1950 -11
1947 -1912
1944 -1014
1941 -1412
1938 -1803
1935 1098
1932 1096
1929 -743
1926 1031
1923 419
1920 -182
1917 -611
1914 -1952
1911 -1754
1908 378
1905 -548
1902 -589
1899 -127
1896 1520
1893 1079
1890 1549
1887 96
1884 796
1881 -676
1878 1944
1875 -209
1872 1710
1869 -1950
1866 -1845
1863 -1905
1860 1018
1857 1994
1854 1097
1851 1402
1848 -267
1845 722
1842 1810
1839 -1443
1836 -360
1833 -1172
1830 -266
1827 -1340
1824 811
1821 -1557
1818 -1227
1815 -1127
1812 243
1809 993
1806 1915
1803 -1381
1800 -1634
1797 -1104
1794 -1311
1791 -2004
1788 1543
1785 1796
1782 1773
1779 -455
1776 1685
1773 1553
1770 1375
1767 -761
1764 -1328
1761 1880
1758 25
1755 997
1752 -1341
1749 1791
1746 1136
1743 850
1740 -1777
1737 386
1734 696
1731 1040
1728 716
1725 45
1722 1828
1719 -1402
1716 -188
1713 1983
1710 1934
1707 -1499
1704 -1582
1701 619
1698 153
1695 -1861
1692 -1813
1689 1467
1686 -1807
1683 1986
1680 -947
1677 102
1674 571
1671 1320
1668 1056
1665 -756
1662 -553
1659 1959
1656 85
1653 -2037
1653 BOTTOMOFSTACK

2046 2021
2043 752
2040 1968
2037 1573
2034 714
2031 2031
2028 782
2025 525
2022 -983
2019 1559
2016 -1330
2013 -1838
2010 -750
2007 427
2004 1686
2001 992
1998 505
1995 666
1992 1606
1989 476
1986 1718
1983 1243
1980 -338
1977 2
1974 -509
1971 1916
1968 259
1965 -1573
1962 1864
1959 902
1956 881
1953 -301
1950 -397
1947 -1769
1944 740
1941 1978
1938 -1907
1935 794
1932 -83
1929 1023
1926 -1759
1923 -1397
1920 -159
1917 831
1914 -740
1911 480
1908 -2010
1905 939
1902 68
1899 -1390
1896 929
1893 1674
1890 -365
1887 -1472
1884 558
1881 1058
1878 763
1875 73
1872 823
1869 -711
1866 859
1863 220
1860 1798
1857 1083
1854 1278
1851 1875
1848 -426
1845 1384
1842 1685
1839 585
1839 BOTTOMOFSTACK

2019 620
2016 510
2013 363
2010 891
2007 2007
2004 -8
2001 -666
1998 -639
1995 752
1992 2009
1989 1013
1986 46
1983 644
1980 488
1977 -1208
1974 -1742
1971 1599
1968 1632
1965 -1223
1962 958
1959 -1382
1956 1820
1953 -284
1950 -650
1947 1677
1944 -828
1941 -1965
1938 1212
1935 1861
1932 -455
1929 85
1926 1695
1923 -1760
1920 1674
1917 384
1914 -674
1911 567
1908 -1062
1905 516
1902 165
1899 -901
1896 -479
1893 1509
1890 -901
1887 -1191
1884 -641
1881 -963
1878 1990
1875 -1290
1872 -688
1869 -1238
1866 653
1863 1012
1860 969
1857 391
1854 -957
1851 675
1848 -787
1845 -1027
1842 -1326
1839 -139
1836 20
1833 2018
1830 -1333
1830 BOTTOMOFSTACK

2004 1622
2001 1077
1998 1998
1995 1041
1992 1006
1989 1505
1986 1214
1983 -1878
1980 187
1977 -287
1974 -750
1971 526
1968 1260
1965 -1600
1962 478
1959 1555
1956 -174
1953 -669
1950 -942
1947 839
1944 756
1941 1089
1938 1045
1935 1751
1932 2012
1929 -810
1926 1911
1923 1266
1920 -634
1917 -1231
1914 -1941
1911 1608
1908 279
1905 585
1902 -1865
1899 -1362
1896 1429
1893 1398
1890 -959
1887 352
1884 1284
1881 378
1878 1849
1875 403
1872 1504
1869 238
1866 457
1863 -1330
1860 -1113
1857 919
1854 1311
1851 -1849
1848 691
1845 -1693
1842 1795
1839 -1342
1836 565
1833 1247
1830 -413
1827 -143
1824 1881
1821 1562
1818 649
1815 2018
1812 1284
1809 -795
1806 -1910
1803 1846
1800 438
1797 -241
1794 -775
1791 618
1788 -1936
1788 BOTTOMOFSTACK

2028 1377
2025 123
2022 1239
2019 2019
2016 1258
2013 1430
2010 -1278
2007 1939
2004 -1134
2001 322
1998 -156
1995 1238
1992 -1529
1989 -764
1986 -1141
1983 1066
1980 -1838
1977 -500
1974 1326
1971 -1727
1968 842
1965 701
1962 -1761
1959 -126
1956 1575
1956 BOTTOMOFSTACK

2028 570
2025 451
2022 1407
2019 2019
2016 1020
2013 1778
2010 1105
2007 347
2004 -227
2001 1239
1998 -460
1995 770
1992 -1140
1989 1090
1986 1106
1983 -1027
1980 -885
1977 -259
1974 1389
1971 120
1968 1757
1965 1347
1962 271
1959 1499
1956 -1690
1953 1010
1950 1235
1947 891
1944 1640
1941 -1855
1938 1534
1935 342
1932 -95
1929 -1262
1926 -303
1923 -415
1920 699
1917 -1645
1914 1315
1911 1653
1908 362
1905 272
1902 1938
1899 -423
1896 758
1893 725
1890 1960
1887 208
1887 BOTTOMOFSTACK

