2025 1125
2022 500
2019 625
2016 42
2013 2013
2010 99
2007 -2028
2004 1179
2001 653
1998 -1302
1995 1919
1992 -530
1989 -1028
1986 770
1983 1220
1980 1239
1977 783
1974 -1254
1971 -1055
1968 384
1965 -499
1962 -850
1959 1150
1956 1666
1953 -987
1950 1162
1947 -769
1944 1846
1941 1489
1938 325
1935 791
1932 -1450
1929 -913
1926 82
1923 -427
1920 287
1917 1237
1914 463
1911 -112
1908 1166
1905 5
1902 -884
1899 1772
1896 1921
1893 -2041
1890 -1795
1887 -1027
1884 -1534
1881 682
1878 1191
1875 -16
1872 -459
1869 1099
1866 176
1863 129
1860 -1465
1857 256
1854 -1812
1851 -1376
1848 596
1845 -1628
1842 535
1839 -799
1836 -558
1833 1307
1830 1531
1827 1911
1824 -2017
1821 1954
1818 937
1815 410
1812 -1381
1809 -649
1806 1084
1803 764
1800 -1486
1797 150
1794 716
1791 1021
1788 826
1785 -1548
1782 -164
1779 108
1776 54
1773 -1280
1770 380
1767 802
1764 1519
1761 1803
1758 799
1755 396
1752 -990
1749 -173
1746 -1472
1743 -134
1740 -1608
1737 465
1734 -2030
1731 195
1728 -637
1725 844
1722 1482
1719 -140
1716 -1217
1713 973
1710 -297
1707 1885
1704 1182
1701 1761
1698 1010
1695 -1707
1692 1310
1689 270
1686 -1291
1683 -92
1680 1297
1677 -430
1674 998
1671 663
1668 430
1665 367
1662 87
1659 363
1656 -1267
1653 -1619
1650 1678
1647 -1770
1644 -838
1641 1377
1638 923
1635 -556
1632 207
1629 649
1626 540
1623 883
1620 -1228
1617 -1706
1614 271
1611 -839
1608 987
1605 -1153
1602 -1488
1599 1391
1596 -34
1593 -905
1590 -1171
1587 -955
1584 159
1581 1641
1578 -796
1575 485
1572 319
1569 -390
1566 -1674
1563 -1973
1560 1273
1557 408
1554 1973
1551 -1509
1548 1752
1545 -731
1542 -1690
1539 1408
1536 -843
1533 1487
1530 567
1527 -903
1524 117
1521 -1557
1518 -1230
1515 -519
1512 194
1509 1445
1506 -469
1503 1464
1500 -538
1497 -220
1494 -489
1491 -1174
1488 1047
1485 1374
1482 941
1479 -1616
1476 -958
1473 44
1470 526
1467 -351
1464 1828
1461 -1877
1458 1552
1455 -1072
1452 68
1449 1537
1446 1301
1443 -1523
1440 1465
1437 165
1434 1224
1431 -1144
1428 -655
1425 -593
1425 BOTTOMOFSTACK

2046 1897
2043 237
2040 2040
2037 985
2034 -1202
2031 132
2028 1326
2025 -207
2022 -1146
2019 -122
2016 1035
2013 398
2010 -976
2007 958
2004 -702
2001 -129
1998 1839
1995 -104
1992 -538
1989 -422
1986 -352
1983 -1321
1980 1520
1977 -65
1974 501
1971 -967
1968 876
1965 730
1962 -897
1959 154
1956 51
1953 1114
1950 -739
1947 978
1944 -1308
1941 -1261
1938 -965
1935 -168
1932 -1154
1929 385
1926 -1932
1923 764
1920 78
1917 2002
1914 1691
1911 1913
1908 -2012
1905 -215
1902 -1228
1899 -227
1896 -1031
1893 -1627
1890 1748
1887 639
1884 -1401
1881 -1312
1878 377
1875 1090
1872 963
1869 -31
1866 994
1863 173
1860 1315
1857 -1743
1854 -779
1851 1670
1848 -660
1845 -1368
1842 -796
1839 163
1836 2016
1833 -2029
1830 454
1827 646
1824 -326
1821 2003
1818 62
1815 886
1812 -1688
1809 277
1806 -503
1803 48
1800 -550
1797 1499
1794 -1746
1791 1478
1788 1966
1785 840
1782 -520
1779 -392
1776 703
1773 -1576
1770 -340
1767 -1327
1764 464
1761 -142
1758 564
1755 -1072
1752 -1369
1749 1020
1746 285
1743 1543
1740 655
1737 286
1734 -1886
1731 -1293
1728 1161
1725 -181
1722 -1543
1719 897
1716 779
1713 -1209
1710 -869
1707 850
1704 830
1701 -972
1698 -298
1695 521
1692 -1521
1689 -375
1686 1859
1683 571
1680 -210
1677 -1073
1674 -1078
1671 800
1668 7
1665 1997
1662 -1650
1659 -714
1656 -1566
1653 382
1650 -1852
1647 -954
1644 -1276
1641 512
1638 118
1635 1692
1635 BOTTOMOFSTACK

2016 923
2013 1826
2010 402
2007 2007
2004 123
2001 654
1998 326
1995 -1889
1992 -1729
1989 -992
1986 1746
1983 505
1980 1339
1977 -1865
1974 -1676
1971 -1645
1968 -1513
1965 1200
1962 -295
1959 158
1956 1448
1953 259
1950 -716
1947 -899
1944 23
1941 1719
1938 -335
1935 -1568
1932 -433
1929 -1236
1926 -1672
1923 122
1920 -1735
1917 -1875
1914 -390
1911 -1063
1908 -1530
1905 -1706
1902 -543
1899 1887
1896 -1980
1893 1456
1890 -694
1887 194
1884 1038
1881 -517
1878 -1263
1875 747
1872 -921
1869 650
1866 1465
1863 1691
1860 1615
1857 637
1854 -664
1851 154
1848 -197
1848 BOTTOMOFSTACK

2004 479
2001 1784
1998 570
1995 1995
1992 145
1989 -2045
1986 1344
1983 774
1980 1251
1977 1190
1974 1974
1971 -932
1968 1196
1965 211
1962 861
1959 388
1956 665
1953 920
1950 -196
1947 -1671
1944 1446
1941 -614
1938 372
1935 -1137
1932 1086
1929 407
1929 BOTTOMOFSTACK

2028 673
2025 273
2022 726
2019 2019
2016 -646
2013 -1145
2010 5
2007 -1915
2004 -1961
2001 -707
1998 405
1995 1238
1992 927
1989 1144
1986 -53
1983 138
1980 -1835
1977 353
1974 -410
1971 -150
1968 1031
1965 1809
1962 1907
1959 519
1956 56
1953 1616
1950 538
1947 -563
1944 899
1941 330
1938 1385
1935 1481
1932 1271
1929 -65
1926 1493
1923 -1437
1920 -825
1917 39
1914 1303
1911 164
1908 1924
1905 -374
1902 985
1899 326
1896 1534
1893 -1148
1890 1432
1887 1772
1884 221
1881 -697
1878 -605
1875 189
1875 BOTTOMOFSTACK

2013 66
2010 546
2007 1775
2004 1534
2001 888
1998 1998
1995 53
1992 1521
1989 1661
1986 763
1983 619
1980 395
1977 -1996
1974 -909
1971 1311
1968 637
1965 -1212
1962 -1740
1959 -1120
1956 783
1953 651
1950 1065
1947 -1288
1944 949
1941 -1044
1938 898
1935 767
1932 -1327
1929 -1480
1926 -357
1923 -1048
1920 1592
1917 -1289
1914 931
1911 -1120
1908 -1240
1905 -686
1902 1814
1899 -1563
1896 1454
1893 -492
1890 -741
1887 -1902
1884 1821
1881 -1092
1878 1954
1875 -1400
1872 1104
1869 114
1866 1869
1863 -1578
1860 -1123
1857 653
1854 -1614
1851 1359
1848 -1728
1845 -1546
1842 -759
1839 1472
1836 -1617
1833 825
1830 183
1827 1603
1824 -422
1821 -893
1818 1194
1815 -4
1812 -1555
1809 -1805
1806 1440
1803 -573
1800 -35
1797 -517
1794 1256
1791 1774
1788 964
1785 781
1782 1684
1779 1899
1776 402
1773 -899
1770 236
1767 -1965
1764 -1587
1761 -566
1758 -75
1755 1909
1752 -39
1752 BOTTOMOFSTACK

