2025 1107
2022 1027
2019 1668
2016 1059
2013 23
2010 2010
2007 1051
2004 757
2001 2037
1998 -467
1995 2038
1992 -1410
1989 -1180
1986 1411
1983 -1029
1980 -72
1977 1197
1974 -222
1971 1367
1968 769
1965 -799
1962 -1858
1959 -1267
1956 2038
1953 -956
1950 -705
1947 -1473
1944 -1334
1941 1576
1938 1060
1935 369
1932 -1869
1929 -1678
1926 1697
1923 1190
1920 807
1917 1524
1914 -419
1911 245
1908 114
1905 674
1902 665
1899 1069
1896 -1689
1893 590
1890 163
1887 -467
1884 1826
1881 -176
1878 774
1875 1770
1872 -1714
1869 -1487
1866 -411
1863 934
1860 588
1857 -220
1854 138
1851 -1237
1848 127
1845 -528
1842 427
1839 -519
1836 846
1833 -898
1830 1542
1827 -651
1824 -437
1821 -1983
1818 1703
1815 1237
1812 -1147
1809 1873
1806 567
1803 1472
1800 1845
1797 -354
1794 930
1791 1078
1788 366
1785 -543
1782 -697
1779 -36
1776 -599
1773 -1973
1770 1547
1767 287
1764 1314
1761 -1650
1758 -910
1755 1204
1752 -417
1749 286
1746 -844
1743 1672
1740 1728
1737 965
1734 239
1731 1681
1728 -1607
1725 831
1722 1911
1719 -16
1716 245
1713 18
1710 -1107
1707 258
1704 565
1701 21
1698 -1553
1695 1917
1692 -28
1689 924
1686 -838
1683 -65
1680 2012
1677 836
1674 -465
1671 -1417
1668 1936
1665 1087
1662 1607
1659 2030
1656 46
1653 683
1650 11
1647 1487
1644 1907
1641 829
1638 969
1635 -1230
1632 1709
1632 BOTTOMOFSTACK

2031 1229
2028 1627
2025 210
2022 2022
2019 -15
2016 1216
2013 415
2010 -1799
2007 538
2004 249
2001 -914
1998 -1780
1995 -888
1992 1715
1989 -139
1986 -634
1983 1396
1980 -1263
1977 394
1974 1384
1971 -643
1968 1486
1965 638
1962 174
1959 510
1956 2026
1953 -212
1950 -595
1947 513
1944 -1980
1941 188
1938 -1758
1935 668
1932 -1712
1929 746
1926 1635
1923 783
1920 -1132
1917 -1886
1914 1375
1911 -522
1908 875
1905 1399
1902 -727
1899 -872
1896 2006
1893 -996
1890 161
1887 -1727
1884 1020
1881 -1157
1878 471
1875 -1555
1872 -1206
1869 -200
1866 -1549
1863 403
1860 -821
1857 -1507
1854 -716
1851 791
1848 1341
1845 -1603
1842 1969
1839 851
1836 1191
1833 1102
1830 1014
1827 -1311
1824 221
1821 -610
1818 -496
1815 -893
1812 780
1809 200
1806 1323
1803 -14
1800 -50
1797 898
1794 -1337
1791 -1078
1788 -1625
1785 1375
1782 219
1779 50
1776 1282
1773 -457
1770 154
1767 454
1764 78
1761 -1943
1758 459
1755 -547
1752 412
1749 759
1746 -1766
1743 108
1740 953
1737 358
1734 855
1731 -1818
1728 -546
1725 -36
1722 1913
1719 1598
1716 -369
1713 460
1710 -902
1707 -514
1704 257
1701 1016
1698 516
1695 -1905
1692 1792
1689 141
1686 1513
1683 989
1680 -1905
1680 BOTTOMOFSTACK

2010 1589
2007 890
2004 813
2001 372
1998 1998
1995 356
1992 738
1989 1704
1986 1841
1983 463
1980 1379
1977 1867
1974 -1060
1971 1308
1968 1193
1965 -813
1962 365
1959 1471
1956 922
1953 189
1950 -363
1947 94
1944 -1542
1941 1562
1938 374
1935 -190
1932 1959
1929 -1571
1926 -289
1923 1922
1920 598
1917 -929
1914 -1848
1911 -171
1908 -1832
1905 587
1902 -734
1899 -1990
1896 1070
1893 -969
1890 -949
1887 -1326
1884 -1682
1881 -1174
1878 7
1875 1305
1872 1926
1869 -1353
1866 -1973
1863 1841
1860 -1256
1857 -1089
1854 383
1851 1984
1848 201
1845 1889
1842 -201
1839 -920
1836 841
1833 421
1830 -1198
1827 1643
1824 1412
1821 139
1818 -369
1815 392
1812 897
1809 916
1806 184
1803 340
1800 1157
1797 1116
1794 -164
1791 -1453
1788 -1074
1785 -272
1782 -1843
1779 -1468
1776 -668
1773 191
1770 -963
1767 -2037
1764 -273
1761 -346
1758 -1950
1755 233
1752 -1995
1749 -1189
1746 1805
1743 1078
1740 1575
1737 -1013
1734 -763
1731 401
1728 -879
1725 -1177
1722 390
1719 -175
1716 1904
1713 800
1710 -1656
1707 906
1704 1991
1701 -968
1698 -1766
1695 -352
1692 689
1689 331
1686 1308
1683 -2027
1680 189
1677 -493
1674 -304
1671 -161
1668 -101
1665 -1974
1662 -821
1659 -827
1656 1660
1653 690
1650 1912
1647 474
1644 1752
1641 -2040
1638 583
1635 -155
1632 336
1629 -807
1626 110
1623 776
1620 410
1617 -906
1614 -1259
1611 130
1608 -1508
1605 1817
1602 -1273
1599 -1067
1596 -1158
1593 -791
1590 1892
1587 -1560
1584 -989
1581 -124
1578 1304
1575 -1206
1572 1474
1569 -1001
1566 -980
1563 1439
1560 1190
1557 -1633
1554 1796
1551 645
1548 740
1545 -1999
1542 -719
1539 1318
1536 1051
1533 1566
1530 1809
1527 1971
1524 419
1521 -272
1518 1534
1515 -321
1512 1491
1509 -735
1506 1026
1503 1563
1500 1919
1497 -1462
1494 -1845
1491 1352
1488 -1296
1485 -585
1482 865
1479 -879
1476 1077
1473 -1748
1470 -1997
1467 -1261
1464 1512
1461 582
1458 -482
1455 1997
1452 -413
1449 -38
1446 -1761
1443 1738
1440 -700
1437 846
1434 -1547
1431 447
1428 62
1425 682
1422 1802
1419 544
1416 1760
1413 -1865
1410 443
1407 -788
1404 -786
1401 1831
1398 985
1395 459
1392 600
1392 BOTTOMOFSTACK

2013 1527
2010 558
2007 2007
2004 -1726
2001 807
1998 1917
1995 -279
1992 691
1989 1610
1986 -2044
1983 -1775
1980 1100
1977 -1375
1974 1621
1971 -1910
1968 -17
1965 -23
1962 -844
1959 -575
1956 -1832
1953 -837
1950 -925
1947 676
1947 BOTTOMOFSTACK

2019 373
2016 711
2013 2013
2010 815
2007 -1825
2004 1778
2001 -1525
1998 1766
1995 -653
1992 -1905
1989 128
1986 342
1983 -1989
1980 586
1977 -1942
1974 -1095
1971 1052
1968 -919
1965 525
1962 1252
1959 -998
1956 -1232
1953 -1816
1950 1720
1947 -111
1944 -301
1941 -945
1938 -1690
1935 -950
1932 -460
1929 -806
1926 -1168
1923 1253
1920 -799
1917 2042
1914 -1174
1911 -711
1908 -1098
1905 -424
1902 896
1899 385
1896 1105
1893 -1752
1890 89
1887 -1333
1884 -102
1881 -1717
1878 -1746
1875 -1678
1872 -1401
1869 969
1866 -1974
1863 1804
1860 91
1857 -1705
1854 417
1851 861
1848 -929
1845 -895
1842 824
1839 1897
1836 945
1833 298
1833 BOTTOMOFSTACK

2049 772
2046 406
2043 564
2040 903
2037 2037
2034 2011
2031 -1515
2028 571
2025 -324
2022 -162
2019 2002
2016 -827
2013 -790
2010 620
2007 -9
2004 100
2001 153
1998 -1367
1995 814
1992 -2016
1989 -1627
1986 1279
1983 1932
1980 490
1977 1071
1974 1608
1971 1782
1968 -1484
1965 -673
1962 1917
1959 -1148
1956 -1885
1953 1499
1950 -1762
1947 -1048
1944 583
1941 -372
1938 -8
1935 481
1932 943
1929 -1963
1926 484
1926 BOTTOMOFSTACK

2007 369
2004 156
2001 1059
1998 1998
1995 1114
1992 1594
1989 1992
1986 1659
1983 945
1980 -1359
1977 1147
1974 1655
1971 1123
1968 -687
1965 237
1962 1540
1959 389
1956 131
1953 351
1950 1331
1947 -1159
1944 -915
1941 438
1938 1132
1935 -204
1932 -1936
1929 1439
1926 242
1923 1218
1920 -1419
1917 8
1914 -1737
1911 738
1908 -352
1905 573
1902 468
1899 -1426
1896 889
1893 -1200
1890 -1180
1887 51
1884 -1856
1881 1407
1878 1357
1875 229
1872 756
1869 -235
1866 -755
1863 -66
1860 1270
1857 15
1854 -1786
1851 -1061
1848 -1490
1845 1261
1842 1677
1839 -1511
1836 -885
1833 -752
1830 1594
1827 1961
1824 1427
1821 -1932
1818 1956
1815 -478
1812 1206
1809 830
1809 BOTTOMOFSTACK

