2025 1786
2022 1226
2019 2
2016 2016
2013 989
2010 -184
2007 1411
2004 1460
2001 -1399
1998 -870
1995 1803
1992 -1708
1989 -1311
1986 -471
1983 1089
1980 -1881
1977 -920
1974 -1661
1971 -740
1968 1882
1965 -268
1962 247
1959 -1480
1956 -272
1953 1056
1950 -1766
1947 371
1944 1472
1941 -1442
1938 1169
1935 -1586
1932 385
1929 -919
1926 -1950
1923 -911
1920 -40
1917 1848
1914 246
1911 805
1908 283
1905 -1529
1902 1212
1899 652
1896 -642
1893 -1240
1890 479
1887 -1791
1884 -576
1881 -1767
1878 -1295
1875 1830
1872 -726
1869 359
1866 -793
1863 -1265
1860 -217
1857 -818
1854 -1864
1851 1480
1848 877
1845 -1537
1842 -921
1839 -125
1836 1231
1833 1997
1830 -1064
1827 217
1824 394
1821 339
1818 -553
1815 419
1812 -205
1809 -2047
1806 -1743
1803 312
1800 1110
1797 1402
1794 1582
1791 586
1788 543
1785 -692
1782 -1124
1779 1497
1776 1006
1773 122
1770 1215
1767 1992
1764 961
1761 -1086
1758 -1430
1755 936
1752 2006
1749 594
1746 1992
1743 -771
1740 -539
1737 1110
1734 1224
1731 -1078
1728 -1146
1725 1152
1722 1102
1719 1736
1716 1663
1713 -1716
1710 -1536
1710 BOTTOMOFSTACK

2019 820
2016 1355
2013 794
2010 159
2007 2007
2004 117
2001 -1708
1998 -1995
1995 -454
1992 1578
1989 -267
1986 -393
1983 750
1980 -2032
1977 -1346
1974 -157
1971 -238
1968 -1581
1965 -837
1962 -851
1959 926
1956 -1657
1953 -571
1950 -1309
1947 840
1944 1008
1941 321
1938 1700
1935 571
1932 -1351
1929 1411
1926 -402
1923 1696
1920 1764
1917 -1251
1914 -1694
1911 779
1908 709
1905 1059
1902 1944
1899 -975
1896 -1940
1893 2035
1890 -960
1887 -1428
1884 982
1881 622
1878 -1242
1875 -1090
1872 -629
1869 430
1866 -580
1863 -711
1860 -348
1857 -1117
1854 648
1851 1308
1848 31
1845 -1542
1842 1885
1839 -359
1836 -1364
1833 -11
1830 1196
1827 117
1824 268
1821 1832
1818 -1817
1815 1623
1812 -782
1809 126
1806 893
1803 906
1800 -514
1797 183
1794 -1214
1791 1652
1788 -692
1785 1120
1782 -1480
1779 928
1776 -1062
1773 114
1770 -926
1767 -935
1764 693
1761 -1308
1758 659
1755 -1058
1752 -2039
1749 -1700
1746 -626
1743 -1894
1740 762
1737 -879
1734 -309
1731 331
1728 -690
1725 831
1722 1262
1719 1080
1716 502
1713 -1195
1710 -1793
1707 -1576
1704 1267
1701 1837
1698 -1217
1695 -93
1692 1112
1689 1352
1686 -784
1683 1654
1680 -557
1677 -576
1674 1656
1671 1276
1668 -448
1665 -1740
1662 1497
1659 -1750
1656 903
1653 -1263
1650 499
1647 -950
1644 -1841
1641 1253
1638 1757
1635 -1524
1632 -1746
1629 -255
1626 256
1626 BOTTOMOFSTACK

2016 1741
2013 986
2010 41
2007 1875
2004 315
2001 2001
1998 271
1995 -15
1992 687
1989 -461
1986 -67
1983 -262
1980 13
1977 -1528
1974 834
1971 1287
1968 1849
1965 -862
1962 689
1959 911
1956 -425
1953 -614
1950 -1844
1947 -1419
1944 -226
1941 495
1938 937
1935 -1262
1932 1214
1929 1752
1926 398
1923 565
1920 -1614
1917 1905
1914 -1783
1911 819
1908 -1541
1905 -1286
1902 1128
1899 1729
1896 -1609
1893 -577
1890 -1440
1887 1332
1884 913
1881 -1426
1878 500
1875 -1189
1872 1406
1869 -2037
1866 -4
1863 -447
1860 1554
1857 -211
1854 -1077
1851 -1964
1848 957
1845 961
1842 559
1839 1519
1836 -838
1833 846
1830 658
1827 493
1824 -1494
1821 -291
1818 -1026
1815 833
1812 1508
1809 404
1806 -650
1803 -7
1800 2037
1797 1819
1794 977
1791 1572
1788 -897
1785 -489
1782 49
1779 294
1776 -1786
1773 -1630
1770 120
1767 -880
1764 -945
1761 -1421
1758 680
1755 -1232
1752 -656
1749 -257
1746 -699
1743 -855
1740 152
1737 -1715
1734 -1803
1731 272
1728 1568
1725 1255
1722 -1804
1719 870
1716 288
1713 -2042
1710 989
1707 -1002
1704 -115
1701 -841
1698 -505
1695 1922
1692 1130
1689 -165
1686 -164
1683 -567
1680 -1833
1677 1954
1674 1517
1671 1544
1668 1505
1665 -1751
1662 -901
1659 -1635
1656 -1979
1653 1279
1650 9
1647 -1097
1644 -1700
1641 499
1638 -598
1635 1171
1632 -126
1629 1924
1626 -1051
1623 606
1620 1805
1617 -1596
1614 1341
1611 825
1608 1177
1605 -1188
1602 -1876
1599 406
1596 1448
1593 205
1590 550
1587 1640
1584 1128
1581 1345
1578 1888
1575 -614
1572 923
1569 -654
1566 -346
1563 846
1560 1660
1557 -1341
1554 -1332
1551 227
1548 1505
1545 -195
1542 966
1539 1664
1536 -1900
1533 1806
1530 746
1527 -37
1524 -1391
1521 689
1518 -1014
1515 -118
1512 -1812
1509 1089
1506 -869
1503 -901
1500 -1037
1497 -1241
1494 -1602
1491 -1384
1488 -1810
1488 BOTTOMOFSTACK

2028 364
2025 655
2022 953
2019 1473
2016 477
2013 2013
2010 1414
2007 844
2004 218
2001 424
1998 -1510
1995 1232
1992 -1747
1989 -550
1986 -1989
1983 -1969
1980 -1421
1977 1634
1974 -459
1971 -1610
1968 -692
1965 669
1962 1835
1959 1234
1956 -488
1953 1658
1950 877
1947 1052
1944 -172
1941 -1756
1938 -1120
1935 -1901
1932 -1107
1929 293
1926 -1173
1923 -1525
1920 -680
1917 1655
1914 1423
1911 -541
1908 -708
1905 -2023
1902 -1670
1899 985
1896 -1524
1893 818
1890 -257
1887 -1748
1884 1095
1881 1089
1878 -254
1875 -1337
1872 1219
1869 1471
1866 1639
1863 1368
1860 1124
1857 1565
1854 309
1851 1487
1848 -1145
1845 -1945
1842 91
1839 278
1836 -1913
1833 -1398
1830 2018
1827 -252
1824 -1705
1821 -173
1818 -559
1815 -868
1812 -299
1809 -690
1806 -847
1803 -1755
1800 -1190
1797 -417
1794 -1412
1791 1652
1788 1679
1785 -1673
1782 -1152
1779 -429
1776 1188
1773 1863
1770 538
1767 -89
1764 -74
1761 -157
1758 1367
1755 -1766
1752 1710
1749 862
1746 925
1743 -1250
1740 322
1737 385
1734 111
1731 907
1728 1898
1725 -595
1722 -1927
1719 -594
1716 -407
1713 1082
1710 1997
1707 -1285
1704 -1317
1701 904
1698 -813
1695 2023
1692 711
1689 1925
1686 -44
1683 -129
1680 579
1677 1432
1674 1881
1671 -1852
1668 422
1665 -83
1662 1042
1659 1813
1656 -1338
1653 -8
1650 496
1647 -1669
1644 -1056
1641 -1025
1638 -1811
1635 -822
1632 -1384
1629 -688
1626 -475
1623 1013
1620 -1492
1617 344
1614 -923
1611 1953
1608 1770
1605 1408
1602 -434
1599 1802
1596 1649
1593 1502
1590 716
1587 1718
1584 799
1581 1419
1578 -921
1575 -1974
1572 1060
1569 -804
1566 544
1563 2039
1560 514
1557 1603
1554 -1068
1551 1766
1548 -1328
1548 BOTTOMOFSTACK

