2013 812
2010 223
2007 30
2004 2004
2001 207
1998 -995
1995 -1969
1992 1182
1989 982
1986 -727
1983 -206
1980 -877
1977 1832
1974 811
1971 451
1968 171
1965 1508
1962 1873
1959 1388
1956 -918
1953 -205
1950 -1087
1947 -323
1944 931
1941 -528
1938 -186
1935 1170
1932 24
1929 216
1926 -1140
1923 -457
1920 593
1917 -266
1914 967
1911 1645
1908 1276
1905 1597
1902 -1343
1899 -704
1896 -762
1893 -519
1890 -1577
1887 -1401
1884 -1841
1881 1210
1878 -36
1875 -115
1872 -1649
1869 1930
1866 2029
1863 1927
1860 189
1857 349
1854 -765
1851 459
1848 1396
1845 -1711
1842 -1638
1842 BOTTOMOFSTACK

2046 1771
2043 231
2040 2040
2037 1351
2034 -1774
2031 369
2028 401
2025 -103
2022 -474
2019 -1110
2016 1176
2013 -1588
2010 -705
2007 85
2004 1693
2001 -1207
1998 390
1995 1258
1992 -1440
1989 1108
1986 1621
1983 -842
1980 1096
1977 -1749
1974 -1951
1971 1935
1968 -2038
1965 1384
1962 -1927
1959 -1468
1956 1656
1953 1797
1950 -1292
1947 1177
1944 -973
1941 1901
1938 -1140
1935 -1993
1932 1544
1929 -1235
1926 1154
1923 -577
1920 -624
1917 -39
1914 813
1911 -1837
1908 -973
1905 126
1902 1360
1899 -1738
1896 -1649
1893 46
1890 -1338
1887 -934
1884 -543
1881 -719
1878 1025
1875 1054
1872 -320
1869 -1432
1866 -23
1863 1258
1860 892
1857 605
1854 -1168
1851 265
1848 274
1845 1570
1842 -331
1839 1981
1836 1869
1833 1667
1830 -366
1827 -1933
1824 1833
1821 1205
1818 -1469
1815 -1002
1812 227
1809 1705
1806 -393
1803 1161
1800 1943
1797 148
1794 -1403
1791 -787
1788 738
1785 -1564
1782 -350
1779 1369
1776 -1401
1773 -1086
1770 -1116
1767 -1648
1764 -1057
1761 1910
1758 1230
1755 310
1752 1014
1749 1692
1746 1275
1743 -1309
1740 734
1737 374
1734 -245
1731 -676
1728 1768
1725 -605
1722 -1547
1719 -479
1716 622
1713 -2019
1710 -102
1707 84
1704 1830
1701 45
1698 1936
1695 999
1692 1028
1689 -1341
1686 -1018
1683 1378
1680 -1920
1677 873
1674 1416
1671 -1900
1668 787
1665 -553
1662 688
1659 1387
1656 1639
1653 -1276
1650 811
1647 -138
1644 860
1641 1807
1638 1852
1635 -1426
1632 -64
1632 BOTTOMOFSTACK

2043 362
2040 746
2037 113
2034 1416
2031 429
2028 2028
2025 -419
2022 459
2019 257
2016 1751
2013 -201
2010 -1834
2007 47
2004 1851
2001 -970
1998 172
1995 38
1992 -90
1989 -830
1986 -85
1983 1491
1980 -498
1977 501
1974 -868
1971 -1167
1968 -374
1965 -1938
1962 -1168
1959 648
1956 1531
1953 746
1950 -634
1947 262
1944 -801
1941 1583
1938 1336
1935 -1159
1932 321
1929 -856
1926 1344
1923 377
1920 1051
1917 -614
1914 -2028
1911 1650
1908 -497
1905 1333
1902 -852
1899 1984
1896 1347
1893 949
1890 -1125
1887 1952
1884 595
1881 -42
1878 813
1875 93
1872 -1935
1869 -1428
1866 -535
1863 958
1860 -1860
1857 -1806
1854 699
1851 -1363
1848 -1573
1845 -40
1842 -167
1839 1070
1836 -376
1833 -688
1830 -1859
1827 1691
1824 -1340
1821 -1991
1818 -1502
1815 -1815
1812 127
1809 411
1806 -947
1803 -507
1800 1779
1797 -283
1794 1796
1791 818
1788 1650
1785 -730
1782 587
1779 -2015
1776 -966
1773 374
1770 387
1767 1284
1764 354
1761 2013
1758 996
1755 -867
1752 141
1749 -1794
1746 -1255
1743 1939
1740 1476
1737 669
1734 -1184
1731 -954
1728 -419
1725 -35
1722 1646
1719 -1732
1716 -1428
1713 -875
1710 1342
1707 -1848
1704 -1222
1701 1577
1698 -1814
1695 448
1692 -1712
1689 248
1686 1625
1683 1559
1680 437
1677 1737
1674 -1779
1671 -228
1668 -1221
1665 -954
1662 372
1659 451
1656 -242
1653 -463
1650 1588
1647 290
1644 1629
1641 489
1638 116
1635 -1668
1632 1910
1629 -603
1626 -1397
1623 347
1620 -1217
1617 2046
1614 -1772
1611 -1872
1608 1351
1605 -545
1602 -1116
1599 -1300
1596 1710
1593 1005
1590 -1789
1587 -2025
1584 2008
1581 -333
1578 1576
1575 -1841
1572 -1845
1569 1254
1566 -517
1563 -221
1560 -571
1557 1102
1554 -1707
1551 1501
1548 -1073
1545 -605
1542 668
1539 -948
1536 -1187
1533 1739
1530 1908
1527 -1545
1524 1209
1521 613
1518 580
1515 -1819
1512 -1497
1509 1914
1506 1129
1506 BOTTOMOFSTACK

2019 846
2016 630
2013 2013
2010 654
2007 -1806
2004 -239
2001 1248
1998 -1445
1995 16
1992 -942
1989 -1088
1986 38
1983 887
1980 1211
1977 -1969
1974 -870
1971 593
1968 1088
1965 -1692
1962 -1539
1959 -1538
1956 1044
1953 -1426
1950 236
1947 -71
1944 816
1941 -1333
1938 1390
1935 744
1932 600
1929 -1486
1926 663
1923 -1811
1920 -243
1917 1802
1914 521
1911 970
1908 77
1905 1492
1902 1692
1899 1658
1896 -478
1893 672
1890 1645
1887 1818
1884 -1307
1881 1241
1878 -511
1875 1480
1872 -488
1869 1956
1866 681
1863 1304
1860 1363
1857 -868
1854 690
1851 1230
1848 66
1845 -1587
1842 175
1839 -1597
1836 1124
1833 1759
1830 886
1827 2042
1824 756
1821 -964
1818 1255
1815 -302
1812 -1223
1809 -1849
1806 -966
1803 -477
1800 -1847
1797 731
1794 -219
1791 -1920
1788 1891
1785 1598
1782 438
1779 1692
1776 1720
1773 1368
1770 507
1767 -891
1764 201
1761 -1422
1758 -1842
1755 -1473
1752 667
1749 -1106
1746 -505
1743 1406
1740 -714
1737 462
1734 -611
1731 699
1728 -51
1725 1126
1722 -1984
1719 -92
1716 -1550
1713 1231
1710 -1194
1707 -207
1704 -847
1701 -1195
1698 -1129
1695 -2
1692 1782
1689 633
1686 964
1683 114
1680 763
1677 1682
1674 -1129
1671 -1609
1668 -538
1665 -661
1662 1551
1659 1038
1656 604
1653 -259
1650 -52
1647 -878
1644 -2028
1641 708
1638 973
1635 -1439
1632 1862
1629 1911
1626 394
1623 -1327
1620 -942
1617 1866
1614 718
1611 -555
1608 1773
1605 815
1602 -702
1599 -1513
1596 -1586
1593 889
1590 -1801
1587 879
1584 -280
1581 592
1578 1683
1575 1827
1572 709
1569 1899
1566 86
1563 1142
1560 477
1557 1547
1554 -1254
1551 -1608
1548 965
1545 -1702
1542 953
1539 -355
1536 656
1533 -1836
1530 1979
1527 -391
1527 BOTTOMOFSTACK

