2031 949
2028 521
2025 12
2022 2022
2019 1389
2016 -1126
2013 203
2010 -1854
2007 -1802
2004 -289
2001 1177
1998 1077
1995 830
1992 -836
1989 -600
1986 -1484
1983 1414
1980 1590
1977 1046
1974 1505
1971 -1718
1968 -1545
1965 306
1962 841
1959 784
1956 -700
1953 -1525
1950 -851
1947 685
1944 43
1941 -1728
1938 -958
1935 -1385
1932 755
1929 -1010
1926 52
1923 -154
1920 29
1917 -2018
1914 -363
1911 1970
1908 -329
1905 -416
1902 -257
1899 -1402
1896 1339
1893 1236
1890 1917
1887 1243
1884 -651
1881 711
1878 692
1875 -754
1872 762
1869 416
1866 -2039
1863 1508
1860 1730
1857 654
1854 1676
1851 310
1848 -106
1845 1516
1842 322
1839 1131
1836 61
1833 699
1830 -229
1827 1198
1824 -270
1821 1230
1818 -397
1815 -60
1812 1561
1809 1404
1806 -204
1803 -1765
1800 -1546
1797 70
1794 613
1791 -1599
1788 167
1785 935
1782 -225
1779 -1201
1776 -1464
1773 79
1770 1568
1767 1259
1764 -912
1761 -1749
1758 1613
1755 1732
1752 -1618
1749 -823
1746 722
1743 138
1740 1119
1737 -583
1734 1412
1731 1681
1728 -1534
1725 -1715
1722 563
1719 -726
1716 342
1713 -251
1710 -1241
1707 1078
1704 218
1701 1382
1698 -700
1695 246
1692 -964
1689 1536
1689 BOTTOMOFSTACK

2040 270
2037 40
2034 171
2031 2031
2028 534
2025 1359
2022 -754
2019 1958
2016 -869
2013 1310
2010 -1494
2007 2
2004 528
2001 1376
1998 1049
1995 -768
1992 -1773
1989 -425
1986 -1578
1983 1111
1980 -1988
1977 1024
1974 -1453
1971 -705
1968 -1554
1965 -1770
1962 1511
1959 -249
1956 994
1953 1218
1950 1974
1947 441
1944 766
1941 -1782
1938 202
1935 186
1932 1993
1929 926
1926 1336
1923 1743
1920 -315
1917 1442
1914 1281
1911 219
1908 603
1905 -738
1902 1316
1899 345
1896 -1361
1893 1434
1890 133
1887 -1104
1884 -295
1881 506
1878 1264
1875 2043
1872 -366
1869 200
1866 -1421
1863 -725
1860 -127
1857 1033
1854 -465
1851 -1003
1848 -1944
1845 -24
1842 -961
1839 -1861
1836 1561
1833 -1934
1830 -1677
1830 BOTTOMOFSTACK

2049 367
2046 877
2043 1301
2040 922
2037 330
2034 2034
2031 674
2028 1842
2025 -381
2022 -956
2019 -1123
2016 -2007
2013 -1052
2010 -1259
2007 134
2004 1989
2001 1817
1998 1117
1995 -243
1992 1605
1989 -260
1986 -1197
1983 643
1980 -1101
1977 1684
1974 436
1971 1518
1968 -666
1965 550
1962 -403
1959 -1735
1956 -871
1953 601
1950 1286
1947 -113
1944 -1257
1941 421
1938 -2009
1935 -766
1932 1682
1929 -1026
1926 -1000
1923 -1140
1920 1695
1917 -1353
1914 1494
1911 615
1908 -575
1905 790
1902 -1836
1899 799
1896 -161
1893 -100
1890 -415
1887 -601
1884 181
1881 737
1878 -1734
1875 1699
1872 -422
1869 -1970
1866 1670
1863 -410
1860 854
1857 2006
1854 1934
1851 -630
1848 247
1845 820
1842 865
1839 -763
1836 -217
1833 -1037
1830 -1207
1827 529
1824 346
1821 1774
1818 1050
1815 -1943
1812 145
1809 -510
1806 705
1803 -1922
1800 1605
1797 -1930
1794 -1777
1791 -718
1788 -541
1785 679
1782 1330
1779 652
1776 2029
1773 706
1770 -396
1767 845
1764 1123
1761 298
1758 -370
1755 1754
1752 -1599
1749 -848
1746 -1179
1743 986
1740 1872
1737 -1803
1734 -84
1731 -1415
1728 679
1725 -2030
1722 1675
1719 1125
1716 -1553
1713 -945
1710 -1119
1707 -1247
1704 1060
1701 -195
1698 -1489
1695 -395
1692 1513
1689 1691
1686 1020
1683 -98
1680 -1154
1677 1418
1674 -1426
1671 679
1668 692
1665 1859
1662 -1018
1659 565
1656 -80
1653 -1977
1650 -1691
1647 1011
1644 2025
1641 -1252
1638 397
1635 -212
1632 1772
1629 711
1626 -981
1623 -1546
1620 -686
1617 -1659
1614 -766
1611 71
1608 154
1605 -182
1602 -690
1599 2030
1596 1782
1593 -370
1590 -1976
1587 -546
1584 -1869
1581 -761
1578 736
1575 90
1572 176
1569 515
1566 -1212
1563 759
1560 620
1557 527
1554 1494
1551 -1818
1548 1180
1545 842
1542 282
1539 635
1536 683
1533 286
1530 1652
1527 -1490
1524 1774
1521 -1972
1518 -257
1515 -283
1512 744
1509 -656
1509 BOTTOMOFSTACK

2052 1314
2049 1667
2046 1364
2043 1374
2040 528
2037 2037
2034 -522
2031 -592
2028 -686
2025 148
2022 432
2019 1159
2016 -90
2013 17
2010 600
2007 708
2004 -54
2001 1310
1998 1439
1995 -2010
1992 -1961
1989 505
1986 1701
1983 -1598
1980 -690
1977 356
1974 -1538
1971 1885
1968 -1724
1965 693
1962 244
1959 -337
1956 1035
1953 -1736
1950 1293
1947 -849
1944 1465
1941 -1019
1938 -1537
1935 1513
1932 1785
1929 587
1926 53
1923 -1645
1920 1923
1917 409
1914 1907
1911 -198
1908 1505
1905 1341
1902 101
1899 -1786
1896 1821
1893 -1879
1890 -1136
1887 1205
1884 -896
1881 1599
1878 559
1875 54
1872 1057
1869 -1584
1866 1425
1863 1601
1860 -2007
1857 -1753
1854 280
1851 1154
1848 -533
1845 -125
1842 1458
1839 -1070
1836 -726
1833 -207
1830 481
1827 1573
1824 -831
1821 -1262
1818 -1532
1815 1234
1812 206
1809 -2007
1806 294
1803 1633
1800 -1901
1797 -708
1794 238
1791 -1425
1788 1590
1785 -7
1782 -1834
1779 912
1776 -969
1773 -1306
1770 1594
1767 -1177
1764 1392
1761 413
1758 869
1755 628
1752 -1142
1752 BOTTOMOFSTACK

2043 749
2040 1926
2037 1117
2034 26
2031 684
2028 2028
2025 514
2022 -1149
2019 -1649
2016 -1184
2013 1258
2010 -1392
2007 864
2004 -437
2001 -1805
1998 1127
1995 1038
1992 -1774
1989 1586
1986 999
1983 -1976
1980 -820
1977 682
1974 1489
1971 -577
1968 632
1965 234
1962 -305
1959 345
1956 -1915
1953 831
1950 647
1947 -1014
1944 -1299
1941 -815
1938 1396
1935 1295
1932 476
1929 1677
1929 BOTTOMOFSTACK

2028 18
2025 900
2022 862
2019 864
2016 2016
2013 886
2010 910
2007 752
2004 812
2001 -398
1998 -1652
1995 859
1992 -44
1989 678
1986 914
1983 1893
1980 665
1977 -924
1974 -1331
1971 -1338
1968 1500
1965 379
1962 -1264
1959 416
1956 394
1953 -2021
1950 -1635
1947 -580
1944 -239
1941 -433
1938 -551
1935 1669
1932 1232
1929 -1247
1926 1870
1923 527
1920 1587
1917 -632
1914 -2041
1911 -1105
1908 -961
1905 1014
1902 1544
1899 -1721
1896 -191
1893 -1249
1890 -1133
1887 -1455
1884 653
1881 1558
1878 -1146
1875 -513
1872 308
1869 -1361
1866 1095
1863 2046
1860 731
1857 105
1854 -229
1851 308
1848 1251
1845 1144
1842 193
1839 -2047
1836 -842
1833 1618
1830 -155
1827 1731
1824 1668
1821 662
1818 413
1815 1553
1812 1335
1809 1125
1806 452
1803 -1670
1800 -1889
1797 905
1794 864
1791 -1599
1788 -491
1785 -1019
1782 -1607
1779 -772
1776 714
1773 -1584
1770 -1910
1767 1888
1764 1416
1761 -839
1758 1970
1755 296
1752 -72
1749 2026
1746 444
1743 -1970
1740 1419
1737 -1508
1734 -163
1731 -783
1728 -1710
1725 1076
1722 751
1719 662
1716 -1727
1713 1381
1710 924
1707 1272
1704 174
1701 -1083
1698 1553
1695 -932
1692 -1646
1689 -317
1686 715
1683 -136
1680 2013
1677 562
1674 -1070
1671 -234
1668 -1350
1665 -183
1662 -599
1659 665
1656 1994
1653 -1023
1650 1823
1647 -1824
1644 1634
1641 1911
1638 -674
1635 -1850
1632 -1664
1629 905
1626 991
1623 1211
1620 -105
1617 -1367
1614 168
1611 1276
1608 1269
1605 533
1602 1238
1599 1944
1596 427
1593 586
1593 BOTTOMOFSTACK

2034 43
2031 1353
2028 1023
2025 2025
2022 852
2019 -1867
2016 -1861
2013 487
2010 -1696
2007 1513
2004 -1662
2001 -262
1998 -1696
1995 311
1992 1129
1989 -51
1986 304
1983 1583
1980 1909
1977 -1962
1974 14
1971 -1036
1968 -1547
1965 369
1962 -479
1959 51
1956 -1035
1953 -73
1950 -399
1947 1600
1944 -357
1941 2023
1938 1598
1935 1793
1932 1883
1929 -378
1926 -791
1923 1371
1920 -2015
1917 -680
1917 BOTTOMOFSTACK

2019 1525
2016 449
2013 512
2010 1185
2007 2007
2004 233
2001 1321
1998 39
1995 25
1992 -360
1989 -1852
1986 -290
1983 -1384
1980 273
1977 -1822
1974 -1728
1971 1371
1968 -1043
1965 900
1962 -1434
1959 747
1956 -1343
1953 -110
1950 348
1947 163
1944 -1450
1941 -677
1938 553
1935 -1179
1932 -1543
1929 -1629
1926 1882
1923 1743
1920 1897
1917 424
1917 BOTTOMOFSTACK

2028 465
2025 1356
2022 2022
2019 -330
2016 573
2013 -1087
2010 -1204
2007 -557
2004 1440
2001 1086
1998 997
1995 792
1992 1517
1989 -354
1986 2
1983 -1110
1980 1391
1977 -258
1974 1702
1971 -1215
1968 -1116
1965 1528
1962 1360
1959 -535
1956 703
1953 307
1950 -566
1947 -1348
1944 389
1941 -1907
1938 -18
1935 1673
1932 -524
1929 -897
1926 1256
1923 1469
1920 91
1917 1065
1914 1909
1911 1614
1908 1573
1908 BOTTOMOFSTACK

2013 1787
2010 482
2007 1500
2004 929
2001 1509
1998 1998
1995 1121
1992 1637
1989 68
1986 1399
1983 805
1980 -377
1977 1387
1974 -954
1971 -788
1968 -1699
1965 1748
1962 -2028
1959 1820
1956 1545
1953 -1600
1950 64
1947 -734
1944 -1146
1941 -1223
1938 -420
1935 -133
1932 479
1929 -1153
1926 -1583
1923 -258
1920 1041
1917 -1055
1914 -1168
1911 1130
1908 -1262
1905 -1385
1902 -831
1899 650
1896 -310
1893 -1545
1890 941
1887 873
1884 1279
1881 -1622
1878 -182
1875 -1073
1872 1699
1869 -1654
1866 263
1863 638
1860 -839
1857 -625
1854 413
1851 -748
1848 472
1845 1031
1842 2018
1839 1095
1836 868
1833 -980
1830 -217
1827 617
1824 347
1821 -654
1818 330
1815 397
1812 1056
1812 BOTTOMOFSTACK

