2019 1691
2016 23
2013 2013
2010 -1509
2007 760
2004 1385
2001 1597
1998 -731
1995 -420
1992 -1859
1989 210
1986 1379
1983 823
1980 1560
1977 -999
1974 -962
1971 1699
1968 -1224
1965 -1606
1962 -1892
1959 964
1956 1840
1953 -1911
1950 591
1947 1694
1944 -1424
1941 -1668
1938 -3
1935 521
1932 -626
1929 584
1926 -147
1923 1080
1920 2004
1917 -1839
1914 533
1911 -1269
1908 1972
1905 329
1902 -178
1899 -1627
1896 -1155
1893 -1957
1890 -1780
1887 -1865
1884 -668
1881 1884
1878 911
1875 164
1872 214
1869 -1428
1866 -943
1863 820
1860 -1038
1857 1166
1854 680
1851 1738
1848 -1130
1845 -1978
1842 -1141
1839 -200
1836 535
1833 -704
1830 1719
1827 1793
1824 676
1821 -156
1818 931
1815 796
1812 -770
1809 398
1806 1599
1803 -957
1800 -1097
1797 -265
1794 421
1791 -65
1788 796
1785 469
1782 -1090
1779 -1232
1776 -1163
1773 -172
1770 1873
1767 145
1764 119
1761 -2017
1758 593
1755 -519
1752 492
1749 -939
1746 1071
1746 BOTTOMOFSTACK

