2028 762
2025 121
2022 1943
2019 11
2016 2016
2013 1783
2010 318
2007 -1375
2004 822
2001 1845
1998 879
1995 -1642
1992 -781
1989 1643
1986 1461
1983 -1620
1980 1078
1977 -1196
1974 1451
1971 -1524
1968 -1395
1965 -1370
1962 -767
1959 -168
1956 -1785
1953 2005
1950 748
1947 -1256
1944 1000
1941 -392
1938 1206
1935 -50
1932 544
1929 1118
1926 -2046
1923 1557
1920 -1240
1917 -63
1914 -1876
1911 -343
1908 -1998
1905 -1872
1902 -1684
1899 -1392
1896 455
1893 1748
1890 -975
1887 -993
1884 -1886
1881 -482
1878 -1629
1875 -280
1872 -1829
1869 1092
1866 -1324
1863 -79
1860 -657
1857 -149
1854 865
1851 669
1848 1023
1845 1421
1842 -1591
1839 323
1836 389
1833 1408
1830 -507
1827 1054
1824 -1033
1821 -849
1818 1880
1815 1972
1812 1556
1809 343
1806 93
1803 363
1800 1062
1797 -533
1794 172
1791 -1785
1788 1444
1785 -1199
1782 1598
1779 1456
1776 594
1776 BOTTOMOFSTACK

2025 1402
2022 1955
2019 924
2016 201
2013 2013
2010 -1974
2007 -1438
2004 -499
2001 -32
1998 -1114
1995 -32
1992 1419
1989 -489
1986 -2032
1983 -1205
1980 -1852
1977 529
1974 -869
1971 57
1968 -921
1965 -1627
1962 424
1959 -1513
1956 -62
1953 -796
1950 755
1947 -79
1944 -1906
1941 -738
1938 -704
1935 594
1932 1759
1929 -1547
1926 -1357
1923 -1412
1920 188
1917 262
1914 1542
1911 114
1908 -801
1905 -1334
1902 -1363
1899 814
1896 31
1893 129
1890 1888
1887 25
1884 2029
1884 BOTTOMOFSTACK

2019 824
2016 100
2013 559
2010 381
2007 2007
2004 -1089
2001 -2003
1998 -718
1995 -458
1992 -1980
1989 -1553
1986 1967
1983 -1585
1980 1056
1977 979
1974 -155
1971 323
1968 -39
1965 -1573
1962 -1951
1959 -872
1956 939
1953 -901
1950 -1730
1947 982
1944 -1407
1941 223
1938 -1394
1935 1197
1932 195
1929 -315
1926 1801
1923 -749
1920 404
1917 -340
1914 1222
1911 1904
1908 -1621
1905 -1348
1902 1970
1899 1315
1896 -675
1893 -1537
1890 1319
1887 -1495
1884 1259
1881 -873
1878 -902
1875 -719
1872 -851
1869 1061
1866 860
1863 1517
1860 120
1857 -94
1854 1065
1851 1222
1848 41
1845 848
1842 -636
1839 238
1836 1743
1833 -124
1830 2002
1827 265
1824 -1039
1821 -527
1818 -1236
1815 1621
1812 -1848
1809 455
1806 -1815
1803 -974
1800 -1585
1797 1005
1794 -160
1791 44
1788 400
1785 -1738
1782 580
1779 2019
1776 479
1773 500
1770 723
1767 1734
1764 -1699
1761 -38
1758 592
1755 577
1752 -1816
1749 1860
1746 1697
1743 -533
1740 237
1737 999
1734 -1460
1731 -1048
1728 -1316
1725 -493
1722 -2035
1719 6
1716 -1731
1713 -1773
1710 1720
1707 1415
1704 -980
1701 988
1698 1231
1695 524
1692 1647
1689 349
1686 693
1683 -1602
1680 -1200
1677 1364
1674 14
1671 1457
1668 -238
1665 618
1662 828
1659 1166
1656 -356
1653 841
1650 573
1647 1093
1644 1576
1641 1139
1638 795
1635 1528
1632 -1217
1629 151
1626 -1768
1623 362
1620 286
1617 -794
1614 806
1611 -1517
1608 -3
1605 -1081
1602 1673
1599 872
1596 -155
1593 -975
1590 -1316
1587 765
1584 233
1581 -1671
1578 997
1575 1175
1572 381
1569 -1422
1566 517
1563 -915
1560 -52
1557 -1083
1554 -1113
1551 -174
1548 1151
1545 397
1542 -1649
1539 1973
1536 1610
1533 1322
1530 1492
1527 1671
1524 1303
1521 -928
1518 -1339
1515 -114
1512 1190
1509 -624
1506 995
1503 410
1500 -793
1497 653
1494 621
1491 -1763
1488 -1840
1485 681
1482 -614
1479 -975
1476 -1541
1473 251
1470 -1944
1467 -1034
1464 -943
1461 98
1458 -1266
1455 -765
1452 -1194
1449 1006
1446 861
1443 359
1440 164
1437 -1914
1434 -1996
1431 -328
1428 -1687
1425 397
1422 -690
1419 -1206
1416 1868
1413 1944
1410 961
1407 1331
1404 781
1401 -339
1398 1601
1395 1898
1392 362
1389 798
1386 1730
1383 -373
1380 202
1377 -1323
1374 -2002
1371 1350
1368 -1115
1365 1108
1362 1613
1359 1675
1356 -849
1356 BOTTOMOFSTACK

2043 553
2040 579
2037 2037
2034 461
2031 -1248
2028 1632
2025 1359
2022 -1537
2019 -1821
2016 1377
2013 -1448
2010 -1907
2007 -732
2004 -1984
2001 -1764
1998 19
1995 -189
1992 -1944
1989 -1383
1986 -880
1983 1351
1980 -115
1977 140
1974 -498
1971 -896
1968 -882
1965 -70
1962 1014
1959 1703
1956 378
1953 -396
1950 422
1947 1853
1944 -1027
1941 187
1938 1848
1935 -1271
1932 -1479
1929 -701
1926 -793
1923 -1003
1920 287
1917 -174
1914 570
1911 132
1908 915
1905 1275
1902 470
1899 -1729
1896 20
1893 -739
1890 -94
1887 1967
1884 -1815
1881 -64
1878 -1412
1875 -878
1872 -975
1869 -1499
1866 -355
1863 1671
1860 -1041
1857 -1834
1854 -936
1851 588
1848 1880
1845 -1810
1842 -1324
1839 369
1836 779
1833 1989
1830 -1735
1827 1323
1824 128
1821 1869
1818 705
1815 -109
1812 479
1809 950
1806 -235
1803 -2029
1800 -580
1797 1755
1794 -728
1791 185
1788 1931
1785 1938
1782 710
1779 -849
1776 -1323
1773 1643
1770 531
1767 1461
1764 1477
1761 246
1758 1896
1755 946
1752 1659
1749 -134
1746 149
1743 -661
1740 1776
1737 980
1734 769
1731 -750
1728 41
1725 972
1722 604
1719 217
1716 -1936
1713 1076
1710 1124
1707 -1897
1704 31
1701 1740
1698 1716
1695 -718
1692 -399
1689 52
1686 -18
1683 629
1683 BOTTOMOFSTACK

2034 1525
2031 1901
2028 765
2025 2025
2022 -1221
2019 -1887
2016 -823
2013 -106
2010 1601
2007 85
2004 -1535
2001 768
1998 -1491
1995 1110
1992 1546
1989 1479
1986 490
1983 -1295
1980 622
1977 -635
1974 -245
1971 618
1968 270
1965 1033
1962 1497
1959 2016
1956 -96
1953 1244
1950 -931
1947 -2029
1944 -1044
1941 611
1938 -1931
1935 -1640
1932 -2019
1929 -1960
1926 1022
1923 -1907
1920 856
1917 1477
1914 -2037
1911 -796
1908 -120
1905 -1823
1902 -970
1899 1494
1896 1207
1893 -1361
1890 -208
1887 1695
1884 1700
1881 -1983
1878 1308
1875 1953
1872 -517
1869 545
1866 -1370
1863 -1480
1860 -748
1857 1306
1854 619
1851 1744
1848 1398
1845 763
1842 -81
1839 -113
1836 -1575
1833 1276
1830 -746
1827 -787
1824 1976
1821 1341
1818 1095
1815 1011
1812 -268
1809 1043
1806 -1589
1803 -211
1800 -1772
1797 1112
1794 425
1791 -1765
1788 -788
1785 1898
1782 676
1779 -1270
1776 -1203
1773 949
1770 380
1767 -1219
1764 720
1761 -751
1758 1102
1755 -476
1752 -663
1749 520
1746 1504
1743 1034
1740 -425
1737 1807
1734 104
1731 1053
1728 -1005
1725 -1413
1722 -1803
1719 404
1716 -348
1713 1837
1710 64
1707 -1180
1704 -1145
1701 1309
1698 1064
1695 1728
1692 -1973
1689 -1300
1686 -874
1683 -1119
1680 -1927
1677 -675
1674 -86
1671 274
1668 1172
1665 -10
1662 1074
1659 -261
1656 -1998
1653 -1262
1650 1712
1647 427
1644 -752
1641 1932
1638 -757
1635 -869
1632 -1816
1629 -297
1626 622
1623 1126
1620 691
1617 -119
1614 -1128
1611 1148
1608 891
1605 1802
1602 1938
1599 1878
1596 1174
1593 -555
1590 -1348
1587 -350
1584 -1584
1581 -1377
1578 308
1575 -200
1572 686
1569 -1855
1566 581
1563 -624
1560 -1722
1557 -1447
1554 1345
1551 -1133
1548 -836
1545 499
1542 -1238
1539 -1375
1536 -532
1536 BOTTOMOFSTACK

2046 1517
2043 1297
2040 657
2037 927
2034 2034
2031 153
2028 1143
2025 -360
2022 -547
2019 179
2016 -72
2013 880
2010 -857
2007 1902
2004 -1161
2001 -244
1998 -1258
1995 -757
1992 -216
1989 1224
1986 471
1983 1621
1980 1673
1977 143
1974 -1169
1971 -641
1968 954
1965 -260
1962 1138
1959 1322
1956 2033
1953 -613
1950 -722
1947 -1100
1944 -942
1941 1265
1938 1726
1935 -868
1932 1679
1929 1275
1926 -943
1923 50
1920 -788
1917 -2039
1914 -264
1911 106
1908 -731
1905 1206
1902 -751
1899 -1755
1896 393
1893 -984
1890 -43
1887 78
1884 322
1881 -2018
1878 -2042
1875 674
1872 -1763
1869 1073
1866 -579
1863 569
1860 1890
1857 -1996
1854 597
1851 425
1848 1985
1845 -1985
1842 -602
1839 579
1836 -1102
1833 118
1830 -388
1827 1265
1824 -1402
1821 1210
1818 -1135
1815 649
1812 1652
1809 -577
1806 1145
1803 -1579
1800 363
1797 1268
1794 687
1791 310
1788 324
1785 -260
1782 -989
1779 -1766
1776 -209
1773 -14
1770 1394
1767 -2018
1764 1255
1761 1615
1758 -264
1755 1351
1752 1534
1749 -551
1746 1935
1743 476
1740 1109
1737 -663
1734 207
1731 -704
1731 BOTTOMOFSTACK

2040 1082
2037 1119
2034 2034
2031 1279
2028 -1852
2025 1256
2022 -1807
2019 -876
2016 276
2013 1888
2010 -2025
2007 -383
2004 -1503
2001 -3
1998 -1391
1995 -493
1992 -1908
1989 72
1986 -1924
1983 1612
1980 1884
1977 1956
1974 1723
1971 1983
1968 -1288
1965 -241
1962 -108
1959 -1708
1956 1316
1953 -311
1950 1288
1947 -1077
1944 -709
1941 490
1938 -1961
1935 -1401
1932 742
1929 -995
1926 354
1923 1108
1920 -700
1917 -324
1914 -1075
1911 -17
1908 1880
1905 -891
1902 452
1899 -1462
1896 -1848
1893 -1147
1890 -1282
1887 1399
1884 1191
1881 1938
1878 317
1875 419
1872 353
1869 513
1866 122
1863 1052
1860 -1024
1857 462
1854 -1035
1851 1742
1848 -2010
1845 -1714
1842 797
1839 253
1836 -1164
1833 811
1830 594
1827 -761
1824 1398
1821 1592
1818 1855
1815 -2026
1812 -445
1809 -959
1806 -1170
1803 1420
1800 -932
1797 -1674
1794 -882
1791 -401
1788 440
1785 -1121
1782 948
1779 -636
1776 -1480
1773 -218
1770 428
1767 -488
1764 -1306
1761 912
1758 865
1755 1917
1752 -1409
1749 1957
1746 993
1743 -959
1740 347
1737 1481
1734 1829
1731 -529
1728 -202
1725 -1795
1722 -1262
1719 1672
1716 -1643
1713 566
1710 -981
1707 1960
1704 -450
1701 1315
1698 -268
1695 1864
1692 -1956
1689 -1256
1686 -1581
1683 -903
1680 295
1677 -109
1674 -149
1671 -133
1668 422
1665 -101
1662 954
1659 -1612
1659 BOTTOMOFSTACK

2016 1385
2013 1320
2010 2010
2007 310
2004 -2007
2001 1216
1998 1657
1995 -912
1992 -478
1989 -211
1986 1987
1983 -1226
1980 -732
1977 -600
1974 -13
1971 1785
1968 -883
1965 319
1962 1653
1959 764
1956 785
1953 -831
1950 953
1947 -31
1944 -1274
1941 630
1938 -989
1935 1578
1932 -1497
1929 687
1926 922
1923 1202
1920 -162
1917 -1171
1914 -1214
1911 1471
1908 636
1905 1317
1902 623
1899 24
1899 BOTTOMOFSTACK

2010 122
2007 451
2004 227
2001 1064
1998 1506
1995 1995
1992 442
1989 1112
1986 400
1983 -1512
1980 1333
1977 -829
1974 1559
1971 -1011
1968 515
1965 -770
1962 -1487
1959 1509
1956 1054
1953 -28
1950 -253
1947 -2027
1944 424
1941 -1831
1938 -853
1935 289
1932 -488
1929 391
1926 337
1923 -1253
1920 -1967
1917 -2037
1914 1874
1911 -1066
1908 -959
1905 -950
1902 1450
1899 -122
1896 -1976
1893 -1640
1890 125
1887 -1038
1884 -416
1881 451
1878 -376
1875 -75
1872 269
1869 709
1866 851
1863 -1009
1860 1173
1857 934
1854 1615
1851 516
1848 -433
1845 -891
1842 -583
1839 -968
1836 520
1833 -1913
1830 457
1827 -1458
1824 920
1821 460
1818 -696
1815 1765
1812 1165
1809 949
1806 -1473
1803 -9
1800 -763
1797 -1441
1794 1449
1791 -841
1788 594
1785 -255
1782 1793
1779 -1614
1776 946
1773 707
1770 -1231
1767 -1749
1764 -638
1761 -163
1758 -943
1755 141
1752 414
1749 -358
1746 398
1743 -1418
1740 1341
1737 64
1734 1442
1731 1561
1728 1306
1725 1935
1722 -1274
1719 -536
1716 -548
1713 648
1710 -691
1707 -330
1704 147
1701 2022
1698 -589
1695 -824
1695 BOTTOMOFSTACK

