2049 1650
2046 286
2043 1257
2040 1129
2037 27
2034 2034
2031 490
2028 1293
2025 -1490
2022 -757
2019 1941
2016 -120
2013 -1197
2010 -37
2007 576
2004 800
2001 711
1998 -1491
1995 -252
1992 -1019
1989 -1569
1986 1834
1983 1305
1980 -358
1977 -221
1974 -1152
1971 -2026
1968 -1845
1965 -1259
1962 945
1959 -1376
1956 -1087
1953 146
1950 -1059
1947 -524
1944 -350
1941 -1027
1938 -393
1935 1356
1932 1173
1929 1214
1926 -902
1923 672
1920 -1170
1917 -589
1914 -586
1911 1784
1908 1760
1905 -539
1902 -1824
1899 -1660
1896 1960
1893 1698
1890 1233
1887 1435
1884 -687
1881 808
1878 -767
1875 721
1872 -657
1869 -1662
1866 801
1863 1456
1860 -2030
1857 -112
1854 1553
1851 1812
1848 -1098
1845 -658
1842 -1798
1839 1794
1836 1593
1833 1425
1830 -14
1827 -391
1824 1537
1821 -1217
1818 -594
1815 1486
1812 597
1809 -1756
1806 -390
1803 -139
1800 1825
1797 990
1794 -1248
1791 1036
1788 -1540
1785 1344
1782 -1175
1779 499
1776 1628
1773 -583
1770 -1606
1767 -1243
1764 1765
1761 -1118
1758 308
1755 -1363
1752 -789
1749 350
1746 1352
1743 -1698
1740 -849
1737 -1592
1734 -235
1731 -375
1728 -540
1725 274
1722 447
1719 -898
1716 -1664
1713 2042
1710 1886
1707 389
1704 1948
1701 -863
1698 1197
1695 -889
1692 -1940
1689 971
1686 118
1683 1086
1680 1471
1677 -925
1674 1131
1671 508
1668 -426
1665 1533
1662 931
1659 -654
1656 -1433
1653 1661
1650 -1518
1647 1293
1644 -328
1641 -213
1638 -1207
1635 1077
1632 -1161
1629 -1212
1626 9
1623 683
1620 1064
1617 447
1614 1465
1614 BOTTOMOFSTACK

2037 1469
2034 258
2031 2021
2028 213
2025 2025
2022 1700
2019 1660
2016 -1074
2013 -222
2010 1047
2007 1885
2004 -1324
2001 -913
1998 1596
1995 647
1992 409
1989 -1629
1986 -13
1983 1737
1980 -276
1977 -920
1974 -47
1971 -1226
1968 270
1965 -722
1962 -1888
1962 BOTTOMOFSTACK

2010 1465
2007 547
2004 459
2001 405
1998 1998
1995 887
1992 -1522
1989 -755
1986 -354
1983 1094
1980 1811
1977 -1153
1974 -637
1971 -1596
1968 1246
1965 1648
1962 -645
1959 499
1956 75
1953 -1849
1950 -1778
1947 1746
1944 840
1941 875
1938 1824
1935 -628
1932 -1130
1929 -1776
1926 760
1923 1446
1920 -1257
1917 -413
1914 1401
1911 -57
1908 521
1905 -1997
1902 663
1899 -1515
1896 -1083
1893 711
1890 -925
1887 -1165
1884 -1847
1881 1418
1878 896
1875 -1287
1872 1568
1869 -1410
1866 812
1863 -899
1860 -1568
1857 -1944
1854 -1905
1851 -1757
1848 -1369
1845 1771
1842 260
1839 -463
1836 956
1833 -998
1830 -639
1827 -253
1824 -1288
1821 1917
1821 BOTTOMOFSTACK

