2043 887
2040 296
2037 1399
2034 1230
2031 38
2028 2028
2025 86
2022 1276
2019 -1755
2016 289
2016 BOTTOMOFSTACK

2031 1115
2028 210
2025 2025
2022 -333
2019 1238
2016 1899
2013 -768
2010 -18
2007 393
2004 -1593
2001 881
1998 1471
1995 232
1992 493
1989 1689
1986 1685
1983 -1578
1980 666
1977 459
1974 260
1971 481
1968 942
1965 1404
1962 -802
1959 -2046
1956 1848
1953 -598
1950 410
1947 531
1944 786
1941 -1332
1938 1393
1935 -758
1932 -1931
1929 100
1926 1411
1923 959
1920 95
1917 1710
1914 -24
1911 1669
1911 BOTTOMOFSTACK

