2013 852
2010 926
2007 26
2004 2004
2001 1426
1998 1997
1995 -499
1992 896
1989 444
1986 -227
1983 254
1980 -997
1977 -998
1974 -834
1971 719
1968 -1760
1965 -302
1962 1797
1959 342
1956 -1803
1953 -2019
1950 42
1947 -1194
1944 -2023
1941 297
1938 -1230
1935 -1325
1932 -2029
1929 -761
1926 -381
1923 -615
1920 -1685
1917 -19
1914 -2006
1911 1746
1908 -702
1905 -452
1902 1641
1899 1090
1896 1093
1893 -1881
1890 2
1887 -955
1884 283
1881 1371
1878 -578
1875 905
1872 -1712
1869 768
1866 553
1863 -767
1860 -1933
1857 724
1854 935
1851 -1851
1848 -1188
1845 1005
1842 337
1839 1688
1836 332
1833 -146
1830 1142
1827 1389
1824 -492
1821 1737
1818 -218
1815 -794
1812 722
1809 1670
1806 -1927
1803 1166
1800 -1281
1797 -1768
1794 -706
1791 -613
1788 406
1785 -564
1782 -1041
1779 1478
1776 -1670
1773 1632
1770 269
1767 1913
1764 -1938
1761 958
1758 -117
1755 324
1752 -817
1749 -1759
1746 837
1743 286
1740 -607
1737 228
1734 -1732
1731 -1803
1728 -1567
1725 1178
1722 1038
1719 1946
1716 1602
1713 -43
1710 -151
1707 1546
1704 1272
1701 -453
1698 581
1695 1875
1692 -1455
1689 -1525
1686 -1154
1683 1111
1680 1194
1677 -1073
1674 -33
1671 -370
1668 -407
1665 -1125
1662 1712
1659 -1364
1656 -255
1653 -885
1650 -520
1647 -1431
1644 -1718
1641 1544
1638 -37
1635 -1831
1632 868
1629 -1013
1626 -1564
1623 -244
1620 796
1617 400
1614 -1466
1611 631
1608 -157
1605 215
1602 1531
1599 -613
1596 -938
1593 -345
1590 -395
1590 BOTTOMOFSTACK

2010 2011
2007 1561
2004 1166
2001 1934
1998 216
1995 1995
1992 856
1989 1225
1986 1523
1983 1479
1980 1941
1977 -670
1974 851
1971 -797
1968 -432
1965 1078
1962 -1110
1959 -539
1956 -1124
1953 1456
1950 -440
1947 1489
1944 706
1941 626
1938 1776
1935 776
1932 -1435
1929 -1172
1926 558
1923 -1861
1920 -1886
1917 1512
1914 316
1911 -1170
1908 1998
1905 -115
1902 236
1899 -1678
1896 1233
1893 -1236
1890 43
1887 1875
1884 -155
1881 -1498
1878 663
1875 -306
1872 1231
1869 -543
1866 161
1863 1860
1860 1430
1857 -1980
1854 -1562
1851 1548
1848 -1933
1845 1025
1842 531
1839 -1394
1836 -74
1833 -292
1830 -374
1827 -1220
1824 1262
1821 -127
1818 423
1815 1017
1812 -1690
1809 1772
1806 -472
1803 1966
1800 633
1797 1903
1794 -1571
1791 -1402
1788 -97
1785 -1987
1782 -955
1779 -1386
1776 1122
1773 103
1770 865
1767 853
1764 -2022
1761 909
1761 BOTTOMOFSTACK

2016 630
2013 553
2010 387
2007 2007
2004 -1310
2001 2023
1998 1695
1995 -2020
1992 1582
1989 1734
1986 344
1983 858
1980 1088
1977 -422
1974 -1189
1971 -2042
1968 -905
1965 -747
1962 327
1959 -1421
1956 961
1953 -1087
1950 -1440
1947 -627
1944 1765
1941 -79
1938 -11
1935 1976
1932 -620
1929 434
1926 -836
1923 -1718
1920 1582
1917 14
1914 710
1911 1416
1908 -1293
1905 387
1902 1837
1899 321
1896 93
1893 1168
1890 -1765
1887 -242
1884 -1974
1881 -328
1878 -1759
1875 -751
1872 847
1869 -17
1866 -615
1863 -1523
1860 -490
1857 -1271
1854 -767
1851 -1659
1848 2037
1845 1938
1842 -1902
1839 -220
1836 652
1833 1109
1830 -1225
1827 1658
1824 457
1821 637
1818 1610
1815 1694
1812 -558
1809 -1498
1806 530
1803 -1461
1800 -622
1797 1400
1794 -1552
1791 -411
1788 387
1785 46
1782 -1709
1779 1744
1776 1743
1773 -1988
1770 2043
1770 BOTTOMOFSTACK

2043 681
2040 579
2037 2037
2034 604
2031 1026
2028 -626
2025 -1547
2022 -1505
2019 1880
2016 -253
2013 -278
2010 1225
2007 -496
2004 307
2001 22
1998 751
1995 -595
1992 613
1989 613
1986 606
1983 -940
1980 1921
1977 1875
1974 1813
1971 -1913
1968 -851
1965 -670
1962 1817
1959 -412
1956 -666
1953 1831
1950 2042
1947 -80
1944 -1431
1941 -374
1938 -1354
1935 -1166
1932 -1497
1929 935
1926 -865
1923 1165
1920 -127
1917 439
1914 1454
1911 372
1908 -498
1905 -1725
1902 1438
1899 -1663
1896 1823
1893 -643
1890 -2016
1887 -420
1884 -626
1881 1370
1878 -1758
1875 1944
1872 136
1869 -1543
1866 1848
1863 113
1860 -932
1857 -2045
1854 2027
1851 737
1848 -287
1845 -1995
1842 -1598
1839 1743
1836 466
1833 288
1830 1223
1827 800
1824 618
1821 984
1818 -41
1815 1542
1812 789
1809 -48
1806 -661
1803 353
1800 1610
1797 -654
1794 -954
1791 -546
1788 -1042
1785 -350
1782 -1253
1779 -1141
1776 1793
1773 -505
1770 -956
1767 -1773
1764 872
1761 -1984
1758 -294
1755 -998
1752 1437
1749 -1943
1746 622
1743 -1539
1740 563
1737 -1050
1734 -642
1731 218
1728 -101
1725 -1519
1722 913
1719 -667
1716 952
1713 -599
1710 868
1707 -1971
1704 -1129
1701 -1235
1698 657
1695 -690
1692 -589
1689 -1663
1686 -413
1683 -1644
1680 -1029
1677 -591
1674 223
1671 -975
1668 -265
1665 -1088
1662 1357
1659 -455
1656 -583
1653 17
1650 420
1647 -1664
1644 -172
1641 1752
1638 1473
1635 1610
1632 -113
1629 1293
1626 49
1623 -302
1620 -986
1617 64
1614 37
1611 270
1608 -1900
1605 1210
1602 -666
1599 1621
1596 -924
1593 -1412
1590 1727
1587 1515
1584 -266
1581 1422
1578 863
1575 -676
1572 1199
1569 -656
1566 1452
1563 1578
1560 -756
1557 -2000
1554 37
1551 223
1548 1043
1545 158
1542 -666
1539 -1840
1536 1821
1533 1041
1530 -1506
1527 -1351
1524 1818
1521 480
1518 324
1515 1480
1512 -1801
1509 731
1506 -1456
1503 1777
1503 BOTTOMOFSTACK

2043 1614
2040 15
2037 437
2034 771
2031 2031
2028 714
2025 1679
2022 1341
2019 -407
2016 1119
2013 1919
2010 -800
2007 -174
2004 557
2001 -1450
1998 -1461
1995 1925
1992 1393
1989 -1566
1986 -989
1983 547
1980 -257
1977 -2013
1974 -917
1971 602
1968 1570
1965 -1748
1962 1895
1959 403
1956 361
1953 826
1950 252
1950 BOTTOMOFSTACK

2052 1321
2049 489
2046 1896
2043 963
2040 2040
2037 1542
2034 -144
2031 1296
2028 1584
2025 -95
2022 175
2019 -185
2016 348
2013 -1352
2010 1356
2007 -1036
2004 -630
2001 903
1998 1237
1995 -396
1995 BOTTOMOFSTACK

2028 125
2025 1131
2022 2022
2019 -1291
2016 1865
2013 2010
2010 -771
2007 1677
2004 982
2001 675
1998 1144
1995 333
1992 221
1989 1394
1986 1993
1983 606
1980 -189
1977 -1977
1974 898
1971 1630
1968 892
1965 -233
1962 -593
1959 1744
1956 613
1953 -1849
1950 1163
1947 898
1944 -1721
1941 -661
1938 -703
1935 -1694
1932 -1546
1929 -1551
1926 -823
1923 1068
1920 693
1917 1183
1914 373
1911 -2044
1908 -940
1905 935
1902 -1197
1899 -644
1896 546
1893 276
1890 -1193
1887 -704
1884 -1273
1881 1861
1878 -823
1875 -490
1872 1478
1869 414
1866 -317
1863 954
1860 838
1857 359
1854 1885
1851 -634
1848 -79
1845 1988
1842 -771
1839 28
1836 211
1833 2039
1830 860
1827 -1071
1824 528
1821 211
1818 1334
1815 -1698
1812 -114
1809 -839
1806 -40
1803 -1814
1800 -2012
1797 1157
1794 1073
1791 -1825
1788 1243
1785 -1078
1782 30
1779 1039
1776 -317
1773 -1270
1770 -581
1767 1497
1764 1787
1761 -341
1758 1780
1755 613
1752 -2037
1749 755
1746 821
1743 -1942
1740 -1831
1737 1493
1734 -591
1731 -522
1728 1712
1725 23
1722 429
1719 505
1716 158
1713 -1884
1710 -109
1707 1642
1704 1891
1701 -1661
1698 -1281
1695 -148
1692 379
1692 BOTTOMOFSTACK

2028 1626
2025 1305
2022 2022
2019 -1622
2016 1474
2013 3
2010 1239
2007 2015
2007 BOTTOMOFSTACK

