2049 400
2046 1855
2043 1976
2040 9
2037 2037
2034 1340
2031 62
2028 1990
2025 1557
2022 1534
2019 624
2016 738
2013 -1444
2010 1949
2007 1580
2004 -30
2001 1966
1998 -1855
1995 -634
1992 1055
1989 -768
1986 -945
1983 1747
1980 958
1977 291
1974 -1133
1971 -1917
1968 -672
1965 -1012
1962 -1093
1959 -1429
1956 -1327
1953 -626
1950 -304
1947 -185
1944 -364
1941 -757
1938 -1516
1935 1339
1932 1180
1929 -695
1926 -137
1923 223
1920 -457
1917 -501
1914 -1379
1911 -140
1908 2040
1905 -31
1902 -340
1899 -687
1896 -1257
1893 335
1890 1323
1887 -1974
1884 1985
1881 -1805
1878 1744
1875 737
1872 70
1869 -1655
1866 -584
1863 959
1860 -498
1857 -1043
1854 1843
1851 31
1848 -1516
1845 -1533
1842 1242
1839 -255
1836 1052
1833 -1905
1830 1374
1827 1865
1824 1641
1821 -1771
1818 -601
1815 -1063
1812 -1959
1809 -1738
1806 -510
1803 342
1800 232
1797 -700
1794 1165
1791 1528
1788 1965
1785 -1587
1782 -37
1779 1438
1776 704
1773 1694
1770 259
1767 -1507
1764 597
1761 -794
1758 338
1755 1418
1752 -587
1749 416
1746 -1464
1743 -850
1740 -236
1737 -1888
1734 842
1731 -230
1728 1943
1725 -907
1722 473
1719 -562
1716 892
1713 650
1710 55
1707 -1123
1704 -1786
1701 756
1698 2022
1695 241
1692 1374
1689 -38
1686 1735
1683 -1689
1680 965
1677 1558
1674 1923
1671 1709
1668 1693
1665 -1755
1662 222
1659 -1149
1656 -1964
1653 1965
1650 1507
1647 -604
1644 1864
1641 -790
1638 1963
1635 -1825
1632 460
1629 -613
1626 1525
1623 463
1620 -958
1617 1192
1614 1134
1611 -2043
1608 -1725
1605 -1246
1602 1356
1599 467
1596 948
1593 1507
1590 -1902
1587 -324
1584 -479
1581 -602
1578 -1673
1575 367
1572 -766
1569 219
1566 -631
1563 660
1560 -1461
1557 483
1554 -975
1551 369
1548 -717
1545 2016
1542 -1654
1539 793
1536 43
1533 -56
1530 1532
1527 -1723
1524 -1307
1521 782
1518 -1689
1515 -1683
1512 -640
1509 -1032
1506 2012
1503 1646
1500 798
1497 -523
1494 -1082
1491 550
1488 1089
1485 -1194
1482 885
1479 1248
1476 909
1473 260
1470 671
1467 1007
1464 355
1461 -622
1458 -1084
1455 -683
1452 -447
1449 -1795
1446 -1736
1443 993
1440 594
1437 786
1434 -1607
1431 1458
1428 1745
1425 1207
1422 265
1419 199
1416 -996
1413 787
1410 1804
1407 -179
1404 -53
1401 -1103
1398 1069
1395 1651
1392 467
1389 871
1386 923
1383 547
1380 362
1377 1712
1374 -1967
1371 -552
1368 857
1365 250
1362 1406
1359 -1585
1356 465
1353 -2008
1350 990
1347 2022
1344 -131
1341 1670
1338 -307
1335 660
1332 -673
1329 -751
1326 736
1323 810
1320 1815
1317 -1676
1314 1623
1311 1012
1308 -502
1305 1228
1302 -162
1299 1429
1296 1373
1293 -711
1290 -674
1287 303
1284 -1384
1281 -1873
1278 -2018
1275 1790
1272 -1017
1269 1583
1266 -1689
1263 -1162
1260 -195
1257 -1867
1254 -1326
1251 1220
1248 -1941
1245 948
1242 891
1239 1852
1236 81
1233 -596
1233 BOTTOMOFSTACK

2019 1913
2016 1586
2013 180
2010 2010
2007 1852
2004 -1466
2001 1236
1998 -1907
1995 2023
1992 -1610
1989 363
1986 -1084
1983 377
1980 -812
1977 374
1974 994
1971 -909
1968 -1498
1965 251
1962 289
1959 2009
1956 95
1953 -480
1950 567
1947 -1887
1944 1086
1941 -656
1938 487
1935 79
1932 582
1929 -80
1926 494
1923 -61
1920 359
1917 -1988
1914 -1391
1911 -369
1908 -1629
1905 1989
1902 -1833
1899 -1601
1896 1202
1893 -1270
1890 49
1887 -1688
1884 678
1881 1757
1878 -1359
1875 -1451
1872 1832
1869 -1344
1866 -1083
1863 -2045
1860 170
1857 -493
1854 918
1851 445
1848 1402
1845 -1122
1842 1115
1839 343
1836 -1521
1833 671
1830 301
1827 -1865
1824 -627
1821 -1239
1818 728
1815 -1148
1812 -1415
1809 -479
1806 -482
1803 -73
1800 1994
1797 1689
1794 222
1791 457
1788 762
1785 494
1782 -1196
1782 BOTTOMOFSTACK

2019 178
2016 416
2013 1837
2010 2001
2007 345
2004 2004
2001 1250
1998 -949
1995 1027
1992 -658
1989 1394
1986 -203
1983 -1336
1980 -1915
1977 -1191
1974 983
1971 -1678
1968 -855
1965 -548
1962 1364
1959 -393
1956 910
1953 -542
1950 -247
1947 151
1944 490
1941 715
1938 873
1935 -691
1932 1768
1929 -1044
1926 1408
1923 -1809
1920 -1230
1917 -1969
1914 -1661
1911 -112
1911 BOTTOMOFSTACK

2007 346
2004 170
2001 69
1998 504
1995 1995
1992 508
1989 -393
1986 -1642
1983 1114
1980 328
1977 -1321
1974 1560
1971 -1659
1968 -1766
1965 1319
1962 448
1959 507
1956 -237
1953 -1211
1950 1259
1947 -1775
1944 -1235
1941 -2032
1938 -46
1935 1436
1932 1122
1929 -668
1926 517
1923 -1685
1920 -1917
1917 1949
1914 -156
1911 651
1908 -165
1905 -249
1902 803
1899 1221
1896 417
1893 2023
1890 1601
1887 667
1884 -1306
1881 -1544
1878 -1855
1875 193
1872 26
1869 503
1866 1515
1863 -182
1860 -802
1857 1160
1854 462
1851 -1978
1848 -910
1845 1026
1842 -215
1839 -559
1836 -1473
1833 727
1830 -1751
1827 -454
1824 761
1821 -2015
1818 -1841
1815 -1132
1812 -906
1809 1950
1806 791
1803 -1004
1800 1658
1797 -888
1794 -598
1791 385
1788 -1348
1785 1334
1782 -232
1779 582
1776 1103
1773 522
1770 1051
1767 -1256
1764 -319
1761 1952
1758 1019
1755 1072
1752 -1310
1749 1706
1746 -1689
1743 -1961
1740 -776
1737 1265
1734 -1942
1731 976
1728 455
1725 1363
1722 -1759
1719 1172
1716 742
1713 1208
1710 1835
1707 1220
1704 848
1701 287
1698 -1642
1695 -217
1692 870
1689 -1847
1686 -995
1683 526
1680 -1561
1677 -1549
1674 563
1671 1904
1668 1828
1665 131
1662 -854
1659 -2033
1656 1179
1653 -1160
1650 1732
1647 -154
1644 928
1641 -84
1638 1875
1635 443
1632 1548
1629 710
1626 971
1623 574
1620 -564
1617 -1131
1614 -1584
1611 234
1608 737
1605 662
1602 -1459
1599 -1456
1596 535
1593 -1734
1590 -955
1587 -1555
1584 1309
1581 445
1578 60
1575 1962
1572 -1524
1569 -537
1566 -298
1563 1216
1560 1600
1557 -517
1554 -40
1551 -858
1551 BOTTOMOFSTACK

2019 1680
2016 388
2013 699
2010 2010
2007 52
2004 758
2001 626
1998 1572
1995 -1052
1992 1779
1989 -1851
1986 290
1983 967
1983 BOTTOMOFSTACK

