2022 229
2019 1271
2016 407
2013 2
2010 2010
2007 917
2004 2027
2001 1779
1998 -1847
1995 942
1992 873
1989 -882
1986 603
1983 675
1980 -1615
1977 1832
1974 -1786
1971 -289
1968 903
1965 1561
1962 -1786
1959 346
1956 -695
1956 BOTTOMOFSTACK

2016 497
2013 1606
2010 177
2007 2007
2004 -1383
2001 830
1998 -1508
1995 1140
1992 538
1989 -335
1986 -96
1983 1219
1980 -98
1977 -571
1974 -1707
1971 -413
1968 -841
1965 707
1962 -1079
1959 1828
1956 1380
1953 752
1950 -1408
1947 1751
1944 -652
1941 -1513
1938 -1383
1935 36
1932 1264
1929 717
1926 -854
1923 1999
1920 -578
1917 1182
1914 -1378
1911 -490
1908 595
1905 -171
1902 1578
1899 -583
1896 -1154
1893 -1344
1890 -1357
1887 1161
1884 -626
1881 683
1878 861
1875 -178
1872 1278
1869 781
1866 1965
1863 1976
1860 577
1857 -1700
1854 -1744
1851 -1320
1848 1321
1845 1593
1842 -1407
1839 -90
1836 -849
1833 77
1830 913
1827 966
1824 -258
1821 616
1818 -1517
1815 -588
1812 508
1809 1565
1806 -1000
1803 610
1800 -1807
1797 -206
1794 651
1791 -1123
1788 90
1785 -1876
1782 -788
1779 -344
1776 -690
1773 -1033
1770 -241
1767 -503
1764 -290
1761 -1593
1758 -50
1755 -1958
1752 -1889
1749 1942
1749 BOTTOMOFSTACK

2007 1678
2004 366
2001 2001
1998 560
1995 -745
1992 -1338
1989 -1429
1986 -253
1983 71
1980 -706
1977 -1118
1974 -1523
1971 -591
1968 -1905
1965 229
1962 780
1959 -1242
1956 541
1953 -1800
1950 542
1947 1742
1944 -1954
1941 -1853
1938 1668
1935 1524
1932 -1193
1929 1783
1926 -1715
1923 -1448
1920 842
1917 -34
1914 -1776
1914 BOTTOMOFSTACK

2028 235
2025 562
2022 1097
2019 1122
2016 552
2013 2013
2010 886
2007 937
2004 -1629
2001 -1637
1998 1175
1995 389
1992 -1969
1989 -1794
1986 -1709
1983 1074
1980 -1889
1977 -472
1974 -1080
1971 -680
1968 1914
1965 1949
1962 1239
1959 1725
1956 -1225
1953 -985
1950 1920
1947 1252
1944 228
1941 621
1938 329
1935 1805
1932 -492
1929 2015
1926 1821
1923 1318
1920 -1804
1917 -1137
1914 -908
1911 220
1908 1767
1905 -1685
1902 -1752
1899 -557
1896 -444
1893 -1117
1890 -576
1887 1652
1884 1122
1881 -1528
1878 -388
1875 -1959
1872 -92
1869 -1334
1866 886
1863 -1573
1860 794
1857 1239
1854 -868
1851 1403
1848 -1266
1845 79
1842 -377
1839 880
1836 -529
1833 -971
1830 1984
1827 -1415
1824 -1411
1821 -1542
1818 614
1815 1437
1812 841
1809 1439
1806 -1591
1803 -1712
1800 1477
1797 1357
1794 -1689
1791 -626
1788 901
1785 -140
1782 429
1779 895
1776 507
1773 -311
1770 1682
1767 -787
1764 1319
1761 -456
1758 -483
1755 1645
1752 -527
1749 1944
1746 1072
1746 BOTTOMOFSTACK

2043 1602
2040 1697
2037 711
2034 2034
2034 BOTTOMOFSTACK

2019 1167
2016 2029
2013 2015
2010 879
2007 2007
2004 807
2001 -23
1998 1992
1995 1603
1992 -837
1989 -254
1986 1022
1983 245
1980 307
1977 1995
1974 -1636
1971 226
1968 -1290
1965 1695
1962 1290
1959 1200
1956 -973
1953 390
1950 24
1947 726
1944 -5
1941 -1032
1938 1681
1935 818
1932 1770
1929 1662
1926 1820
1923 -459
1920 -8
1917 -778
1914 725
1911 1418
1908 -729
1905 -905
1902 997
1899 -1401
1896 -1406
1893 117
1890 1090
1887 -1533
1884 816
1881 -826
1878 264
1875 -141
1872 472
1869 378
1866 1028
1863 1586
1860 -1860
1857 731
1854 1848
1851 1824
1848 1921
1845 214
1842 -1462
1839 -284
1836 438
1833 1966
1830 542
1827 452
1824 -958
1821 -359
1818 -1442
1815 -1797
1812 -1499
1809 844
1806 -737
1803 -1560
1800 -1387
1797 1417
1794 -708
1791 -875
1788 -947
1785 933
1782 -1010
1779 -72
1776 -1109
1773 -532
1770 981
1767 318
1764 -1676
1761 922
1758 929
1755 -181
1752 150
1749 -285
1746 589
1743 -1319
1740 1910
1737 -1841
1734 -1488
1731 -1333
1728 1424
1725 1354
1722 783
1719 882
1716 1706
1713 63
1710 439
1710 BOTTOMOFSTACK

2034 955
2031 430
2028 1077
2025 2025
2022 97
2019 1227
2016 455
2013 -1929
2010 -1700
2007 1497
2004 22
2001 -289
1998 2037
1995 898
1992 358
1989 -125
1986 1574
1983 -1286
1980 1535
1977 23
1974 -958
1971 -644
1968 -87
1965 -403
1962 -1850
1959 106
1956 -817
1953 -1410
1950 1292
1947 -139
1944 -551
1941 306
1938 -1885
1935 530
1932 -1005
1929 -1848
1926 -615
1923 -1802
1920 -299
1917 145
1914 1602
1911 -70
1908 -1519
1905 1432
1902 -1133
1899 1593
1896 -1054
1893 105
1890 1426
1887 661
1884 -1857
1881 -433
1878 -922
1875 -1936
1872 1341
1869 -706
1866 -248
1863 559
1860 -587
1857 1765
1854 1578
1851 -214
1848 -708
1845 1557
1842 898
1839 1232
1836 -1103
1833 1003
1830 1982
1827 990
1824 591
1821 -330
1818 1226
1815 -1250
1812 -497
1809 561
1806 1088
1803 1346
1800 -368
1797 1178
1794 -1438
1791 -1729
1788 1993
1785 -1653
1782 -1127
1779 -851
1776 -1461
1773 -1412
1770 -1254
1767 909
1764 -522
1761 1147
1758 1514
1755 1588
1752 803
1749 962
1746 -532
1743 -407
1740 1174
1737 -696
1734 -694
1731 -1487
1728 -1583
1725 258
1722 1326
1719 381
1716 -1381
1713 115
1710 456
1707 1372
1704 161
1701 1176
1698 1210
1695 -1452
1692 -168
1689 83
1686 794
1683 -1811
1680 1254
1677 -814
1674 265
1671 -1753
1668 1130
1665 93
1662 -13
1659 -1542
1656 -621
1653 -464
1650 -617
1647 -1996
1644 1541
1641 -1476
1638 378
1635 -1808
1632 1896
1629 593
1626 124
1623 -492
1620 671
1617 519
1614 -1877
1611 -780
1608 -1928
1605 828
1602 -877
1599 284
1596 978
1593 951
1590 -473
1587 1204
1584 -20
1581 -1146
1578 1745
1575 1533
1572 -1670
1569 -303
1566 1049
1563 -54
1560 937
1557 1849
1554 1112
1551 133
1548 1114
1545 98
1542 -1893
1539 -1576
1536 -8
1533 672
1530 1876
1527 -1645
1524 -1161
1521 -604
1518 1511
1515 -959
1512 -1419
1509 380
1506 -1171
1503 2023
1500 -895
1497 822
1494 898
1491 877
1488 262
1485 354
1482 -1551
1479 -1872
1476 1808
1473 -1775
1470 -388
1467 41
1464 -565
1461 -2018
1458 963
1455 513
1452 467
1449 -713
1446 985
1443 1470
1440 34
1437 1027
1434 -1170
1431 -849
1428 -1135
1425 204
1422 1472
1419 -1801
1416 1247
1413 1235
1410 1321
1407 -1800
1404 -518
1401 -733
1398 -2039
1395 -172
1392 1824
1389 -207
1386 -201
1383 -848
1380 1897
1377 2002
1374 -1244
1371 762
1368 518
1365 1680
1362 -904
1359 -938
1356 -1136
1353 1847
1350 -1652
1347 -620
1344 1986
1341 1091
1338 -774
1335 145
1332 -69
1329 1504
1326 944
1323 -1272
1320 -1267
1320 BOTTOMOFSTACK

2010 1445
2007 290
2004 527
2001 1245
1998 1998
1995 1900
1992 1201
1989 -1251
1986 -873
1983 834
1980 -1160
1977 -1785
1974 1704
1971 -1442
1968 -1391
1965 1071
1962 -154
1959 -372
1956 684
1953 37
1950 1201
1947 336
1944 651
1941 -30
1938 1458
1935 -1247
1932 -625
1929 -657
1926 870
1923 757
1920 759
1917 -1781
1914 -1305
1911 720
1908 -670
1905 -1680
1902 -1298
1899 -523
1896 -594
1893 22
1890 -157
1887 -1233
1884 444
1881 -1008
1878 544
1875 -486
1872 -704
1869 -1906
1866 1110
1863 677
1860 33
1857 -389
1854 1366
1851 -1493
1848 -1478
1845 -1388
1842 -276
1839 1348
1836 -1858
1833 -1917
1830 1738
1827 710
1824 -470
1821 766
1818 -1541
1815 -1664
1812 -1571
1809 -419
1806 898
1803 -1643
1800 1825
1797 -1531
1794 -1388
1791 2039
1788 1039
1785 1682
1782 -1665
1779 -359
1776 647
1773 1670
1770 -261
1767 -555
1764 -1543
1761 1209
1758 -1497
1755 -1839
1752 -449
1749 -1326
1746 -1796
1743 1914
1740 1907
1737 2043
1734 -681
1731 390
1728 -1583
1725 -1445
1722 775
1719 361
1716 -381
1713 1044
1710 -382
1707 206
1704 46
1701 -122
1698 305
1695 1335
1692 -46
1689 -127
1686 -949
1683 1942
1680 -365
1677 133
1674 1966
1671 1859
1668 -1703
1665 1356
1662 -318
1659 1129
1656 718
1653 -1244
1650 1783
1647 -273
1644 829
1641 1242
1638 1507
1638 BOTTOMOFSTACK

2016 1724
2013 1683
2010 1425
2007 2007
2004 1158
2001 1597
1998 -2013
1995 1253
1992 206
1989 -97
1986 1559
1983 594
1980 -1375
1977 -1834
1974 992
1971 -43
1968 1355
1965 -142
1962 1795
1959 -1491
1956 -1231
1953 129
1950 -2033
1947 164
1944 -2045
1941 -696
1938 1327
1935 -1050
1932 1540
1929 -1403
1926 -1591
1923 -929
1920 634
1917 -687
1914 -1813
1911 190
1908 -977
1905 -793
1902 1660
1899 -289
1896 -1090
1893 -1722
1890 1392
1887 1072
1884 1140
1881 1952
1878 -1671
1875 1588
1872 -299
1869 1491
1866 -1079
1863 -1029
1860 1784
1857 525
1854 -1132
1851 -1537
1848 1219
1845 -1090
1842 1638
1839 2026
1836 -1453
1833 1223
1830 -823
1827 -934
1824 395
1821 -1176
1818 -1408
1815 1167
1812 -397
1809 -772
1806 -476
1803 -519
1800 1899
1797 1505
1794 154
1791 -235
1788 -278
1785 1365
1782 1300
1779 -468
1776 -263
1773 401
1770 109
1767 -466
1764 -1222
1761 -1697
1758 1368
1755 374
1752 -792
1749 -461
1746 -984
1743 -394
1740 1840
1737 -1708
1737 BOTTOMOFSTACK

2040 1358
2037 1948
2034 1617
2031 2031
2028 204
2025 -1788
2022 881
2019 -994
2016 10
2013 1377
2010 1183
2007 98
2004 -1193
2001 -1088
1998 134
1995 -1537
1992 1395
1989 -541
1986 254
1983 1044
1980 -1633
1977 -1227
1974 1287
1971 -405
1968 -71
1965 -1357
1962 -342
1959 -578
1956 -1192
1953 -1691
1950 -768
1947 1441
1944 -500
1941 -298
1938 -483
1938 BOTTOMOFSTACK

