2013 1280
2010 38
2007 2007
2007 BOTTOMOFSTACK

2025 1204
2022 1003
2019 1749
2016 225
2013 2013
2010 530
2007 -873
2004 -1741
2001 -112
1998 -589
1995 -579
1992 1959
1989 1920
1986 832
1983 1233
1980 -547
1977 1590
1974 510
1971 1925
1968 9
1965 -1261
1962 -1252
1959 -1374
1956 -1700
1953 1159
1950 -915
1947 1075
1944 849
1941 512
1938 6
1935 -443
1932 -29
1929 -1899
1926 -1462
1923 493
1923 BOTTOMOFSTACK

2034 988
2031 384
2028 2028
2025 753
2022 1678
2019 -1988
2016 -1252
2013 1776
2010 -674
2007 -2025
2004 1687
2001 1094
1998 -1864
1995 -1057
1992 -1183
1989 706
1986 20
1983 -1005
1980 -1812
1977 1295
1974 1877
1971 950
1968 -977
1965 1015
1962 -69
1959 -65
1956 2000
1953 912
1950 1731
1947 352
1944 -1772
1941 -592
1938 238
1938 BOTTOMOFSTACK

2016 2022
2013 933
2010 1872
2007 570
2004 2004
2001 340
1998 -1793
1995 -419
1992 991
1989 1152
1986 1077
1983 -1795
1980 -476
1977 453
1974 -921
1971 532
1968 -1102
1965 -519
1962 -1234
1959 -1869
1956 91
1953 -20
1950 -315
1947 -3
1944 636
1941 -584
1938 1256
1935 10
1932 -402
1929 -26
1926 1848
1923 1272
1920 576
1917 913
1914 -264
1911 494
1908 -2029
1905 381
1902 1099
1899 909
1896 1586
1893 -1281
1890 -1844
1887 206
1884 277
1881 1953
1878 -920
1875 -322
1872 1132
1869 -386
1866 934
1863 1754
1860 -647
1857 1298
1854 1535
1851 -630
1848 -1729
1845 845
1842 1362
1839 -1874
1836 -44
1833 -1982
1830 -969
1827 1323
1824 580
1821 -313
1818 -772
1815 -1330
1812 -637
1809 865
1806 -1507
1803 349
1800 776
1797 1414
1794 312
1791 863
1788 -723
1785 128
1782 -1201
1779 -636
1776 -50
1773 -438
1770 -1983
1767 338
1764 -1480
1761 -1600
1758 -1210
1755 72
1752 282
1749 -754
1746 -902
1743 949
1740 -1089
1737 -437
1734 839
1731 358
1728 975
1725 -258
1722 824
1719 -1355
1716 975
1713 426
1710 1456
1707 -1327
1704 320
1701 1947
1698 1921
1695 -1304
1692 1471
1689 -378
1686 2017
1683 -654
1680 716
1677 -845
1674 -965
1671 26
1668 -992
1665 -1238
1662 -850
1659 -1550
1656 347
1653 49
1650 1292
1647 -1981
1644 -215
1641 469
1638 -1539
1635 854
1632 -1984
1629 232
1626 -1949
1623 989
1620 -1487
1617 -1034
1614 -1831
1611 -925
1608 -178
1605 1535
1602 1956
1602 BOTTOMOFSTACK

2028 589
2025 771
2022 2022
2019 -1639
2016 1798
2013 697
2010 -1767
2007 1049
2004 1410
2001 -1561
1998 1187
1995 1612
1992 632
1989 -687
1986 -419
1983 485
1980 -544
1977 6
1974 -30
1971 1781
1968 764
1965 -297
1962 138
1959 -1528
1956 157
1953 1695
1950 1892
1947 1052
1944 -533
1941 880
1938 -1847
1935 1316
1932 -1719
1929 -73
1926 -233
1923 1481
1920 1488
1917 641
1914 827
1911 1173
1908 1699
1905 115
1902 -1437
1899 1112
1896 716
1893 -939
1890 879
1887 963
1884 163
1881 64
1878 -1189
1875 -1091
1872 1498
1869 206
1866 -1451
1863 -135
1860 203
1857 650
1854 1404
1851 2046
1848 1872
1845 -1484
1842 559
1839 1524
1836 509
1833 -259
1830 1025
1827 -927
1824 1467
1821 1747
1818 -1847
1815 206
1812 818
1809 -1095
1806 1657
1803 373
1800 -1047
1797 -1848
1794 -1689
1791 -1230
1788 1865
1785 1672
1782 -1009
1779 -182
1776 597
1773 -382
1770 -1645
1767 -959
1764 1600
1761 1786
1758 -623
1755 1399
1752 1604
1749 -41
1746 566
1743 1068
1740 -1226
1737 -1144
1734 1098
1731 781
1728 -965
1725 -1406
1722 -1513
1719 1654
1716 509
1713 1313
1710 1868
1707 -156
1704 1371
1701 1700
1698 -1047
1695 464
1692 1384
1689 -74
1686 659
1683 -1943
1680 1589
1677 39
1674 1752
1671 1518
1668 -561
1665 1445
1662 1251
1659 904
1656 -1689
1653 -707
1650 1333
1647 -1392
1644 -439
1641 1016
1638 34
1635 -1637
1632 175
1629 -1613
1626 -472
1623 -2000
1620 -732
1617 1937
1614 -603
1611 1291
1608 668
1605 -772
1602 1784
1599 697
1596 1222
1593 127
1590 -1661
1587 -825
1584 -841
1581 1106
1581 BOTTOMOFSTACK

