2007 51
2004 1465
2001 36
1998 1998
1995 1206
1992 -746
1989 -620
1986 -164
1983 1503
1980 -1765
1977 951
1974 -449
1971 -1043
1968 1633
1965 -1035
1962 953
1959 1954
1956 -833
1953 1627
1950 1832
1947 364
1944 1318
1941 -844
1938 -668
1935 -990
1932 -307
1929 133
1926 -959
1923 -611
1920 1260
1917 -596
1914 575
1911 1215
1908 -342
1905 -164
1902 283
1899 894
1896 -84
1893 -399
1890 -385
1887 -181
1884 1641
1881 1844
1878 -911
1875 -1115
1872 767
1869 1547
1866 -412
1863 -298
1863 BOTTOMOFSTACK

