2040 30
2037 16
2034 2034
2031 -1667
2028 761
2025 695
2022 -23
2019 -1583
2016 -901
2013 282
2010 -1282
2007 -1595
2004 -296
2001 -1787
1998 909
1995 1330
1992 -1174
1989 97
1986 -23
1983 -1375
1980 -590
1977 -1778
1974 1892
1971 -1695
1968 -2019
1965 -550
1962 -465
1959 1713
1956 -1438
1953 1202
1950 -357
1947 -1540
1944 532
1941 -1618
1938 -1292
1935 -849
1932 1467
1929 -1776
1926 1977
1923 73
1920 697
1917 -1852
1914 210
1911 67
1908 1094
1905 -1791
1902 -1913
1899 305
1896 635
1893 1862
1890 -1161
1887 -767
1884 531
1881 1735
1878 1081
1875 1600
1872 586
1869 1853
1866 -519
1863 -461
1860 -1650
1857 -1148
1854 97
1851 -987
1848 -1331
1845 -507
1842 -1497
1839 516
1836 1177
1833 884
1830 1374
1827 -1063
1824 221
1821 415
1818 -1839
1815 1763
1812 -1676
1809 1482
1806 -495
1803 1005
1800 1389
1797 -1915
1794 253
1791 791
1788 -833
1785 584
1782 1765
1779 -1188
1776 -854
1773 -1187
1770 936
1767 -1808
1764 596
1761 -1796
1758 -265
1755 -1909
1752 -2010
1749 -1927
1746 30
1743 1575
1740 852
1737 1359
1734 2046
1731 -88
1728 -108
1725 -255
1722 -1922
1719 74
1716 -397
1713 -828
1710 -189
1707 1592
1704 -67
1704 BOTTOMOFSTACK

2031 1613
2028 1563
2025 391
2022 1333
2019 210
2016 2016
2013 189
2010 -1529
2007 793
2004 1137
2001 1596
1998 -240
1995 305
1992 -1540
1989 1566
1986 1398
1983 -440
1980 -1607
1977 -731
1974 1156
1971 1697
1968 -556
1965 -331
1962 -1316
1959 -1825
1956 -281
1953 -1417
1950 -1694
1947 -1845
1944 -1623
1941 -2019
1938 -2046
1935 851
1932 241
1929 1677
1926 617
1923 1467
1920 275
1917 176
1914 1292
1911 1127
1908 1087
1905 682
1902 -1096
1899 -1709
1896 -1068
1893 -1166
1890 1414
1887 626
1884 938
1881 -1798
1878 -38
1875 -1463
1872 1660
1869 -1432
1866 -1774
1863 584
1860 -1243
1857 -1695
1854 779
1851 507
1848 1182
1845 -1341
1842 -1282
1839 -54
1836 763
1833 1915
1830 1085
1827 761
1824 -1066
1821 -1327
1818 -1627
1815 1389
1812 29
1809 -1687
1806 1532
1803 956
1800 1324
1797 -1801
1794 -300
1791 568
1788 -940
1785 811
1782 857
1779 845
1776 1770
1773 1067
1770 -240
1767 1230
1764 595
1761 -1077
1758 -1187
1755 487
1752 1062
1749 520
1746 301
1743 -1355
1740 -1654
1737 2045
1734 138
1731 -841
1731 BOTTOMOFSTACK

2037 812
2034 411
2031 2031
2028 1823
2025 937
2022 -653
2019 -1554
2016 1429
2013 -1535
2010 488
2007 453
2004 -3
2001 -1629
1998 1833
1995 1669
1992 -663
1989 -1925
1986 1046
1983 -186
1980 218
1977 1170
1974 1496
1971 810
1968 -632
1965 716
1962 1564
1959 170
1956 -738
1953 1143
1950 -1924
1947 -1275
1944 -1266
1941 -1225
1938 -781
1935 1844
1932 495
1929 -947
1926 -1223
1923 1173
1920 -1992
1917 -1013
1914 -1376
1911 290
1908 601
1905 777
1902 -31
1899 -520
1896 1901
1893 894
1890 -201
1887 -954
1884 1627
1881 -621
1878 -424
1875 -149
1872 755
1869 -1863
1866 -898
1863 1261
1860 496
1857 -1081
1854 1691
1851 -1431
1848 -1654
1845 -450
1842 -315
1839 -1816
1836 -1392
1833 1906
1830 -700
1827 -1767
1824 1859
1821 -932
1818 -1025
1815 851
1812 -713
1809 -1620
1806 -925
1803 1803
1800 -607
1797 1210
1794 -1458
1791 -1535
1788 1584
1785 1947
1782 -1888
1779 -1785
1776 384
1773 778
1770 -1970
1767 283
1764 -387
1761 959
1758 -741
1755 -440
1752 -721
1749 -536
1746 -1191
1743 -225
1740 1330
1737 1906
1734 -827
1731 -1681
1728 1887
1725 -1165
1722 -1344
1719 -1360
1716 -1519
1713 -1832
1710 635
1707 -552
1704 712
1701 1991
1698 -1556
1695 -390
1692 1288
1689 694
1686 474
1683 -1619
1680 886
1677 -1685
1674 1614
1671 -1759
1668 202
1665 24
1662 -2038
1659 -446
1656 -509
1653 1622
1650 -977
1647 -1380
1644 1042
1641 1147
1638 -2039
1635 -1343
1632 -1800
1629 -268
1626 1803
1623 -1128
1620 242
1617 281
1614 484
1611 833
1608 -774
1605 1003
1602 -1799
1599 1896
1596 965
1593 382
1590 276
1587 -1142
1584 1149
1581 152
1578 1829
1575 1542
1572 549
1569 894
1566 270
1563 1526
1560 -430
1557 686
1554 2016
1551 -250
1548 574
1545 1566
1542 -1421
1539 -58
1536 -1642
1533 659
1530 316
1527 -362
1524 755
1521 -1457
1518 701
1515 1359
1512 98
1509 -838
1506 268
1503 -486
1500 -580
1497 -440
1494 844
1491 -1568
1488 -95
1485 -1834
1482 1826
1479 1182
1476 675
1473 -1906
1470 659
1467 929
1464 -1448
1461 2016
1458 860
1455 -270
1452 573
1449 863
1446 -1160
1443 1336
1440 -156
1437 644
1434 -923
1431 1388
1428 1191
1425 -1515
1422 -975
1419 -1386
1416 -431
1413 -1037
1410 -1827
1407 2045
1404 -1572
1401 528
1398 -1072
1395 -7
1392 1988
1389 72
1386 1984
1383 -1901
1380 689
1377 -257
1374 1488
1371 -674
1368 252
1365 -476
1362 1477
1359 738
1356 -574
1353 -825
1350 2031
1347 1016
1344 1732
1341 1400
1338 -295
1335 -266
1332 1612
1329 -1259
1326 1238
1323 -1510
1320 -2042
1317 177
1314 1908
1311 969
1308 -799
1308 BOTTOMOFSTACK

2046 814
2043 606
2040 2040
2037 1002
2034 703
2031 1640
2028 18
2025 -168
2022 269
2019 -2019
2016 -1034
2013 31
2010 -76
2007 -592
2004 -304
2001 1049
1998 852
1995 -1070
1992 -2038
1989 1719
1986 -178
1983 -1573
1980 -594
1977 -1963
1974 -1893
1971 -1432
1971 BOTTOMOFSTACK

2010 1196
2007 1025
2004 804
2001 2001
1998 18
1995 -119
1992 1798
1989 567
1986 1807
1983 -19
1980 -1189
1977 2019
1974 266
1971 -1881
1968 1485
1965 -141
1962 -1393
1959 433
1956 -1336
1953 -1721
1950 -1820
1947 -694
1944 -1015
1941 1897
1938 1439
1935 -744
1932 -1073
1929 -754
1926 -1135
1923 -1760
1920 -704
1917 -1863
1914 -1930
1911 1845
1908 1735
1905 -117
1902 77
1899 -683
1896 49
1893 -1727
1890 255
1887 892
1884 1625
1881 126
1878 1072
1875 -11
1872 2017
1869 1232
1866 -820
1863 1327
1860 26
1857 -249
1854 -1146
1851 -1644
1848 -2045
1845 2021
1842 -1824
1839 -1597
1839 BOTTOMOFSTACK

