2004 1007
2001 2011
1998 39
1995 1995
1992 386
1989 1348
1986 158
1983 1772
1980 -55
1977 -370
1974 -947
1971 1869
1968 1747
1965 -882
1962 733
1959 -1208
1956 792
1953 1090
1950 1892
1947 -299
1944 -891
1941 -885
1938 1053
1935 -1572
1932 1694
1929 -1964
1926 -1872
1923 1372
1920 1039
1917 -933
1914 -183
1911 391
1908 -6
1905 1184
1902 -168
1899 -1744
1896 -1584
1893 -1992
1890 756
1887 67
1884 1740
1881 -1849
1878 -1667
1875 -941
1872 427
1869 1429
1866 542
1863 1055
1860 -1325
1857 301
1854 -1252
1851 -1200
1848 -1363
1845 -1973
1842 -1422
1839 -1377
1836 -592
1833 994
1830 2041
1827 384
1824 810
1821 1793
1818 495
1815 1319
1812 -906
1809 438
1806 1193
1803 -1558
1800 1568
1797 -1571
1794 -1114
1791 2035
1788 1497
1785 1779
1782 1133
1779 942
1776 -824
1773 -939
1770 -524
1767 -1393
1764 -284
1761 -939
1758 1491
1755 -1527
1752 788
1749 -1535
1746 -290
1743 1062
1740 -1204
1737 -1926
1734 -1433
1731 777
1728 563
1725 722
1722 -963
1719 869
1716 360
1713 1668
1710 -122
1707 594
1704 -1863
1701 2040
1698 85
1695 1587
1692 -486
1689 -166
1686 848
1683 449
1680 875
1677 1807
1674 -1491
1671 669
1668 -1540
1665 -138
1662 675
1659 1153
1656 704
1653 -313
1650 -481
1647 190
1644 7
1641 -1879
1638 1392
1635 490
1632 -1144
1629 1094
1626 219
1623 -1715
1620 1575
1617 2028
1614 -1130
1611 -1615
1608 764
1605 1883
1602 1071
1599 1606
1596 1437
1593 1406
1590 -356
1587 1344
1584 -1085
1581 263
1578 -198
1575 -231
1572 295
1569 -1318
1566 -1533
1563 -118
1560 -1157
1557 1202
1554 1045
1551 -1485
1548 -335
1545 -615
1542 108
1539 1860
1536 -512
1533 257
1530 -449
1527 -484
1524 432
1521 1535
1518 -1793
1515 -53
1512 -1249
1509 924
1506 -1725
1503 -1697
1500 -1755
1497 443
1494 2025
1491 -231
1488 1502
1485 1080
1482 65
1479 -1084
1476 1013
1473 1074
1470 -777
1467 707
1464 -1704
1461 716
1458 -1659
1455 37
1452 250
1449 -1639
1446 -1344
1446 BOTTOMOFSTACK

2052 1415
2049 730
2046 407
2043 607
2040 237
2037 2037
2034 385
2031 -1907
2028 -1742
2025 258
2022 1365
2019 1687
2016 -292
2013 -467
2010 424
2007 -1420
2004 66
2001 -942
1998 -1670
1995 1350
1992 1091
1989 -1220
1986 2037
1983 -389
1980 616
1977 2024
1974 -1601
1971 1769
1968 2012
1965 395
1962 -133
1959 -362
1956 -349
1953 1046
1950 -469
1947 1152
1944 -1070
1941 -391
1938 -1910
1935 521
1932 25
1929 114
1926 -196
1923 1018
1920 -299
1917 1034
1914 40
1911 -87
1908 22
1905 -1927
1902 -1312
1899 1278
1896 -1318
1893 1746
1890 -193
1887 1256
1884 -1943
1881 -365
1878 -14
1875 1562
1872 2011
1869 430
1866 -347
1863 -1307
1860 2010
1857 1432
1854 1404
1851 -1518
1848 740
1845 1821
1842 1285
1839 -718
1836 -1357
1833 -1331
1830 -1331
1827 -1879
1824 1785
1821 293
1818 -1888
1815 1638
1812 1802
1812 BOTTOMOFSTACK

2028 93
2025 750
2022 718
2019 393
2016 2016
2013 -571
2010 -1399
2007 -1676
2004 -37
2001 -1783
1998 1066
1995 -537
1992 -680
1989 554
1986 456
1983 -1393
1980 -341
1977 -800
1974 1056
1971 -120
1968 853
1965 1946
1962 1047
1959 1630
1956 1580
1953 16
1950 -40
1947 1827
1944 -1238
1941 1472
1938 523
1935 93
1932 389
1929 1438
1926 -1871
1923 -1554
1920 1166
1917 -1454
1914 -1539
1911 -564
1908 746
1905 -89
1902 130
1899 429
1896 -139
1893 -534
1890 -266
1887 777
1884 -1424
1881 -1038
1878 1056
1875 227
1872 -419
1869 666
1866 -755
1863 -1207
1860 409
1857 -1883
1854 876
1851 -1710
1848 -758
1845 -137
1842 456
1839 -878
1836 -435
1833 -550
1830 -1486
1827 -608
1824 758
1821 1910
1818 -1116
1815 401
1812 20
1809 -590
1806 1269
1803 -742
1800 -1602
1797 1591
1794 791
1791 -1327
1788 231
1785 -172
1782 136
1779 -1996
1776 -230
1773 -21
1770 -814
1767 -1038
1764 283
1761 -1737
1758 781
1755 2047
1752 770
1749 35
1746 248
1743 1576
1740 -394
1737 -76
1734 844
1731 -19
1728 -100
1725 -169
1722 -906
1719 1558
1716 -347
1713 -191
1710 674
1707 16
1704 82
1701 1295
1698 -365
1695 -5
1692 -871
1689 1256
1686 1604
1683 208
1680 -1008
1677 -1198
1674 -370
1671 1442
1668 -735
1665 931
1662 1213
1659 -975
1656 -1907
1653 -1487
1650 1293
1647 57
1644 -2006
1641 -416
1638 1739
1635 -161
1632 1971
1629 211
1626 1936
1623 -115
1620 56
1617 -711
1614 585
1611 -323
1608 1065
1605 -355
1602 -1087
1599 276
1596 774
1593 -866
1590 1917
1587 145
1584 -865
1581 -578
1578 -873
1575 -878
1572 -333
1569 1540
1566 1945
1563 1906
1560 1692
1557 1131
1554 -945
1551 -136
1548 593
1545 1782
1542 1185
1539 -980
1536 318
1533 -1766
1530 -638
1527 -1119
1524 294
1521 1041
1518 -1064
1515 -2033
1512 -1560
1509 225
1506 522
1503 916
1500 -704
1497 1850
1494 215
1491 -593
1488 -1854
1485 832
1482 449
1479 -1802
1476 -1422
1473 -30
1470 1691
1467 -1035
1464 1088
1461 1807
1458 -678
1455 252
1452 1179
1449 765
1446 -1058
1443 856
1440 1020
1437 1150
1434 -1218
1431 -1130
1428 -1774
1425 -1281
1422 835
1419 1780
1416 16
1413 -1807
1410 269
1407 1500
1404 1110
1401 654
1398 -181
1395 1650
1392 -1837
1389 562
1386 1980
1383 568
1380 194
1377 -1509
1374 -1314
1371 -51
1368 -258
1365 1969
1362 -1741
1359 905
1356 -559
1353 -1518
1350 -855
1347 1074
1344 1001
1341 -1173
1338 2011
1335 234
1332 -935
1329 1816
1326 1133
1323 -1197
1320 826
1317 -691
1314 -880
1311 -1325
1308 695
1305 1854
1302 1229
1299 1077
1296 657
1293 -1826
1290 770
1287 3
1284 1258
1281 85
1278 -1111
1275 -1885
1272 -689
1269 1603
1266 978
1263 -2034
1260 -896
1257 -1448
1254 869
1251 -561
1248 -1021
1245 1496
1242 982
1239 -43
1236 -590
1233 1941
1230 -569
1227 216
1224 1083
1221 -627
1218 -1166
1215 -1629
1212 -745
1209 1870
1206 -463
1203 1713
1200 633
1197 1283
1194 -1692
1191 449
1188 -175
1185 -1899
1182 -842
1179 -1033
1176 415
1173 1175
1170 662
1167 1044
1164 -839
1161 134
1158 1953
1155 -886
1152 -946
1149 1910
1146 1419
1143 250
1140 -1544
1137 -296
1134 -1646
1134 BOTTOMOFSTACK

2046 187
2043 745
2040 474
2037 588
2034 2034
2031 608
2028 1837
2025 -1206
2022 1993
2019 -1913
2016 1346
2013 -1569
2010 1346
2007 -1666
2004 -928
2001 830
1998 556
1995 1664
1992 -973
1989 1244
1986 -265
1983 386
1980 -987
1977 -460
1974 -1194
1971 436
1968 69
1965 1647
1962 1317
1959 -123
1956 -560
1953 -1984
1950 -1536
1947 -2001
1944 -742
1941 1764
1938 -1141
1935 -338
1932 858
1929 -142
1926 -1497
1923 -1226
1920 -197
1920 BOTTOMOFSTACK

2025 682
2022 1281
2019 93
2016 361
2013 783
2010 2010
2007 268
2004 -1846
2001 296
1998 -840
1995 -1571
1992 18
1989 -94
1986 1938
1983 1765
1980 1158
1977 -1306
1974 1684
1971 -1562
1968 1996
1965 82
1962 -188
1959 277
1956 1331
1953 -1963
1950 1831
1947 844
1944 669
1941 -310
1938 2047
1935 -570
1932 83
1929 -255
1926 -1035
1923 1919
1920 -1901
1917 915
1914 -1012
1911 56
1908 -1454
1905 -961
1902 163
1899 -590
1896 -2019
1893 1519
1890 -1405
1887 537
1884 -410
1881 -687
1878 -695
1875 -841
1872 627
1869 814
1866 1368
1863 -746
1860 328
1857 1179
1854 1013
1851 -274
1848 -1711
1845 270
1842 1931
1839 -1670
1836 -235
1833 864
1830 489
1827 -624
1824 -1529
1821 204
1818 968
1815 1009
1812 -1361
1809 251
1806 1630
1803 687
1800 1243
1797 855
1794 -198
1791 -618
1788 286
1785 375
1782 -860
1779 953
1776 839
1773 2022
1770 -159
1767 843
1764 -1803
1761 1790
1758 -1039
1755 1164
1752 -519
1749 -337
1746 1955
1743 -1353
1740 -1884
1737 -1242
1734 381
1731 -983
1728 1745
1725 -539
1722 1929
1719 886
1716 -1306
1713 -1678
1710 1006
1707 1244
1704 1614
1701 -1133
1698 40
1695 440
1692 1511
1689 -1878
1686 -1806
1683 -1810
1680 -882
1677 532
1674 -493
1671 469
1668 1169
1665 643
1662 -924
1659 -1446
1656 -1552
1653 -1884
1650 -1420
1647 1818
1647 BOTTOMOFSTACK

2046 617
2043 1745
2040 240
2037 1900
2034 984
2031 2031
2028 622
2025 -1011
2022 -1760
2019 1695
2016 743
2013 -1564
2010 121
2007 -1122
2004 -1402
2001 -261
1998 1783
1995 -1120
1992 -651
1989 623
1986 -18
1983 2024
1980 -258
1977 422
1974 -924
1971 1617
1968 584
1965 1034
1962 328
1959 -1203
1956 1613
1953 -1839
1950 762
1947 -1643
1944 -1616
1941 1161
1938 1771
1935 -315
1932 -260
1929 1208
1926 1601
1923 -560
1920 -963
1917 225
1914 1691
1911 -225
1908 1561
1905 -1516
1902 -2011
1899 -1213
1896 365
1893 -1641
1890 205
1887 -763
1884 -1879
1881 1688
1878 -1947
1875 -180
1872 106
1869 -331
1866 -1813
1863 -1012
1860 -1196
1857 1173
1854 -976
1851 -911
1848 -1898
1845 -505
1842 1184
1839 -983
1836 -1498
1833 -593
1830 -1877
1827 776
1824 -585
1821 -1023
1818 1703
1815 -562
1812 20
1809 631
1806 247
1803 -1149
1800 904
1797 -1375
1794 -1430
1791 -1366
1788 2016
1785 1661
1782 1999
1779 -1656
1776 -1302
1773 -1963
1770 726
1767 -1063
1764 -1802
1761 1562
1758 1468
1755 1033
1752 -1908
1749 1755
1746 -1870
1743 -974
1740 -516
1737 1290
1734 574
1731 -875
1728 767
1725 1420
1722 1122
1719 142
1716 714
1713 182
1710 -311
1707 -1572
1704 1987
1701 -316
1698 1993
1695 933
1692 883
1689 -1559
1686 667
1683 -1328
1680 728
1677 1015
1674 -1872
1671 1941
1668 640
1665 -1656
1662 -21
1659 1288
1656 66
1653 -1424
1650 1827
1647 -100
1644 860
1641 -1329
1638 -406
1635 550
1632 1206
1629 1701
1626 780
1623 773
1620 649
1617 -1231
1614 1764
1611 800
1608 152
1605 -2016
1602 2034
1599 -1312
1596 -188
1593 361
1590 -213
1587 94
1584 -74
1581 -1181
1578 -1928
1575 1128
1572 1371
1569 -161
1566 2001
1563 1606
1560 -569
1557 -1077
1554 -800
1551 -1929
1548 -1189
1545 1254
1542 -387
1539 491
1536 256
1533 871
1530 868
1527 1884
1524 1791
1521 658
1518 52
1515 575
1512 1448
1509 1257
1506 1056
1503 -223
1500 -1955
1497 -957
1494 835
1491 594
1488 -1319
1485 -124
1482 -2009
1479 287
1476 815
1473 373
1470 1351
1467 -857
1464 -126
1461 -1884
1458 -884
1455 -1793
1452 -1296
1449 -1641
1446 251
1443 -1360
1440 11
1437 -1301
1434 -340
1431 -1995
1428 -1987
1425 1940
1422 1192
1419 -2033
1416 -1636
1413 -1812
1410 -65
1407 601
1404 1758
1401 1268
1398 1682
1395 60
1392 211
1392 BOTTOMOFSTACK

2040 42
2037 616
2034 1176
2031 2031
2028 91
2025 -1455
2022 -276
2019 1460
2016 762
2013 -632
2010 -1384
2007 -972
2004 -1644
2001 1782
1998 -772
1995 -1404
1992 1207
1989 -1442
1986 -1055
1983 -1175
1980 1444
1977 125
1974 98
1971 -1154
1968 -567
1965 139
1962 1693
1959 -1656
1956 -694
1953 342
1950 -386
1947 -533
1944 1262
1941 889
1938 719
1935 1198
1932 -211
1929 1133
1926 1337
1923 1968
1920 -283
1917 1344
1914 1963
1911 -1564
1908 1548
1905 751
1902 272
1899 -1358
1896 453
1893 639
1890 119
1887 -1949
1884 -1486
1881 -1348
1878 798
1875 1831
1872 595
1869 929
1866 57
1863 1670
1860 780
1857 -89
1854 -250
1851 -1499
1848 -541
1845 100
1842 1628
1839 -703
1836 1127
1833 -1669
1830 -249
1827 -494
1824 962
1821 -1807
1818 -1982
1815 1390
1812 252
1809 580
1806 -162
1803 266
1800 1627
1797 -1168
1794 -1860
1791 -1504
1788 112
1785 -839
1782 1490
1779 -1265
1776 705
1773 -99
1770 -111
1767 -1414
1764 1502
1761 -1678
1758 -1252
1755 -277
1752 1563
1749 -823
1746 -1970
1743 1155
1740 1350
1737 -953
1734 -8
1731 -394
1728 83
1725 865
1722 -1726
1719 -1257
1716 -124
1713 1172
1710 109
1707 -362
1704 1686
1701 -1585
1698 -109
1695 -334
1692 1674
1689 165
1686 729
1683 -809
1680 -1428
1677 1315
1674 -1607
1671 -1880
1668 -1019
1665 106
1662 1142
1659 -1436
1656 -1602
1653 608
1650 1400
1647 -1543
1644 -1981
1641 -390
1638 -562
1635 -214
1632 1850
1629 2025
1626 -384
1623 438
1620 -1212
1617 -1380
1614 437
1611 240
1608 1708
1605 327
1602 -256
1599 -1705
1596 -501
1593 -2009
1590 -1166
1587 1368
1584 562
1581 -416
1578 1696
1575 -1031
1572 -755
1569 1427
1566 -1953
1563 -1255
1560 -660
1557 -2007
1554 1858
1551 -1701
1548 -512
1545 -665
1542 1719
1539 -850
1536 952
1533 1288
1530 714
1527 -572
1524 1209
1521 442
1518 -1932
1515 -150
1512 -1336
1509 118
1506 -28
1503 624
1500 -253
1497 467
1494 118
1491 1710
1488 913
1485 1112
1482 -1169
1479 -1372
1476 259
1473 1286
1470 -1961
1467 -995
1464 -282
1461 1706
1458 -1266
1455 328
1452 2037
1449 2009
1446 -192
1443 -1996
1440 -730
1437 1535
1434 127
1431 -1936
1428 -689
1425 -1935
1422 1076
1419 591
1416 700
1413 899
1410 -1116
1407 713
1404 136
1401 -341
1398 -811
1395 802
1392 1966
1389 1325
1386 754
1386 BOTTOMOFSTACK

2025 1820
2022 1447
2019 1443
2016 1347
2013 2013
2010 -730
2007 -2047
2004 -297
2001 -236
1998 1458
1995 1884
1992 163
1989 721
1986 -468
1983 761
1980 -866
1977 95
1974 304
1971 -1274
1968 1977
1965 293
1962 1847
1959 -1605
1956 -118
1953 2039
1950 -1568
1947 -1907
1944 190
1941 1276
1938 1503
1935 798
1932 108
1929 673
1926 -1311
1923 1813
1920 493
1917 -338
1914 1595
1911 -593
1908 1222
1905 895
1902 -1965
1899 -437
1896 1428
1893 322
1890 -1065
1887 689
1884 1941
1881 -774
1878 836
1875 1623
1872 1934
1869 1304
1866 761
1863 1873
1860 609
1857 896
1854 1056
1851 2011
1848 -1300
1845 -862
1842 -580
1839 1862
1836 -1089
1833 -1606
1830 -535
1827 577
1824 1550
1824 BOTTOMOFSTACK

2016 372
2013 836
2010 991
2007 1530
2004 2004
2001 155
1998 733
1995 -524
1992 -1405
1989 -1939
1986 -2043
1983 -204
1980 -215
1977 137
1974 1455
1971 714
1968 -1654
1965 -530
1962 853
1959 358
1956 1523
1953 280
1950 -1082
1947 1566
1944 1268
1941 1181
1938 -1730
1935 -926
1932 935
1929 477
1926 -1267
1923 -413
1920 -1453
1917 -1057
1914 -699
1911 -1138
1908 -1150
1905 396
1902 1696
1899 816
1896 164
1893 -1264
1890 -1565
1887 325
1884 800
1881 -42
1878 1297
1875 -1977
1872 630
1869 986
1866 -1669
1863 -616
1860 -1027
1857 946
1854 -324
1851 -1702
1848 1110
1845 -207
1842 -1668
1839 -1829
1836 -646
1833 -1022
1830 916
1827 1513
1824 -159
1821 -1587
1818 548
1815 -1478
1812 679
1809 -715
1806 -729
1803 -383
1800 -1894
1797 -1618
1794 -1476
1791 -1004
1788 1591
1785 -1586
1782 -33
1779 -1735
1776 -2027
1773 -712
1770 173
1767 -2018
1764 4
1761 1340
1758 -841
1755 210
1752 1415
1749 1653
1746 747
1743 -478
1740 1455
1737 -746
1734 -1899
1731 1211
1728 1116
1725 1103
1722 -1079
1719 82
1716 874
1713 -1719
1710 1707
1707 -1319
1704 1657
1701 -499
1698 -1348
1695 -1254
1692 852
1689 1112
1686 -1304
1683 142
1680 -1941
1677 -1085
1674 4
1671 -1815
1668 -1100
1665 610
1662 -83
1659 1135
1656 182
1653 -673
1650 -924
1647 726
1644 -1681
1641 -410
1638 223
1635 3
1632 -821
1629 1683
1626 1660
1623 -740
1620 -1417
1617 920
1614 1798
1611 1085
1608 176
1605 -263
1602 1212
1599 -1226
1596 954
1593 23
1590 1873
1587 -1096
1584 -1595
1581 4
1578 -362
1575 1293
1572 1202
1569 2022
1566 709
1563 -250
1560 -1255
1557 -1174
1554 909
1551 709
1548 -1043
1545 -469
1542 -368
1539 -640
1536 -1962
1533 1575
1530 362
1527 1333
1524 -1281
1521 1677
1518 313
1515 -1386
1512 -938
1509 688
1506 1123
1503 1403
1500 287
1497 -78
1494 1637
1491 1937
1488 1625
1485 651
1482 1118
1479 191
1476 1255
1473 -1430
1470 -249
1467 -1655
1464 -926
1461 1517
1458 317
1455 -544
1452 1659
1449 133
1446 -2021
1443 316
1440 222
1437 846
1434 -1825
1431 -1307
1428 -654
1425 1146
1422 -595
1419 402
1416 1133
1413 -2034
1410 -82
1407 34
1404 1020
1401 907
1398 -1651
1395 432
1392 -466
1389 2038
1386 -600
1383 -337
1380 200
1377 1128
1374 -388
1371 -121
1368 655
1365 1823
1362 -1989
1359 1004
1356 411
1353 1668
1350 -333
1347 446
1344 1678
1341 -158
1338 -908
1335 1304
1332 -779
1329 -1183
1326 818
1323 1235
1320 1632
1317 209
1314 -1800
1311 -1786
1308 -347
1305 -1825
1302 -1229
1299 -1065
1296 -1670
1293 -1695
1290 219
1287 396
1284 -664
1281 1585
1278 -524
1275 -1248
1272 1370
1269 180
1266 878
1263 527
1260 -1325
1257 734
1254 -1424
1251 -1245
1248 379
1245 -513
1242 838
1239 253
1236 -555
1233 1035
1230 1857
1227 -944
1224 2024
1221 822
1218 1325
1215 1934
1212 -1031
1209 -1154
1206 1459
1203 1240
1200 -1297
1197 -332
1194 531
1194 BOTTOMOFSTACK

2016 1748
2013 1162
2010 1695
2007 2007
2004 25
2001 -1432
1998 -1951
1995 1030
1992 1097
1989 1063
1986 67
1983 -1139
1980 -1899
1977 -1551
1974 1225
1971 1856
1968 1943
1965 1449
1962 1674
1959 442
1956 987
1953 997
1950 785
1947 1554
1944 506
1941 -1399
1938 -747
1935 34
1932 -1484
1929 1181
1926 -1719
1923 846
1920 -312
1917 -1475
1914 -1986
1911 859
1908 -1783
1905 -131
1902 1574
1899 621
1896 1708
1893 -1800
1893 BOTTOMOFSTACK

