2043 1578
2040 27
2037 2037
2034 -619
2031 -1589
2028 390
2025 -1515
2022 658
2019 736
2016 1414
2013 162
2010 176
2007 1374
2004 1552
2001 679
1998 1424
1995 -1656
1992 -522
1989 -928
1986 -1419
1983 -1962
1980 659
1977 1767
1974 -652
1971 -499
1968 833
1965 -244
1962 1324
1959 -148
1956 834
1953 -300
1950 -1601
1947 -295
1944 -52
1941 1645
1938 -1979
1935 -1316
1932 -420
1929 -1261
1926 -1135
1923 348
1920 -1900
1917 1188
1914 -1580
1911 1333
1908 -1962
1905 -952
1902 -1393
1899 -899
1896 -1202
1893 678
1890 -1033
1887 -1075
1884 499
1881 -159
1878 705
1875 -1024
1872 1057
1869 -1593
1866 -966
1863 753
1860 1225
1857 -1787
1854 -236
1851 1514
1848 1727
1845 257
1842 -1923
1839 993
1836 -1633
1833 -2008
1830 -1505
1827 1132
1824 448
1821 1730
1818 415
1815 -1701
1812 54
1809 1992
1806 1910
1803 470
1800 -1452
1797 -1383
1794 -5
1791 -856
1788 1531
1785 1745
1782 927
1782 BOTTOMOFSTACK

2013 53
2010 753
2007 192
2004 2004
2001 715
1998 1954
1995 856
1992 -1886
1989 1804
1986 905
1983 -569
1980 1784
1977 1590
1974 1680
1971 -861
1968 -411
1965 724
1962 -105
1959 -270
1956 -602
1953 -244
1950 -648
1947 381
1944 958
1941 1708
1938 282
1935 -1498
1932 -1514
1929 1418
1926 537
1923 964
1920 -672
1917 737
1914 310
1911 47
1908 -539
1905 1441
1902 -1523
1899 1452
1896 1643
1893 1982
1890 684
1887 579
1884 -999
1881 -749
1878 -1291
1875 1281
1872 733
1869 795
1866 -1765
1863 2020
1860 -1831
1857 1012
1854 -505
1851 -108
1848 -1275
1845 -817
1842 1814
1839 -1835
1836 -750
1833 1552
1830 -1826
1827 224
1824 711
1821 1799
1818 354
1815 60
1812 -224
1809 -1905
1806 785
1803 -66
1800 -1686
1797 -627
1794 -1914
1791 1938
1788 1145
1785 -530
1782 -66
1779 49
1776 425
1773 768
1770 592
1767 -410
1764 1670
1761 -335
1758 742
1755 -529
1752 391
1749 309
1746 1520
1743 -419
1740 -2047
1737 -1173
1734 -626
1731 -1777
1728 -590
1725 -1941
1722 751
1719 1692
1716 816
1713 -610
1710 398
1707 -1153
1704 1459
1701 -1954
1698 1797
1695 402
1692 -1111
1689 -640
1686 1480
1683 470
1680 -652
1677 1572
1674 324
1671 666
1668 760
1665 469
1662 147
1659 708
1656 -275
1653 1197
1650 1114
1647 -526
1644 2045
1641 1966
1638 1392
1635 -1998
1632 -1073
1629 -1644
1626 1628
1623 486
1620 -1291
1617 1874
1614 -499
1611 -1234
1608 909
1605 1382
1602 100
1599 -742
1596 -254
1593 -1921
1590 -505
1587 1313
1584 -246
1581 -162
1578 -249
1575 233
1572 769
1569 772
1566 -455
1563 -2001
1560 -936
1557 -927
1554 -1903
1551 1772
1548 221
1545 16
1542 -1633
1539 752
1536 -1547
1533 264
1530 794
1527 -842
1524 1430
1521 -1488
1518 2033
1515 -1300
1512 -1032
1509 -1575
1506 -1343
1503 1581
1500 1791
1497 -394
1494 698
1491 363
1488 728
1485 -2021
1482 1143
1482 BOTTOMOFSTACK

2004 1514
2001 1230
1998 387
1995 1995
1992 -1867
1989 -532
1986 958
1983 -1205
1980 337
1977 2036
1974 -841
1971 -1300
1968 -1776
1965 429
1965 BOTTOMOFSTACK

2031 1187
2028 1408
2025 1920
2022 1408
2019 558
2016 2016
2013 -191
2010 -1935
2007 580
2004 -786
2001 650
1998 -399
1995 -999
1992 219
1989 -1853
1986 294
1983 -156
1980 -434
1977 776
1974 777
1971 -1735
1968 -3
1965 1529
1962 1941
1962 BOTTOMOFSTACK

2028 385
2025 756
2022 583
2019 164
2016 747
2013 2013
2010 1125
2007 1052
2004 362
2001 -1184
1998 -1444
1995 770
1992 -1859
1989 -616
1986 493
1983 -202
1980 808
1977 -154
1974 190
1971 -821
1968 275
1965 1182
1962 -632
1959 605
1956 1293
1953 2008
1950 -1554
1947 -1727
1944 272
1941 974
1938 871
1935 783
1932 -1702
1929 17
1926 -1900
1923 -535
1920 -724
1917 -2043
1914 170
1911 60
1908 -471
1905 -579
1902 -1223
1899 -899
1896 -1252
1893 407
1890 -1988
1887 -116
1884 -1103
1881 631
1878 181
1875 1821
1872 -462
1869 416
1866 -958
1863 979
1860 -858
1857 -289
1854 1352
1851 -746
1848 1198
1845 -1598
1842 -598
1839 -1174
1836 -1710
1833 1447
1830 -544
1827 958
1824 -540
1821 1162
1818 217
1815 -2039
1812 1369
1809 -392
1806 424
1803 1316
1800 499
1797 1386
1794 1418
1791 1528
1788 288
1785 -1926
1782 2021
1779 -644
1776 80
1773 -668
1770 425
1767 -544
1764 1084
1761 -1903
1758 -409
1755 1989
1752 46
1749 1053
1746 -974
1743 1822
1740 -535
1737 -567
1734 21
1731 -2004
1728 -956
1728 BOTTOMOFSTACK

