2007 1648
2004 1159
2001 48
1998 1998
1995 240
1992 450
1989 1521
1986 -1753
1983 646
1980 -1546
1977 89
1974 -126
1971 533
1968 1889
1965 -872
1962 52
1959 1376
1956 -2037
1953 1683
1950 1457
1947 -1474
1944 1438
1941 1788
1938 1824
1935 1674
1932 1819
1929 -978
1926 -705
1923 327
1920 1741
1917 -1341
1914 1454
1911 -1431
1908 -247
1905 1630
1902 -1870
1899 725
1896 1798
1893 -1815
1890 -427
1887 -1681
1884 -616
1881 1055
1878 -585
1875 324
1875 BOTTOMOFSTACK

2043 1937
2040 1331
2037 330
2034 1472
2031 237
2028 2028
2025 246
2022 1757
2019 229
2016 1533
2013 -1523
2010 -807
2007 -256
2004 -1277
2001 -1449
1998 857
1995 749
1992 1684
1989 730
1986 -1653
1983 516
1980 1873
1977 -802
1974 -978
1971 -1540
1968 -1095
1965 1211
1962 638
1959 2034
1956 -168
1953 -828
1950 973
1947 2034
1944 588
1941 -481
1938 1921
1935 1136
1932 1577
1929 255
1926 1323
1923 262
1920 1818
1917 1952
1914 489
1911 1360
1908 -1474
1905 -1067
1902 -1727
1899 -1360
1896 1047
1893 1152
1890 -1539
1887 -830
1884 1079
1881 1172
1878 -160
1875 264
1872 -1571
1869 -1298
1866 1829
1863 1069
1860 864
1857 -1473
1854 -903
1851 -294
1851 BOTTOMOFSTACK

2043 1696
2040 408
2037 2037
2034 877
2031 1715
2028 1891
2025 1807
2022 1052
2019 1694
2016 1816
2013 98
2010 1290
2007 475
2004 381
2001 -1898
1998 1096
1995 -450
1995 BOTTOMOFSTACK

2013 1794
2010 10
2007 1817
2004 579
2001 2001
1998 1216
1995 -67
1992 716
1989 1485
1986 -1873
1983 1446
1980 -1368
1977 1781
1974 756
1971 -607
1968 -113
1965 1016
1962 733
1959 -1928
1956 933
1953 1562
1950 1228
1947 -1892
1944 -399
1941 1460
1938 -164
1935 -247
1932 -1344
1929 1080
1926 -1164
1923 -533
1920 -707
1917 664
1914 -558
1911 145
1908 -1165
1905 325
1902 462
1899 1028
1896 -1136
1893 1630
1890 355
1887 65
1884 -1180
1881 782
1878 681
1875 1884
1872 -1725
1869 1488
1866 -1231
1863 1935
1860 -1352
1857 1360
1854 258
1851 -1829
1848 -431
1845 -1447
1842 -108
1839 1101
1836 -1275
1833 -1922
1830 922
1827 1366
1824 -396
1821 -1153
1818 -1874
1815 -1234
1815 BOTTOMOFSTACK

2043 1604
2040 1328
2037 835
2034 741
2031 2031
2028 -696
2025 -648
2022 -785
2019 -1499
2016 -353
2013 -673
2010 -1970
2007 -1747
2004 -1312
2001 1814
1998 1467
1995 -383
1992 22
1989 925
1986 1635
1983 1032
1980 -1170
1977 479
1974 28
1971 2009
1968 -625
1965 1362
1962 -1809
1959 1650
1956 1337
1953 2038
1950 825
1947 -587
1944 -941
1941 1948
1938 -1830
1935 1878
1932 -567
1929 -573
1926 -1397
1923 1425
1920 -1579
1917 45
1914 -279
1911 846
1908 833
1905 -1590
1902 -744
1899 -860
1896 -1931
1893 -1692
1890 1369
1887 1795
1884 1492
1881 -1438
1878 -401
1875 -1551
1875 BOTTOMOFSTACK

2037 598
2034 918
2031 2031
2028 1796
2025 1202
2022 -1474
2019 352
2016 -987
2013 135
2010 2045
2007 304
2004 -1953
2001 -576
1998 -1997
1995 -447
1992 -1676
1989 834
1986 1591
1983 -731
1980 1074
1980 BOTTOMOFSTACK

2025 1567
2022 1230
2019 405
2016 1119
2013 2013
2010 1185
2007 113
2004 1008
2001 -1754
1998 1535
1995 -717
1992 -1551
1989 -1956
1986 1319
1983 623
1980 947
1977 1287
1974 -561
1971 941
1968 -324
1965 423
1962 -1333
1959 -1013
1956 1770
1953 773
1950 -264
1947 1060
1944 -783
1941 1194
1938 1237
1935 257
1932 821
1929 600
1926 -586
1923 1170
1920 397
1917 1411
1914 1238
1911 -342
1908 -4
1905 1076
1902 -486
1899 600
1896 -1247
1893 -335
1890 -208
1887 412
1884 352
1881 -1080
1878 559
1875 710
1872 1970
1869 -186
1866 1164
1863 1104
1860 640
1857 504
1854 1764
1851 -1425
1848 -1347
1845 -1337
1842 -1493
1839 2000
1836 -1669
1833 -1791
1830 1221
1830 BOTTOMOFSTACK

2031 987
2028 1808
2025 884
2022 1463
2019 1284
2016 2016
2013 932
2010 1315
2007 -480
2004 -1966
2001 -110
1998 -1652
1995 -91
1992 -1583
1989 456
1986 -1728
1983 -1584
1980 1336
1977 -1393
1974 -1043
1971 1416
1968 -1506
1965 -368
1962 -502
1959 1750
1956 357
1953 -978
1950 1025
1947 1622
1944 -1575
1941 -1076
1938 1776
1935 584
1932 -1469
1929 -1036
1926 -538
1923 427
1920 1404
1917 -1499
1914 -717
1911 1123
1908 -296
1905 -1760
1902 1807
1899 -1150
1896 -703
1893 1032
1890 175
1887 1602
1884 -1863
1881 1833
1878 29
1875 144
1872 -1989
1869 -39
1866 2042
1863 1441
1860 -252
1857 1641
1854 -1926
1851 1064
1848 1618
1845 1246
1842 -444
1839 1168
1836 -1730
1833 868
1830 1609
1827 -1686
1824 -708
1821 531
1818 1626
1815 1588
1812 1636
1809 636
1806 -962
1803 -1747
1803 BOTTOMOFSTACK

2016 1362
2013 33
2010 1470
2007 2007
2004 964
2001 -492
1998 -1666
1995 1487
1992 1811
1989 -1674
1986 -676
1983 93
1980 -1584
1977 -460
1974 326
1971 466
1968 1032
1965 425
1962 -905
1959 414
1956 1242
1953 -170
1950 1797
1947 440
1944 -218
1941 -669
1938 1446
1935 1557
1932 -2032
1929 -1149
1926 689
1923 1502
1920 1116
1917 -356
1914 1915
1911 -1283
1908 -178
1905 -258
1902 -760
1899 1494
1896 -100
1893 1073
1890 -1546
1887 1871
1884 -231
1881 -1588
1878 521
1875 1307
1872 1037
1869 -1805
1866 -73
1863 -1106
1860 420
1857 -482
1854 -807
1851 1572
1848 260
1845 -736
1842 1805
1839 112
1836 698
1833 716
1830 1089
1827 -1751
1824 -1880
1821 -547
1818 -234
1815 1821
1812 1593
1809 243
1806 799
1803 -645
1800 -1816
1797 1778
1794 908
1791 -599
1788 1813
1785 -835
1782 -1436
1779 -1883
1776 203
1773 -466
1770 -1731
1767 246
1764 885
1761 -16
1758 -1212
1755 -1998
1752 -892
1749 -157
1746 -1793
1743 -1863
1740 1066
1737 1759
1734 -1426
1731 -126
1728 973
1725 955
1722 1162
1719 -640
1716 -405
1713 673
1710 -945
1707 1563
1704 -66
1701 1059
1698 1657
1695 -735
1692 -605
1689 1069
1686 1197
1683 297
1680 572
1677 -2035
1674 -1185
1671 1907
1668 740
1665 1056
1662 1897
1659 -1556
1656 1749
1653 552
1650 317
1647 1122
1644 -580
1641 351
1638 1136
1635 618
1632 -1985
1629 1642
1626 -145
1623 38
1620 -498
1617 1840
1614 -1745
1611 982
1608 174
1605 -1969
1602 -1008
1599 1071
1596 267
1593 1442
1590 1061
1587 -665
1584 -1738
1581 -376
1578 305
1575 -1122
1572 -1306
1569 -398
1566 314
1563 212
1563 BOTTOMOFSTACK

2046 1440
2043 1691
2040 242
2037 196
2034 1671
2031 2031
2028 499
2025 -1745
2022 320
2019 -178
2016 -2045
2013 269
2010 1103
2007 1188
2004 -635
2001 -1892
1998 1743
1995 -1336
1992 820
1989 450
1986 318
1983 81
1980 658
1977 -210
1974 449
1971 -1209
1968 -1007
1965 1180
1962 -962
1959 -239
1956 -1355
1953 216
1950 161
1947 -137
1944 -610
1941 40
1938 284
1935 -289
1932 -337
1929 508
1926 766
1923 575
1920 830
1917 1000
1914 -928
1911 -1522
1908 -875
1905 2033
1902 -1591
1899 -957
1896 1893
1893 -1744
1890 -1397
1887 192
1884 1802
1881 -1587
1878 -421
1875 1445
1872 -358
1869 -1630
1866 -1330
1863 1977
1860 -93
1857 1720
1854 -418
1851 -1457
1848 -136
1845 518
1842 1020
1839 -1266
1836 673
1833 653
1830 1863
1827 1501
1824 -98
1821 1378
1818 443
1815 -1394
1812 -95
1809 1219
1806 -1482
1803 -331
1800 1668
1797 545
1794 1503
1791 -86
1788 -1168
1785 877
1782 -1818
1779 1925
1776 -896
1773 457
1770 1180
1767 -188
1764 -120
1761 -633
1758 1091
1755 -438
1752 974
1749 -2027
1746 -510
1743 1557
1740 1748
1737 1179
1734 -795
1731 -1489
1728 -437
1725 -1387
1722 -941
1719 1417
1716 -1312
1713 35
1710 -1567
1707 46
1704 224
1701 517
1698 1531
1695 1189
1692 -969
1689 1579
1686 -1056
1683 1991
1680 -556
1677 -267
1674 -676
1671 1139
1668 -1386
1665 381
1662 -486
1659 1605
1656 -1574
1653 1078
1650 919
1647 -303
1644 554
1641 1166
1638 -1074
1635 1352
1632 -1339
1629 -1669
1626 1942
1623 2005
1620 1100
1617 -1756
1614 410
1611 609
1608 1663
1605 -1552
1602 1011
1599 -1602
1596 -510
1593 354
1590 -747
1587 -843
1584 -409
1581 -488
1578 -702
1575 342
1572 287
1569 1037
1566 972
1563 -649
1560 1842
1557 445
1554 -772
1551 -472
1548 -696
1545 -930
1542 -1170
1539 -453
1536 945
1533 1971
1530 526
1527 1195
1524 983
1521 -105
1518 -1397
1515 -1951
1512 846
1509 -263
1506 1840
1503 -153
1500 1049
1497 2020
1494 1755
1491 1128
1488 535
1485 -1647
1482 590
1479 -223
1476 477
1473 105
1470 82
1467 918
1464 -872
1461 1459
1458 374
1455 932
1452 -502
1449 2020
1446 -250
1443 -1022
1440 1468
1437 70
1434 1034
1431 984
1428 -276
1425 1266
1422 -2033
1419 -1519
1416 859
1413 -135
1410 -91
1407 1490
1404 -1998
1401 -235
1401 BOTTOMOFSTACK

