2016 1888
2013 40
2010 2010
2007 1954
2004 171
2001 -45
1998 -1530
1995 1240
1992 -130
1989 1256
1986 1268
1983 1865
1980 -1274
1977 386
1974 1742
1971 -725
1968 -1191
1965 -1006
1962 -1728
1959 998
1956 -1852
1953 1425
1950 -1578
1947 704
1944 -1516
1941 -1450
1938 -1916
1935 1707
1932 922
1929 668
1926 -1738
1923 -1165
1920 1150
1917 335
1914 1706
1911 -164
1908 -1477
1905 -53
1902 -671
1899 -1720
1896 1713
1893 -430
1890 25
1887 -733
1884 2021
1881 -1133
1878 205
1875 -1135
1872 1274
1869 -1523
1866 -481
1863 849
1860 -560
1857 -1508
1854 -834
1851 -493
1848 454
1845 -1926
1842 -1793
1839 819
1836 1554
1833 117
1830 -1433
1827 1898
1824 -757
1821 -1535
1818 -1264
1815 -114
1815 BOTTOMOFSTACK

2040 1692
2037 243
2034 2034
2031 -2028
2028 -1390
2025 -1236
2022 -496
2019 -987
2016 -1499
2013 -1268
2010 -1368
2007 -431
2004 736
2001 -9
1998 1951
1995 -425
1992 656
1989 -172
1986 24
1983 1314
1980 -1941
1977 -1459
1974 -1739
1971 -566
1968 768
1965 -999
1962 -1497
1959 -421
1956 661
1953 219
1950 -353
1947 934
1944 1394
1941 -1041
1938 -1828
1935 427
1935 BOTTOMOFSTACK

2001 404
1998 432
1995 1995
1992 -1429
1989 2040
1986 1697
1983 779
1980 437
1977 -1670
1974 195
1971 -677
1968 -236
1965 -376
1962 -851
1959 1165
1956 1919
1953 -1154
1950 -1911
1947 -785
1944 156
1941 -745
1938 -1410
1935 -557
1932 883
1929 844
1926 -901
1923 -204
1920 -1671
1917 1445
1914 -283
1911 -1695
1908 -1862
1905 576
1902 -1403
1899 -215
1896 1768
1893 1952
1890 -614
1887 813
1884 -136
1881 67
1878 -1105
1875 -236
1872 1243
1869 1629
1866 -1813
1863 810
1860 1642
1857 771
1854 1774
1851 1965
1848 -534
1845 913
1842 -239
1839 -1096
1836 -12
1833 384
1833 BOTTOMOFSTACK

2028 1771
2025 1368
2022 1318
2019 1241
2016 597
2013 2013
2010 1494
2007 337
2004 -1436
2001 452
1998 -1141
1995 -1028
1992 -647
1989 -445
1986 1261
1983 -1214
1980 -1592
1977 -1782
1974 -1218
1971 1734
1968 216
1965 -317
1962 1185
1959 -105
1956 1640
1953 -1695
1950 440
1947 -1922
1944 1267
1941 87
1938 -1604
1935 455
1932 -1592
1929 -1597
1926 -449
1923 -719
1920 -1791
1917 -746
1914 -578
1911 -975
1908 -802
1905 -1884
1902 -1311
1899 -1822
1896 326
1893 -1236
1890 -610
1887 -1818
1884 -495
1881 1368
1878 -291
1875 -1575
1872 -1544
1869 -1743
1866 -312
1863 -1340
1860 1047
1857 1876
1854 -879
1851 1097
1848 -1859
1845 1503
1842 474
1839 -1268
1836 -1248
1833 -483
1830 774
1827 572
1824 -150
1821 164
1818 -1776
1815 -411
1812 618
1809 1935
1806 -1765
1803 1881
1800 -955
1797 94
1794 1621
1791 -1511
1788 35
1785 1557
1782 -1870
1779 1603
1776 343
1773 1216
1770 1283
1767 -1469
1764 -701
1761 460
1758 -982
1755 -1764
1752 1220
1749 -340
1746 930
1743 -1168
1740 652
1737 332
1734 -876
1731 813
1728 1512
1725 314
1722 -362
1719 990
1716 -1646
1713 -481
1710 1327
1707 -1119
1704 1592
1701 1044
1698 -788
1695 2012
1692 631
1689 -406
1686 2
1683 1097
1680 1764
1677 -266
1674 797
1671 -209
1668 -1347
1665 1162
1662 510
1659 -1889
1656 1521
1653 -710
1650 -901
1647 -827
1644 860
1641 -1656
1638 1951
1635 -1492
1632 -584
1629 792
1626 1227
1623 668
1620 -583
1617 1559
1614 962
1611 -1015
1608 756
1605 1127
1602 1669
1599 778
1596 -1380
1593 810
1590 -912
1587 -247
1584 -217
1581 -1485
1578 -619
1575 -742
1572 -531
1569 952
1566 1320
1563 961
1560 -1538
1557 -593
1554 1031
1551 153
1548 -70
1545 -2027
1542 1817
1539 1344
1536 -420
1533 -533
1530 -1508
1530 BOTTOMOFSTACK

2040 923
2037 1761
2034 1157
2031 242
2028 783
2025 2025
2022 1164
2019 -1147
2016 1820
2013 270
2010 -851
2007 323
2004 -1573
2001 1391
1998 -216
1995 -1975
1992 1285
1989 788
1986 372
1983 -2013
1980 -1965
1977 2037
1974 176
1971 945
1968 572
1965 289
1962 1400
1959 205
1956 -1634
1953 646
1950 573
1947 -505
1944 -1253
1941 -1291
1938 2012
1935 1518
1932 -655
1929 173
1926 1062
1923 -366
1920 643
1917 -1246
1914 -399
1911 1823
1908 253
1905 -438
1902 -1334
1899 -276
1896 -1387
1893 -370
1890 -1801
1887 -522
1884 -1826
1881 -1937
1878 1458
1875 -158
1872 1236
1869 -395
1866 1571
1863 870
1860 -348
1857 1077
1854 932
1851 1120
1848 -555
1845 -1690
1842 -633
1839 1943
1836 90
1833 -1157
1830 -1735
1827 -1166
1824 1701
1821 1895
1818 58
1815 1887
1812 -499
1809 430
1806 1642
1803 -229
1800 338
1797 941
1794 -3
1791 1730
1788 -90
1785 -1684
1782 1783
1779 -1178
1776 -1125
1773 1138
1770 1092
1767 -839
1764 662
1761 -121
1758 -1704
1755 1531
1752 -1485
1749 -983
1746 1791
1743 1448
1740 1192
1737 1112
1734 67
1731 -1865
1728 -543
1725 346
1722 -931
1719 -396
1716 -1629
1713 -1913
1710 -939
1707 30
1704 -1066
1701 412
1698 -978
1695 -1004
1692 -1907
1689 -414
1686 -164
1683 -1142
1680 -103
1677 1280
1674 1701
1671 1033
1668 1978
1665 -83
1662 1973
1659 1374
1656 -1656
1653 -1678
1650 1110
1647 607
1644 -1521
1641 580
1638 1385
1638 BOTTOMOFSTACK

2022 766
2019 1593
2016 981
2013 2013
2010 239
2007 -988
2004 -1511
2001 446
1998 685
1995 759
1992 1487
1989 1947
1986 -386
1983 1459
1980 1700
1977 -890
1974 904
1971 -1146
1968 -210
1965 1450
1962 1340
1959 1966
1956 -1934
1953 -157
1950 -1413
1947 -1851
1944 1047
1941 1156
1938 -150
1935 -1209
1932 93
1929 817
1926 177
1923 -1475
1920 598
1917 1483
1914 1960
1911 248
1908 944
1905 1449
1902 1976
1899 391
1896 1888
1893 -191
1890 176
1887 204
1884 -1394
1881 -1277
1878 1763
1875 -1067
1872 -165
1869 1463
1866 -848
1863 -1020
1860 1441
1857 -188
1854 1202
1851 43
1848 705
1845 1898
1842 -418
1839 1022
1836 -1314
1833 58
1830 -1196
1827 -1682
1824 -76
1821 -1957
1818 -729
1815 427
1812 257
1809 -731
1806 -139
1803 -1457
1800 -1837
1797 -1188
1794 -396
1791 386
1788 1067
1785 -743
1782 -708
1779 -1442
1776 1990
1773 266
1770 1541
1767 365
1764 -1402
1761 -739
1758 370
1755 -10
1752 414
1749 -1378
1746 -473
1743 -598
1740 136
1737 349
1734 -816
1731 -1013
1728 -1738
1725 1116
1722 952
1719 1380
1716 959
1713 -751
1710 -1901
1707 237
1704 -637
1701 930
1698 -376
1695 157
1692 -32
1689 974
1686 125
1683 -435
1680 236
1677 1888
1674 -521
1674 BOTTOMOFSTACK

2043 130
2040 1911
2037 1821
2034 1971
2031 1155
2028 2028
2025 1113
2022 -882
2019 -664
2016 -673
2013 -566
2010 1600
2007 908
2004 -744
2001 534
1998 1914
1995 -1369
1992 -786
1989 1137
1986 1905
1983 267
1980 1164
1977 1778
1974 -1430
1971 -1082
1968 1550
1965 -1999
1962 -1849
1959 -896
1956 -1915
1953 -1032
1950 1306
1947 971
1944 -975
1941 -755
1938 1652
1935 -660
1932 -207
1929 -694
1926 56
1923 -426
1920 1122
1917 -1186
1914 1965
1911 1610
1908 662
1905 -1485
1902 1553
1899 2000
1896 596
1893 1848
1890 -924
1887 -1907
1884 -410
1881 1586
1878 715
1875 870
1872 -810
1869 -1345
1866 -1122
1863 647
1860 -545
1857 411
1854 -512
1851 1419
1848 -610
1845 -1164
1842 827
1839 -177
1836 1499
1833 -964
1830 567
1827 813
1824 1761
1821 -790
1818 -32
1815 1760
1812 -2009
1809 -975
1806 1522
1803 1115
1800 900
1797 -809
1794 697
1791 -751
1788 -1915
1785 1917
1782 -1335
1779 115
1776 -783
1773 -1597
1770 -2025
1767 -1462
1764 1012
1761 -712
1758 1513
1755 374
1752 -1689
1749 -1128
1746 -1726
1743 451
1740 127
1737 1258
1734 -680
1731 1195
1728 -1353
1725 1913
1722 1207
1719 273
1716 -1451
1713 -149
1710 445
1707 1888
1704 1114
1701 -1677
1698 1074
1695 -142
1692 -981
1689 -439
1686 1252
1683 1700
1680 586
1677 494
1674 1925
1671 1724
1668 1832
1665 1981
1662 -1001
1659 1578
1656 1102
1653 82
1650 -237
1647 1131
1644 -1389
1641 -1788
1638 -260
1635 -462
1632 1023
1629 -431
1626 1191
1623 -1466
1620 125
1617 -1756
1614 -320
1611 -1369
1608 1148
1605 1649
1602 1681
1599 -755
1596 1140
1593 392
1590 405
1587 -113
1584 857
1581 1903
1578 6
1575 -1243
1572 707
1569 -675
1566 415
1563 1993
1560 -1101
1557 62
1554 -1149
1551 902
1548 878
1545 -758
1542 -1971
1539 -1107
1536 -1349
1533 549
1530 1149
1527 1163
1524 1307
1521 -1697
1518 1539
1515 -1519
1512 -787
1509 1186
1506 -253
1503 -1138
1500 1125
1497 1234
1494 -612
1491 -2031
1488 1047
1485 969
1482 764
1479 -1704
1476 1877
1473 542
1470 1413
1467 -1026
1464 -1512
1461 1066
1458 -860
1455 1651
1452 1659
1449 825
1446 1556
1443 -364
1440 -1641
1437 -56
1434 452
1431 -1898
1428 1889
1428 BOTTOMOFSTACK

