2010 1659
2007 16
2004 2004
2001 419
1998 -845
1995 -1898
1992 -1458
1989 -1558
1986 1947
1983 -1176
1980 -2010
1977 1641
1974 428
1971 -1655
1968 -949
1965 -1187
1962 759
1959 -998
1956 -1345
1953 -1710
1950 -1968
1947 829
1944 -1564
1941 -399
1938 1249
1935 -181
1932 1211
1929 -1119
1926 -1027
1923 -844
1920 1763
1917 -1043
1914 -341
1911 -1385
1908 482
1905 993
1902 -925
1899 2006
1896 830
1893 -1237
1890 849
1887 373
1884 984
1881 1984
1878 664
1875 1778
1872 1746
1869 1938
1866 -1673
1863 -953
1860 56
1857 -783
1854 -550
1851 383
1848 492
1845 -1127
1842 -445
1839 823
1836 -824
1833 -979
1830 1925
1827 -382
1824 -1933
1821 437
1818 -909
1815 -1874
1812 -1898
1809 1066
1806 945
1803 -642
1800 -1186
1797 1877
1794 1124
1791 391
1788 1799
1785 -278
1782 -44
1779 -50
1776 1862
1773 1522
1770 -1081
1767 -931
1764 474
1761 -344
1758 1987
1755 -759
1752 1983
1749 -1561
1746 9
1743 -758
1740 -1905
1737 1353
1734 1401
1731 -1194
1728 273
1725 -1513
1722 258
1719 873
1716 -1727
1713 269
1710 791
1707 -1523
1704 670
1701 1793
1698 1316
1695 -737
1695 BOTTOMOFSTACK

2052 381
2049 1702
2046 468
2043 201
2040 2040
2037 907
2034 52
2031 1164
2028 -697
2025 -362
2022 -1582
2019 -1755
2016 1393
2013 1334
2010 476
2007 839
2004 -1611
2001 -210
1998 830
1995 1661
1992 916
1989 230
1986 93
1983 727
1980 -984
1977 2030
1974 -155
1971 -2010
1968 568
1965 -1366
1962 -973
1959 925
1956 -1480
1953 2025
1950 -1601
1947 514
1944 -1420
1941 -208
1938 -1733
1935 1130
1932 -261
1929 -396
1926 642
1923 -1696
1920 -1021
1917 -937
1914 559
1911 -1431
1908 773
1905 787
1902 -841
1899 1287
1896 1641
1893 354
1890 -412
1887 613
1884 1397
1881 -119
1878 117
1875 1208
1872 -154
1869 1112
1866 426
1863 -851
1860 1943
1857 -1443
1854 555
1851 -1483
1848 -1785
1845 -382
1845 BOTTOMOFSTACK

2043 192
2040 387
2037 2037
2034 488
2031 -1118
2028 1068
2025 -1436
2022 13
2019 435
2016 -1395
2013 93
2010 -1079
2007 1071
2004 -1016
2001 -1990
1998 -577
1995 -333
1992 1359
1989 290
1986 1389
1983 -123
1980 -1215
1977 920
1974 841
1971 -489
1968 -1448
1965 -215
1962 182
1959 1005
1956 1713
1953 -1473
1950 303
1947 -1193
1944 -1521
1941 1908
1938 75
1935 1070
1932 1419
1929 -985
1926 -1856
1923 -1686
1920 1689
1917 -1405
1914 -770
1911 881
1908 1122
1905 -203
1902 -1148
1899 1597
1896 -367
1893 275
1890 1631
1887 -1441
1884 918
1881 -1481
1878 1210
1875 -1737
1872 -1232
1869 -1298
1866 223
1863 -1067
1860 -1642
1857 974
1854 -1137
1851 -663
1848 -11
1845 236
1842 -1294
1839 1786
1836 -1085
1833 690
1830 -414
1827 -895
1824 1238
1821 -34
1818 -1454
1815 -1441
1812 -823
1809 -1866
1806 52
1803 -911
1800 713
1797 983
1794 -300
1791 -597
1788 367
1785 -31
1782 1853
1779 -966
1776 -982
1773 -903
1773 BOTTOMOFSTACK

2025 1569
2022 1727
2019 143
2016 868
2013 558
2010 2010
2007 211
2004 431
2001 -520
1998 -1987
1995 -1091
1992 355
1989 -192
1986 -1104
1983 -550
1980 -267
1977 -885
1974 -1921
1971 414
1968 467
1965 -242
1962 662
1959 -1388
1956 1917
1953 -1459
1950 -1526
1947 -123
1944 -225
1941 386
1938 -1530
1935 1831
1932 -1245
1929 -1437
1926 1217
1923 -1300
1920 622
1917 -203
1914 2020
1911 2046
1908 -530
1905 2004
1902 -1152
1899 220
1896 457
1893 2021
1890 1386
1887 152
1884 -1530
1881 1185
1878 696
1875 1142
1872 728
1869 -18
1866 -1120
1863 -1863
1860 -369
1857 750
1854 1101
1851 -1732
1848 81
1845 -373
1842 -1049
1839 -1691
1836 148
1833 105
1830 1260
1827 354
1824 -74
1821 763
1818 183
1815 -1160
1812 -1737
1809 720
1806 1313
1803 -1792
1800 -829
1797 1716
1794 1174
1791 813
1788 580
1785 -570
1782 806
1779 -649
1776 852
1773 809
1770 -1674
1767 1901
1764 -1137
1761 257
1758 -861
1758 BOTTOMOFSTACK

2049 1996
2046 1913
2043 1313
2040 1896
2037 732
2034 2034
2031 1194
2028 -1715
2025 1496
2022 -498
2019 -832
2016 476
2013 1753
2010 1120
2007 1883
2004 -1185
2001 -10
1998 560
1995 -590
1992 1789
1989 -1964
1986 -1689
1983 -153
1980 1446
1977 1156
1974 -1228
1971 1993
1968 261
1965 1083
1962 -1436
1959 336
1956 995
1953 -1614
1950 -479
1947 -104
1944 1934
1941 -601
1938 -438
1935 -621
1932 1128
1929 1726
1926 -1186
1923 356
1920 683
1917 -380
1914 -182
1911 -1767
1908 383
1905 1104
1902 1849
1899 -2003
1896 -1798
1893 -1728
1890 805
1887 304
1884 1480
1881 941
1878 -54
1875 -1719
1872 1851
1869 1057
1866 1889
1863 -49
1860 1728
1857 158
1854 689
1851 -202
1848 1455
1845 -445
1842 533
1839 -1773
1836 -749
1833 642
1830 788
1827 341
1827 BOTTOMOFSTACK

