2004 1641
2001 22
1998 1998
1995 257
1992 -478
1989 1492
1986 -1005
1983 221
1980 -355
1977 1039
1974 224
1971 -1845
1968 -131
1965 935
1962 1909
1959 818
1956 283
1953 -1843
1950 -1073
1947 284
1944 125
1941 -2025
1938 1519
1935 221
1932 -53
1929 -1264
1926 -1000
1923 -1923
1920 1622
1917 266
1914 168
1911 964
1911 BOTTOMOFSTACK

2010 1634
2007 764
2004 1206
2001 204
1998 1998
1995 124
1992 -1390
1989 -409
1986 -79
1983 1317
1980 1584
1977 937
1974 -1599
1971 1650
1968 -1749
1965 -547
1962 462
1959 643
1956 746
1953 -222
1950 -1019
1947 -1491
1944 -507
1941 1463
1938 -647
1935 -19
1932 -970
1929 -1118
1926 -1706
1923 1856
1920 -1594
1917 -442
1914 -965
1911 459
1908 1534
1905 1791
1902 -59
1902 BOTTOMOFSTACK

2010 1194
2007 1716
2004 402
2001 2001
1998 1377
1995 -692
1992 -830
1989 1215
1986 966
1983 -1319
1980 -1954
1977 473
1974 899
1971 -1898
1968 1773
1965 -766
1962 -965
1959 289
1956 1925
1953 -757
1950 -1321
1947 -1388
1944 1553
1941 1965
1938 1605
1935 -927
1932 -484
1929 -1703
1926 53
1923 -1757
1920 -215
1917 468
1914 435
1911 244
1908 563
1905 -1649
1902 873
1899 1436
1896 -751
1893 291
1890 914
1887 -1817
1884 1446
1881 192
1878 1328
1875 789
1872 829
1869 -937
1866 223
1863 -1925
1860 -1520
1857 -978
1854 2032
1851 40
1848 611
1845 1819
1842 692
1839 484
1836 1386
1833 1378
1830 1272
1827 1903
1824 -266
1821 1246
1818 -804
1815 -393
1812 1977
1809 1994
1806 -1429
1803 -334
1800 -148
1797 1513
1794 -1162
1791 1283
1788 -1918
1785 -1857
1782 1670
1779 1766
1776 848
1773 540
1770 -1258
1767 448
1764 -571
1761 -810
1758 -1211
1755 -1029
1752 882
1749 1808
1746 727
1743 1662
1740 1132
1737 1850
1737 BOTTOMOFSTACK

2034 1918
2031 591
2028 2028
2025 1282
2022 1352
2019 -1371
2016 1318
2013 -1987
2010 -1961
2007 -992
2004 -1022
2001 -637
1998 1115
1995 788
1992 -1451
1989 1199
1986 625
1983 -491
1980 -852
1977 -1582
1974 -6
1971 -1111
1968 -889
1965 222
1962 4
1959 1827
1956 -981
1953 -825
1950 -352
1947 -1914
1944 -92
1941 1412
1938 -1063
1935 1625
1932 -296
1929 -820
1926 1688
1923 -1145
1920 -287
1917 683
1914 185
1911 1672
1908 -583
1905 1120
1902 188
1899 -1083
1896 573
1893 636
1890 -2007
1887 610
1884 724
1881 445
1878 1458
1875 -1782
1872 458
1869 -1636
1866 798
1863 -1567
1860 1148
1857 866
1854 661
1851 -1166
1848 1215
1845 494
1842 1050
1839 101
1836 -1614
1833 1602
1830 -1852
1827 -391
1824 -1348
1821 -853
1818 1060
1815 -539
1812 -1406
1809 -972
1806 1354
1803 -562
1800 314
1797 -1173
1794 -1961
1791 -456
1788 1490
1785 1885
1782 -1113
1779 757
1776 -58
1773 -315
1770 831
1767 -1858
1764 -716
1761 1544
1758 1679
1755 -1292
1752 -50
1749 615
1746 -596
1743 1432
1740 -1633
1737 2036
1734 1473
1731 -1524
1728 197
1725 675
1722 -1682
1719 689
1716 262
1713 -449
1710 206
1707 -904
1704 -1299
1701 1934
1698 1938
1695 814
1692 1303
1689 -1073
1686 -493
1683 1720
1680 506
1677 -28
1674 1190
1671 -1621
1668 -972
1665 797
1662 1115
1659 -1545
1656 608
1653 -702
1650 1576
1647 -1768
1644 -1776
1641 -440
1638 -364
1635 520
1632 556
1629 -1278
1626 1654
1626 BOTTOMOFSTACK

2034 339
2031 244
2028 1934
2025 1844
2022 774
2019 2019
2016 318
2013 737
2010 1750
2007 2036
2004 -533
2001 -1148
1998 409
1995 -1152
1992 -1605
1989 -613
1986 -1557
1983 -1095
1980 -304
1977 73
1974 -1816
1971 1466
1968 -8
1965 1010
1962 -1505
1959 911
1956 424
1953 957
1950 -1834
1947 -926
1944 1903
1941 1895
1938 -414
1935 -1513
1932 761
1929 -738
1926 -1043
1923 -1333
1920 -1499
1917 1703
1914 -1223
1911 -937
1908 -385
1905 1098
1902 327
1899 1290
1896 1789
1893 18
1890 317
1887 154
1884 -1687
1881 1454
1878 725
1875 1761
1872 -1790
1869 -1746
1866 -793
1863 -535
1860 1964
1857 -290
1854 528
1851 3
1848 -1017
1845 -226
1842 336
1839 214
1836 627
1833 1186
1830 580
1827 -1819
1824 639
1821 -1684
1818 -577
1815 -926
1812 -1261
1809 661
1806 -193
1803 -24
1800 -2033
1797 1809
1794 -683
1791 596
1788 -585
1785 -1188
1782 -1098
1779 -922
1776 -104
1773 -1632
1770 -1366
1767 -1731
1764 1798
1761 -701
1758 -1248
1755 514
1752 1068
1749 1543
1746 -1373
1743 1224
1740 258
1737 -816
1734 1213
1731 -934
1728 614
1725 -31
1722 1316
1719 1591
1716 -1172
1713 -647
1710 1685
1707 1381
1704 321
1701 1352
1698 495
1695 1497
1692 305
1689 -522
1686 -1164
1683 -9
1680 1122
1677 1755
1674 -1784
1671 -632
1668 703
1665 -251
1662 13
1659 -1923
1656 -1537
1653 1596
1650 2040
1647 1540
1644 -92
1641 1183
1638 369
1635 1291
1632 1039
1629 1121
1626 573
1623 -1911
1620 844
1617 -781
1614 653
1611 168
1608 1097
1605 -476
1602 643
1599 345
1596 116
1593 -867
1590 -1960
1587 1539
1584 -1987
1581 2013
1578 -104
1575 -1928
1572 -1869
1569 -1357
1566 1934
1563 332
1560 -327
1557 -1764
1554 1030
1551 1413
1548 -1087
1545 179
1542 -1975
1542 BOTTOMOFSTACK

