2046 1755
2043 454
2040 1736
2037 383
2034 13
2031 2031
2028 293
2025 -1974
2022 517
2019 877
2016 -137
2013 -864
2010 126
2007 -73
2004 1885
2001 1080
1998 -33
1995 -221
1992 2037
1989 -1176
1986 -768
1983 -276
1980 -1233
1977 1835
1974 898
1971 119
1968 -772
1965 -1598
1962 1396
1959 -1554
1956 1677
1953 -274
1950 -1254
1947 1980
1944 418
1941 -1698
1938 1499
1938 BOTTOMOFSTACK

2013 1000
2010 1
2007 222
2004 174
2001 192
1998 1998
1995 -933
1992 -517
1989 1768
1986 1105
1983 1465
1980 838
1977 197
1974 -1650
1971 1389
1968 -674
1965 190
1962 -820
1959 -138
1956 41
1953 1096
1950 -39
1947 -587
1944 1619
1941 -568
1938 -1298
1935 999
1932 -1637
1929 535
1926 -2010
1923 -920
1920 1198
1917 -1737
1914 1245
1911 -645
1908 990
1905 -316
1902 -1677
1899 877
1896 1070
1893 447
1890 484
1887 -1906
1884 825
1881 442
1878 1549
1875 -2041
1872 -851
1869 -873
1866 -532
1863 -1437
1860 2045
1857 -1671
1854 1502
1851 -1984
1848 1095
1845 -654
1842 -538
1839 -1241
1836 575
1833 1766
1830 187
1827 -1236
1824 1599
1821 -1083
1818 897
1815 -1968
1812 1893
1809 1021
1806 -1917
1803 -416
1800 2046
1797 1740
1794 -270
1791 1828
1788 1126
1785 -1599
1782 -1187
1779 -668
1776 1037
1773 -1716
1770 -1629
1767 61
1764 -1623
1761 -1284
1758 -1548
1755 -1475
1752 233
1749 -1580
1746 -1440
1743 -2047
1740 1491
1737 -1934
1734 985
1731 -1706
1728 -427
1725 2040
1722 -1041
1719 1952
1716 822
1713 1451
1710 -1227
1707 -1675
1704 1478
1704 BOTTOMOFSTACK

2043 1277
2040 760
2037 1948
2034 231
2031 354
2028 2028
2025 181
2022 1086
2019 189
2016 -1989
2013 -914
2010 997
2007 -1224
2004 -647
2001 -1480
1998 1027
1995 -543
1992 -1700
1989 -910
1986 1983
1983 5
1980 -1460
1977 867
1974 -1580
1971 -1905
1968 -362
1965 1800
1962 -133
1959 -1389
1956 -190
1953 1228
1950 -1093
1947 1685
1944 -37
1941 1857
1938 1266
1935 -943
1932 -1036
1929 1521
1926 1423
1923 1477
1920 458
1917 1631
1914 -1794
1911 762
1908 -1559
1905 1410
1902 1018
1899 -1351
1896 -1826
1893 71
1890 -716
1887 878
1884 101
1881 -1522
1878 -711
1875 406
1872 -799
1869 -114
1866 838
1863 580
1860 -1948
1857 -92
1854 527
1851 1073
1848 336
1845 249
1842 -1842
1839 926
1836 1456
1833 1835
1830 120
1827 190
1824 1964
1821 -89
1818 -1590
1815 1319
1812 -69
1809 -875
1806 1558
1803 199
1800 -1563
1797 -1976
1794 -1005
1791 -627
1788 544
1785 -299
1782 1284
1779 -669
1776 655
1773 -1632
1770 869
1767 -523
1764 -1254
1761 -2008
1758 2004
1755 718
1752 -422
1749 -1933
1746 -1426
1743 -1841
1740 -1060
1737 -1552
1734 1738
1731 -427
1728 494
1725 483
1722 1287
1719 824
1716 -1278
1713 1864
1710 1155
1707 1608
1704 977
1701 -1408
1698 909
1695 -1206
1692 -686
1689 -1691
1686 500
1683 25
1680 -89
1677 -497
1674 -1376
1671 -630
1668 -1843
1665 618
1662 616
1659 -604
1656 -805
1653 1884
1650 1388
1647 564
1644 1232
1641 -1705
1638 -458
1635 -1532
1632 -412
1629 -1079
1626 -817
1623 -1606
1620 1713
1617 1956
1614 -970
1611 724
1608 1475
1605 251
1602 208
1599 -1174
1596 1310
1593 -824
1590 -1426
1587 -770
1584 -1476
1581 1184
1578 -1474
1575 1648
1572 -463
1569 -1836
1566 -567
1563 1042
1560 -524
1557 1866
1554 -1298
1551 1509
1548 -980
1545 -489
1542 1765
1539 452
1536 -1049
1533 249
1530 -348
1527 367
1524 -503
1521 -249
1521 BOTTOMOFSTACK

2040 1011
2037 1730
2034 676
2031 1503
2028 555
2025 2025
2022 13
2019 -1231
2016 1171
2013 -1207
2010 1755
2007 547
2004 -1077
2001 100
1998 1951
1995 -1947
1992 -1161
1989 -1442
1986 -231
1983 -791
1980 -200
1977 -1152
1974 -1588
1971 935
1968 1841
1965 -560
1962 -1399
1959 -1742
1956 -5
1953 1826
1950 -1463
1947 -327
1944 -851
1941 -1124
1938 -1835
1935 1010
1932 -903
1929 -1979
1926 -889
1923 1500
1920 -862
1917 -1256
1914 -276
1911 -1384
1908 -927
1905 1050
1902 -1725
1899 1484
1896 -1890
1893 -176
1890 -1918
1887 -1231
1884 1349
1881 -1453
1878 1281
1875 -2001
1872 -1466
1869 561
1866 854
1863 -565
1860 -231
1857 1838
1854 -1165
1851 -852
1848 2028
1845 -1287
1842 276
1839 -529
1836 -1398
1833 -1938
1830 2016
1827 -709
1824 949
1821 -1831
1818 1779
1815 467
1812 -1679
1809 -485
1806 -1453
1803 390
1800 2041
1797 -574
1794 -400
1791 1910
1788 -168
1785 938
1782 -632
1779 -1869
1776 147
1773 -1742
1770 -1518
1767 161
1764 -951
1761 26
1758 -332
1755 -1804
1752 -1685
1752 BOTTOMOFSTACK

2007 1668
2004 717
2001 2001
1998 -738
1995 552
1992 -336
1989 -953
1986 1714
1983 623
1980 434
1977 392
1974 -1842
1971 1561
1968 1
1965 1150
1962 -873
1959 1086
1956 1929
1953 1422
1950 1547
1947 1723
1944 -699
1941 812
1938 1216
1938 BOTTOMOFSTACK

2007 1165
2004 631
2001 1856
1998 873
1995 1995
1995 BOTTOMOFSTACK

2037 742
2034 681
2031 1946
2028 1074
2025 2025
2022 1689
2019 -1042
2016 -1847
2013 1922
2010 -655
2007 1459
2004 1354
2001 -548
1998 1078
1995 456
1992 22
1989 124
1986 656
1983 472
1980 -960
1977 1350
1974 283
1971 1749
1968 -222
1965 1707
1962 -1323
1959 -1373
1956 1158
1953 -1206
1950 1273
1947 1365
1944 -1796
1941 88
1938 648
1935 447
1932 -1426
1929 1197
1926 1338
1923 705
1920 293
1917 -958
1914 -89
1911 1894
1908 -1730
1905 -298
1902 -531
1899 677
1896 -1336
1893 -1234
1890 -211
1887 -1624
1884 581
1881 346
1878 1774
1875 -511
1872 695
1869 -82
1866 -1902
1863 -174
1860 -127
1857 630
1854 -97
1851 609
1848 1445
1845 -1030
1842 2025
1839 1945
1836 491
1833 442
1830 -1309
1827 1433
1824 -1715
1821 -663
1818 1917
1815 -406
1812 1234
1809 -1111
1806 322
1803 632
1800 1800
1797 -1119
1794 462
1791 776
1788 -771
1785 -1332
1782 -946
1779 658
1776 -1139
1773 683
1770 -886
1767 268
1764 1069
1761 924
1758 1572
1755 -1649
1752 219
1749 -571
1746 -695
1743 -126
1740 251
1737 505
1734 730
1731 -214
1728 649
1725 -1772
1722 -1621
1719 -537
1716 -1400
1713 1070
1710 -557
1707 1383
1704 -1715
1701 -1379
1698 -593
1695 1090
1692 -264
1689 -686
1686 -307
1683 189
1680 561
1677 726
1674 237
1671 1016
1668 195
1665 1091
1662 1138
1659 -1328
1656 661
1653 927
1650 787
1647 -1388
1644 1891
1641 1558
1638 -1771
1635 -30
1632 -1937
1629 957
1626 -980
1623 -584
1620 -1416
1617 51
1617 BOTTOMOFSTACK

2028 350
2025 2043
2022 1599
2019 1343
2016 1266
2013 2013
2010 -1814
2007 1469
2004 1448
2001 -978
1998 -594
1995 -257
1992 1528
1989 144
1986 1606
1983 728
1980 -703
1977 -1412
1974 370
1971 1395
1968 225
1965 -551
1962 -939
1959 248
1956 1386
1953 -424
1950 191
1947 1657
1944 1251
1941 1480
1938 -494
1935 1996
1932 -235
1929 1524
1926 -1883
1923 383
1920 -996
1917 -1605
1914 -1816
1911 -1095
1908 -26
1905 -1994
1902 65
1899 1469
1896 -179
1893 -1190
1890 -58
1887 -597
1884 -1426
1881 -1997
1878 -940
1875 -997
1872 1002
1869 -1984
1866 -304
1863 -748
1860 1434
1857 1454
1854 1489
1851 -1438
1848 -1675
1845 -1860
1842 1009
1839 -517
1836 62
1833 -1572
1830 1171
1827 -905
1824 1051
1821 -962
1818 -1598
1815 -1412
1812 7
1809 -677
1806 519
1803 489
1800 -843
1797 -1356
1794 110
1791 -424
1788 -1835
1785 -125
1782 920
1779 -1887
1776 777
1773 1102
1770 -814
1767 1913
1764 -1724
1761 -1873
1758 -1571
1755 867
1752 492
1749 -114
1746 -258
1746 BOTTOMOFSTACK

