2031 194
2028 11
2025 2025
2022 1579
2019 2010
2016 -1996
2013 -116
2010 635
2007 -101
2004 -1802
2001 -1898
1998 -1646
1995 -504
1992 -1813
1989 1850
1986 260
1983 2014
1980 -992
1977 -268
1974 1993
1971 -1820
1968 805
1965 1167
1962 -563
1959 1385
1956 -2004
1953 1947
1950 -1866
1947 -1115
1944 -1383
1941 340
1938 1874
1935 879
1932 -1381
1929 879
1926 2035
1923 -1472
1920 -717
1917 892
1914 1454
1911 494
1908 -223
1905 1030
1902 -1772
1899 210
1896 1189
1893 1009
1890 -1452
1887 878
1884 1029
1881 -426
1878 -1607
1875 1195
1872 1672
1869 74
1866 -731
1863 1187
1860 -812
1857 -1777
1854 -489
1851 -1706
1848 870
1845 -58
1842 56
1839 -1819
1836 1126
1833 -239
1830 -893
1827 349
1824 791
1821 -894
1818 -426
1815 -1833
1812 -1166
1809 159
1806 1701
1803 -928
1800 -1154
1797 -1010
1794 845
1791 358
1788 -835
1785 1733
1782 1045
1779 -1435
1776 -1010
1773 786
1770 1887
1767 -193
1764 -883
1761 -1335
1758 -2037
1755 -1576
1752 -883
1749 1937
1746 1370
1743 -64
1740 -274
1737 351
1734 19
1731 946
1728 -1484
1725 890
1722 172
1719 770
1716 -1193
1713 263
1710 1594
1707 -1578
1704 141
1701 367
1698 2023
1695 -756
1692 670
1689 -335
1686 864
1683 -2016
1680 -1266
1677 -1596
1674 -1946
1671 -273
1668 -1104
1665 -186
1662 941
1659 1629
1656 1192
1653 -54
1650 274
1647 1029
1644 452
1641 -1096
1638 -571
1635 637
1632 -1788
1629 -820
1626 205
1623 -805
1620 1217
1617 232
1614 842
1611 1297
1608 -834
1605 153
1602 -969
1599 -1142
1596 2033
1593 -1406
1590 389
1587 -887
1587 BOTTOMOFSTACK

2019 1262
2016 1027
2013 210
2010 2010
2007 692
2004 713
2001 983
1998 1198
1995 -1745
1992 707
1989 -1589
1986 -244
1983 1682
1980 1822
1977 -1752
1974 -594
1971 701
1968 1016
1965 -1474
1962 -1851
1959 -1173
1956 -592
1953 -278
1950 1495
1947 1912
1944 1600
1941 -366
1938 -916
1935 1500
1932 1454
1929 -537
1926 1856
1923 -120
1920 1650
1917 1060
1914 -995
1911 -508
1908 -876
1905 722
1902 -618
1899 1705
1896 -458
1893 -702
1890 -1205
1887 2039
1884 1546
1881 446
1878 1581
1875 786
1872 1895
1869 -629
1866 1963
1863 -94
1860 -965
1857 1037
1854 -1656
1851 944
1848 49
1845 1133
1842 -1162
1839 2047
1836 -1048
1833 163
1830 618
1827 1056
1824 130
1821 874
1818 956
1815 -1438
1812 1010
1809 -383
1806 -1692
1803 828
1800 -417
1797 -1860
1794 -1973
1791 -225
1788 189
1785 1169
1782 361
1779 -1606
1776 -1492
1773 -1770
1770 1714
1767 -1612
1764 -106
1761 528
1758 -1600
1755 1593
1752 165
1749 -521
1746 -1537
1743 -1253
1740 1375
1737 -184
1734 -1102
1731 -898
1728 710
1725 1190
1722 -1557
1719 -937
1716 1372
1713 -1995
1710 -820
1707 18
1704 1569
1701 584
1698 -1874
1695 -926
1692 -784
1689 -1812
1686 1237
1683 334
1680 -1655
1677 -282
1674 1383
1671 -1317
1668 -1881
1665 1378
1662 1266
1659 -965
1656 1461
1653 688
1650 1149
1647 -689
1644 1148
1641 -1252
1638 719
1635 1629
1632 -721
1629 2
1626 -1580
1623 1012
1620 1912
1617 1500
1614 1126
1611 1840
1608 1154
1605 18
1602 -1425
1599 -1169
1596 -412
1593 1567
1590 -543
1587 -1909
1584 -1289
1581 -1456
1578 487
1575 -794
1572 -1489
1569 -901
1566 -852
1563 -760
1560 -261
1557 709
1554 -1436
1551 -1410
1548 -880
1545 -1803
1542 864
1539 -478
1536 91
1533 1719
1530 -1620
1527 -1965
1524 1507
1521 -1812
1518 2043
1515 -894
1512 -937
1509 728
1506 1717
1503 1386
1500 -1706
1497 -2016
1494 -892
1491 -1257
1488 -428
1485 -315
1482 -1934
1479 -114
1476 -653
1473 224
1470 10
1467 -1768
1464 1614
1461 -1337
1458 450
1455 433
1452 -1915
1449 -1326
1446 -1182
1443 -1330
1440 -1385
1437 776
1434 615
1431 -968
1428 -309
1425 -351
1422 -2005
1419 -1808
1416 1400
1413 1407
1410 -90
1407 -247
1404 1147
1401 2022
1398 -1511
1395 -1777
1392 1802
1389 -1016
1386 2028
1383 1373
1380 936
1377 -441
1374 737
1371 -743
1368 1146
1365 -1611
1362 873
1359 -518
1356 947
1353 1058
1350 162
1347 371
1344 2017
1341 1513
1338 77
1335 1493
1332 -1880
1329 -545
1326 -1013
1323 -945
1320 1119
1317 625
1314 -296
1311 -1197
1308 -651
1305 -1942
1302 -847
1299 -1382
1296 -363
1293 746
1290 -956
1287 1551
1284 1947
1281 519
1278 1309
1275 476
1272 -1881
1269 578
1266 340
1263 624
1260 1753
1257 1500
1254 -1844
1251 180
1248 1917
1245 -1128
1242 1952
1239 2005
1236 540
1233 -1887
1230 -248
1227 1415
1224 602
1221 988
1218 1160
1215 1864
1212 1637
1209 60
1206 712
1203 -563
1200 -628
1197 -1572
1194 1741
1191 1483
1188 1682
1185 476
1182 1039
1179 -312
1176 1825
1173 998
1170 -228
1167 -1276
1164 -1376
1164 BOTTOMOFSTACK

2016 131
2013 242
2010 287
2007 1533
2004 366
2001 2001
1998 -1043
1995 290
1992 -999
1989 847
1986 1669
1983 -260
1980 1837
1977 -818
1974 1777
1971 -36
1968 -71
1965 842
1962 386
1959 -803
1956 -813
1953 1572
1950 -909
1947 166
1944 782
1941 -818
1938 34
1935 1077
1932 -1405
1929 -967
1926 785
1923 966
1920 1360
1917 1044
1914 387
1911 -1856
1908 1570
1905 -653
1902 -651
1899 1226
1896 -1724
1893 145
1890 -2036
1887 -506
1884 1320
1881 -1563
1878 -1295
1875 1814
1872 365
1869 -1666
1866 -761
1863 1945
1860 1845
1857 1903
1854 -724
1851 -667
1848 -1577
1845 -781
1842 -1382
1839 1130
1836 -47
1833 600
1830 1967
1827 -302
1824 1770
1821 258
1818 2025
1815 1474
1812 -644
1809 -10
1806 1200
1803 -1870
1800 -693
1797 -184
1794 662
1791 1940
1788 9
1785 784
1782 -1279
1779 -1617
1776 1969
1773 1691
1770 -1692
1767 -334
1764 -772
1761 -696
1758 1361
1755 1496
1752 -11
1749 1771
1746 -1005
1743 -1699
1740 1578
1737 -257
1734 -1127
1731 1142
1728 -297
1725 -240
1722 -772
1719 -930
1716 -1670
1713 -7
1710 1001
1707 680
1704 -572
1701 1105
1698 -1084
1695 -1123
1692 253
1689 -1384
1686 -625
1683 -1233
1680 -632
1677 320
1674 -1629
1671 1691
1668 -390
1665 464
1662 -844
1659 -1957
1656 -988
1653 -222
1650 1429
1647 -1962
1644 -1298
1641 1915
1638 1098
1638 BOTTOMOFSTACK

2001 789
1998 531
1995 1995
1992 1063
1989 415
1986 382
1983 -119
1980 440
1977 -860
1974 245
1971 1784
1968 1125
1965 -671
1962 -1875
1962 BOTTOMOFSTACK

2013 1593
2010 1737
2007 726
2004 2004
2001 374
1998 1712
1995 990
1992 1499
1989 476
1986 1308
1983 642
1980 1644
1977 -1568
1974 -436
1971 -729
1968 633
1965 958
1962 1748
1959 470
1956 -186
1953 -932
1950 1421
1947 -373
1944 1738
1941 809
1938 -1787
1935 1862
1932 1876
1929 -1270
1926 -398
1923 -1370
1920 75
1917 1092
1914 -931
1911 -1351
1908 933
1905 187
1902 -712
1899 -1349
1896 -891
1893 -373
1890 1405
1887 -1065
1884 325
1881 1581
1878 -1008
1875 483
1872 1854
1869 -612
1866 -423
1863 1789
1860 1567
1857 -410
1854 260
1851 -1749
1848 1108
1845 1220
1842 -1435
1839 -610
1836 1667
1833 986
1830 -1789
1827 1022
1824 600
1821 1020
1818 -1452
1815 -780
1812 309
1809 -441
1806 724
1803 -1832
1800 1622
1797 -729
1794 -381
1791 152
1788 782
1785 -1479
1782 1527
1779 1113
1776 383
1773 -348
1770 -494
1767 -305
1764 2036
1761 1313
1758 1805
1755 1412
1752 1306
1749 -900
1746 166
1743 1491
1740 864
1737 -1067
1734 -1580
1731 -658
1728 -37
1725 709
1722 -333
1719 510
1716 1067
1713 576
1710 1539
1707 327
1704 6
1701 47
1698 -1579
1695 773
1692 1273
1689 714
1686 -1678
1683 -857
1680 1843
1677 -1145
1674 -135
1671 1158
1668 326
1665 -483
1662 1982
1659 1389
1656 1338
1653 404
1650 392
1647 1507
1644 1010
1641 -1394
1638 967
1635 -1828
1632 -826
1629 401
1626 1180
1623 1557
1620 -1350
1617 388
1614 -1937
1611 -1512
1608 -836
1605 -1687
1602 -1113
1599 498
1596 466
1593 -240
1590 536
1587 91
1584 -235
1581 -853
1578 -1789
1575 1104
1572 -544
1569 1872
1566 660
1563 249
1560 950
1557 -1756
1554 -376
1551 -1490
1548 54
1545 1173
1542 182
1539 -1170
1536 906
1533 1953
1530 -446
1527 -1218
1524 -374
1521 -1069
1518 1810
1515 -1778
1512 -996
1509 -1818
1506 1830
1503 1374
1500 -498
1497 -506
1494 -189
1491 1105
1488 -195
1485 -1136
1482 -699
1479 797
1476 -321
1473 1973
1470 -143
1467 -1705
1464 -1067
1461 -72
1458 -177
1455 336
1452 1583
1449 -1786
1446 1964
1443 1678
1440 -38
1437 1465
1434 -1511
1431 430
1428 235
1425 -331
1422 -1829
1419 1856
1416 1336
1413 -20
1410 -589
1407 677
1404 180
1401 -171
1398 772
1395 584
1392 -286
1389 1597
1386 886
1383 410
1380 -344
1377 -1045
1374 1207
1371 -1766
1368 -151
1365 255
1362 4
1359 419
1356 -1891
1353 -1424
1350 266
1347 -1540
1344 -1156
1341 -1625
1338 1938
1335 1966
1332 -946
1329 199
1326 -293
1323 125
1320 -1658
1317 366
1314 -277
1311 1987
1308 481
1305 1867
1302 -1079
1299 -1916
1296 -94
1293 1834
1290 -1293
1287 -1267
1284 -1907
1281 353
1278 483
1278 BOTTOMOFSTACK

2040 1868
2037 541
2034 894
2031 2031
2028 -1977
2025 1994
2022 -168
2019 -1131
2016 630
2013 -747
2010 1918
2007 2037
2004 -103
2001 -995
1998 677
1995 -1654
1992 -1163
1989 -541
1986 1692
1983 615
1980 1507
1977 -892
1974 1049
1971 912
1968 630
1965 -102
1962 502
1959 -1601
1956 -310
1953 1253
1950 1915
1947 918
1944 1580
1941 1305
1938 766
1935 1111
1932 1195
1929 1413
1926 -1092
1923 -2031
1920 1238
1917 1557
1914 -960
1911 550
1908 -1669
1905 97
1902 -609
1899 1262
1896 763
1893 -1663
1890 390
1887 -1902
1884 -825
1881 -1038
1878 -1186
1875 1204
1872 -479
1869 873
1866 -1012
1863 -1030
1860 740
1857 1849
1854 -1234
1851 1850
1848 198
1845 -1528
1842 769
1839 66
1836 -1837
1833 -554
1830 -1004
1827 -1580
1824 -1558
1821 1057
1818 1257
1815 1857
1812 214
1809 -171
1806 -55
1803 375
1800 -462
1797 -1990
1794 1889
1791 -1833
1788 -307
1785 -291
1782 1246
1779 1918
1776 1413
1773 1009
1770 -1971
1767 1669
1764 1399
1761 -214
1758 -648
1755 -1821
1752 2038
1749 -1019
1746 -1611
1743 -282
1740 1515
1737 441
1734 325
1731 825
1728 -1453
1725 -200
1722 -1948
1722 BOTTOMOFSTACK

2040 275
2037 1426
2034 990
2031 199
2028 1065
2025 2025
2022 1103
2019 1135
2016 -300
2013 1267
2010 1117
2007 1949
2004 482
2001 -1333
1998 1425
1995 -407
1992 -1443
1989 -639
1986 -470
1983 -1007
1980 2014
1977 1996
1974 945
1971 1854
1968 -778
1965 487
1962 1375
1959 -776
1956 -266
1953 -719
1950 -948
1947 -1927
1944 -2033
1941 2013
1938 1936
1935 654
1932 -1876
1929 -1313
1926 -1822
1923 2019
1920 909
1917 -246
1914 1665
1911 -1975
1908 815
1905 -96
1902 -371
1899 -1337
1896 1876
1893 -203
1890 1112
1887 1610
1884 -883
1881 1794
1878 195
1875 -1964
1872 -972
1869 -432
1866 -1056
1863 -207
1860 1829
1857 -1246
1854 -314
1851 1031
1848 -922
1845 -1278
1842 1151
1839 1134
1836 -1586
1833 -1057
1830 -1495
1827 -931
1824 -58
1821 -1118
1818 2028
1815 1481
1812 629
1809 -1161
1806 -1904
1803 1036
1800 -739
1797 -1403
1794 -849
1791 16
1788 -91
1785 -134
1782 1121
1779 1364
1776 -952
1773 -1026
1770 233
1767 -826
1764 1126
1761 726
1758 -710
1755 1793
1752 -850
1749 1297
1746 -368
1743 1474
1740 -1720
1737 -257
1734 1231
1731 -1411
1728 -1478
1725 1361
1722 1919
1719 -1534
1716 262
1713 -1652
1710 -4
1707 1081
1704 990
1701 475
1698 365
1695 -130
1692 -1355
1689 -790
1686 -1356
1683 -1251
1680 1872
1677 1406
1674 732
1671 -313
1668 -887
1665 551
1662 -587
1659 183
1656 2008
1653 274
1650 549
1647 755
1644 -755
1641 -1640
1638 -523
1635 -258
1632 -310
1629 -1108
1626 -569
1623 -368
1620 -388
1617 926
1614 300
1611 -395
1608 -545
1605 1949
1602 203
1599 -654
1596 -95
1593 -1143
1590 -675
1587 518
1584 129
1581 -1250
1578 -666
1575 960
1575 BOTTOMOFSTACK

2049 53
2046 311
2043 1625
2040 1236
2037 2037
2034 133
2031 -1963
2028 -675
2025 -1734
2022 556
2019 809
2016 -1597
2013 1681
2010 1926
2007 -498
2004 -1141
2001 30
1998 2034
1995 461
1992 -105
1989 1424
1986 1661
1983 -347
1980 -1603
1977 -926
1974 1257
1971 -1116
1968 -1902
1965 -1017
1962 -723
1959 -41
1956 -1310
1953 278
1950 -1026
1947 -1458
1944 603
1941 1305
1938 -516
1935 -888
1932 374
1929 -2005
1926 163
1926 BOTTOMOFSTACK

2028 170
2025 1861
2022 1401
2019 2019
2016 515
2013 1405
2010 1053
2007 -99
2004 -1214
2001 -671
1998 31
1995 -733
1992 381
1989 -1755
1986 -1048
1983 -1322
1980 489
1977 1520
1974 962
1971 -286
1968 -699
1965 1743
1962 1697
1959 -1117
1956 -451
1953 -1648
1950 1869
1947 665
1944 -1229
1941 -119
1938 -1583
1935 1378
1932 155
1929 736
1926 -128
1923 -683
1920 1527
1917 878
1914 -674
1911 -764
1908 -1757
1905 -496
1902 -1413
1899 1341
1896 -734
1893 -1154
1890 -1035
1890 BOTTOMOFSTACK

2025 290
2022 886
2019 1596
2016 2016
2013 1373
2010 1630
2007 -985
2004 1556
2001 1966
1998 -1789
1995 -2040
1992 -1752
1989 -1384
1986 -1518
1983 567
1980 2001
1977 -460
1974 469
1971 -476
1968 -1487
1965 1382
1962 997
1959 1008
1956 -875
1953 141
1950 -1716
1947 -562
1944 -1341
1941 -402
1938 1468
1935 764
1932 -1481
1929 931
1926 202
1923 293
1920 -1696
1917 1269
1914 -1849
1911 -212
1908 -346
1905 -1055
1902 -2040
1899 -1050
1896 1781
1893 1586
1890 650
1887 1036
1884 2022
1881 1129
1878 1088
1875 1279
1872 -1800
1869 -1745
1866 -1662
1863 -493
1860 -1879
1857 -2033
1854 -299
1851 -372
1848 80
1845 922
1842 207
1839 -380
1836 -1820
1833 1419
1830 -264
1827 -1786
1824 1839
1821 -1349
1818 -1665
1815 -1565
1812 -200
1809 483
1806 -1211
1803 1787
1800 332
1797 1391
1794 -1738
1791 -71
1788 1338
1785 -208
1782 -2037
1779 -123
1776 -774
1773 -713
1770 1942
1767 -1023
1764 1047
1761 -1668
1758 -1418
1755 992
1752 -129
1749 -1940
1746 -1344
1743 1753
1740 -1661
1737 1208
1734 -197
1731 -1967
1728 -558
1725 23
1722 -67
1719 -357
1716 -550
1713 1400
1710 -252
1707 326
1704 34
1701 -1749
1698 256
1695 1951
1692 -615
1689 416
1686 1633
1683 1486
1680 -1277
1677 326
1674 1539
1671 -1477
1668 -1797
1665 1773
1662 -1039
1659 -973
1656 62
1653 1931
1650 -376
1647 -1568
1644 -2000
1641 -1971
1638 -631
1635 126
1632 -1584
1629 -1172
1626 998
1623 1751
1620 1657
1617 -394
1614 -309
1611 1688
1608 1116
1605 -490
1602 905
1599 1593
1596 1409
1593 -1673
1590 -1420
1587 999
1584 -486
1581 -1385
1578 -1661
1575 -1676
1572 -950
1569 1351
1566 -1522
1563 631
1560 1140
1557 -1900
1554 1998
1551 430
1548 1195
1545 194
1542 -806
1539 202
1536 1267
1533 1912
1530 83
1527 127
1524 567
1521 -1589
1518 -128
1515 -1292
1512 1525
1509 -490
1506 1315
1503 1149
1500 -1060
1497 -792
1494 773
1491 257
1488 -1505
1485 -1058
1482 -1309
1479 -949
1476 156
1473 776
1470 -583
1467 1218
1464 476
1461 1608
1458 -1206
1455 -1183
1452 -2008
1449 -1947
1446 580
1443 -941
1440 675
1437 934
1434 164
1431 -1918
1428 1051
1425 -589
1422 1418
1419 1508
1416 236
1413 -227
1410 -916
1407 -1715
1404 -1315
1401 2047
1401 BOTTOMOFSTACK

