2034 442
2031 776
2028 1626
2025 1706
2022 39
2019 2019
2016 -533
2013 1692
2010 1003
2007 60
2004 1623
2001 444
1998 1006
1995 881
1992 -994
1989 1271
1986 175
1983 -542
1980 710
1977 538
1974 -1564
1971 -17
1968 -834
1965 -1534
1962 -683
1959 -1433
1956 -325
1953 -1922
1950 -1689
1947 34
1944 -1008
1941 -1958
1938 1205
1935 120
1932 -855
1929 1757
1926 -1263
1923 -1599
1920 -671
1917 1738
1914 1593
1911 -229
1908 -971
1905 1588
1902 -459
1899 -16
1896 52
1893 -1847
1890 1114
1887 69
1884 1578
1881 1767
1878 -1619
1875 -1176
1872 -1992
1869 660
1866 -537
1863 293
1860 1874
1857 1276
1854 -541
1851 1993
1848 -1390
1845 805
1842 1281
1839 -828
1836 602
1833 1768
1830 1689
1827 -1989
1824 -522
1821 -811
1818 -1557
1815 -1840
1812 -1492
1809 946
1806 -86
1806 BOTTOMOFSTACK

2019 1236
2016 1192
2013 240
2010 2010
2007 884
2004 -612
2001 1860
1998 -1319
1995 1327
1995 BOTTOMOFSTACK

2040 998
2037 1025
2034 1889
2031 663
2028 417
2025 2025
2022 717
2019 1720
2016 -1899
2013 -1958
2010 1616
2007 -469
2004 65
2001 1885
1998 -519
1995 -1000
1992 1741
1989 558
1986 1425
1983 -1287
1980 496
1977 -490
1974 453
1971 -113
1968 315
1965 -213
1962 -1202
1959 993
1956 -1289
1953 -1064
1950 -423
1947 -398
1944 -609
1941 -86
1938 45
1935 -526
1932 301
1929 -878
1926 213
1923 -473
1920 1194
1917 457
1914 -657
1911 1542
1908 2014
1905 -365
1902 -1146
1899 -1113
1896 768
1893 190
1890 851
1887 -1431
1884 1142
1881 1917
1881 BOTTOMOFSTACK

