2022 849
2019 18
2016 2016
2013 72
2010 -1871
2007 666
2004 -1974
2001 667
1998 116
1995 362
1992 1160
1989 1274
1986 697
1983 1544
1980 1253
1977 -1750
1974 -84
1971 995
1968 -1359
1965 -980
1962 -272
1959 367
1956 -669
1953 -92
1950 -1092
1947 -2018
1944 470
1941 1970
1938 1464
1935 -1990
1932 -816
1929 -866
1926 -558
1923 -1564
1920 -363
1917 1453
1914 882
1911 957
1908 -587
1905 -496
1902 493
1899 1327
1896 1890
1893 1026
1890 1678
1887 -1843
1884 -618
1881 100
1878 676
1875 -849
1872 715
1869 -133
1866 -572
1863 -1275
1860 -2027
1857 238
1854 -553
1851 685
1848 1977
1845 -42
1842 809
1839 1223
1836 816
1833 214
1830 -307
1827 611
1824 -362
1821 1423
1818 1140
1815 1884
1812 1660
1809 498
1806 -1216
1803 1235
1800 930
1797 905
1794 528
1791 -1676
1788 1131
1785 -1080
1782 -1288
1779 1830
1776 -42
1773 -165
1770 1760
1767 2001
1764 819
1761 -1831
1758 -459
1755 1913
1752 -1832
1749 1989
1746 -1593
1743 -1335
1740 367
1737 1669
1734 1827
1731 -1389
1728 -323
1725 -195
1722 -1814
1719 -448
1716 1367
1713 -1925
1710 -964
1707 650
1704 -1883
1701 -945
1698 -279
1695 856
1692 -1672
1689 -275
1686 1888
1683 1312
1680 -657
1677 1359
1674 -1374
1671 -1913
1668 489
1665 -1921
1662 -1390
1659 669
1656 -78
1653 1910
1650 451
1647 -281
1644 -371
1641 376
1638 -1147
1635 1417
1635 BOTTOMOFSTACK

2019 81
2016 180
2013 2013
2010 932
2007 -1441
2004 -633
2001 968
1998 1254
1995 1722
1992 -20
1989 -1887
1989 BOTTOMOFSTACK

2028 1058
2025 337
2022 1692
2019 1435
2016 348
2013 2013
2010 1481
2007 1158
2004 -1947
2001 -712
1998 -1109
1995 -1549
1992 1031
1989 -1528
1986 -1501
1983 -1231
1980 1682
1977 -588
1974 -1998
1971 -89
1968 -1497
1965 633
1962 -643
1959 870
1956 1958
1953 1586
1950 -109
1947 1540
1944 1373
1941 -1172
1938 1633
1935 1426
1932 -390
1929 -1135
1926 1442
1923 601
1920 -28
1917 159
1914 850
1911 662
1908 -127
1905 -1532
1902 -965
1899 1076
1896 1897
1893 -1450
1890 829
1887 -1654
1884 -520
1881 1268
1878 99
1875 -106
1872 261
1869 -217
1866 1202
1863 -533
1860 -1331
1857 -187
1854 682
1851 -618
1848 -157
1845 -620
1842 1585
1839 1500
1836 -91
1833 623
1830 1198
1827 -1791
1824 -1601
1821 362
1818 610
1815 -2020
1812 -30
1809 1137
1806 1635
1803 964
1800 -572
1797 -4
1794 414
1791 -1631
1788 859
1785 2000
1782 -184
1779 600
1776 -1659
1773 -939
1770 342
1767 -1198
1764 534
1761 -13
1758 933
1755 -1309
1752 -327
1749 -1275
1746 100
1743 -1961
1740 1627
1737 744
1734 -855
1731 1940
1728 -1731
1725 105
1722 275
1719 619
1716 -1038
1713 1923
1710 478
1707 215
1704 435
1701 -1980
1698 -667
1695 1547
1692 1523
1689 228
1686 1214
1686 BOTTOMOFSTACK

