2022 1772
2019 879
2016 233
2013 47
2010 2010
2007 -1981
2004 -680
2001 -708
1998 837
1995 374
1992 -1263
1989 -193
1986 912
1983 -1046
1980 578
1977 1894
1974 1944
1971 688
1968 943
1965 -1497
1962 -599
1959 1412
1956 1565
1953 1625
1950 1499
1947 -1391
1944 -1540
1941 170
1938 -607
1935 -134
1932 -66
1929 94
1926 -1425
1923 442
1920 240
1917 -1534
1914 609
1911 -254
1908 1607
1905 -817
1902 -807
1899 -1817
1896 -1257
1893 513
1890 -299
1887 -652
1884 -1794
1884 BOTTOMOFSTACK

2010 1498
2007 1635
2004 1367
2001 219
1998 1998
1995 -994
1992 -156
1989 -1183
1986 514
1983 900
1980 48
1977 948
1974 -1509
1971 -1397
1971 BOTTOMOFSTACK

2013 2043
2010 1825
2007 393
2004 2004
2001 341
1998 47
1995 -1371
1992 1384
1989 -104
1986 890
1983 -509
1980 -1489
1977 403
1974 -766
1971 -508
1968 747
1965 1766
1962 -1185
1959 1933
1956 700
1953 304
1950 1727
1947 -32
1944 119
1941 -1702
1938 1338
1935 -1283
1932 1555
1929 1719
1926 1800
1923 -177
1920 -331
1917 -1790
1914 1068
1911 1730
1908 1358
1905 223
1902 486
1899 -1576
1896 1196
1893 -1863
1890 2024
1887 -880
1884 635
1881 1485
1878 -1685
1875 -327
1872 778
1869 -224
1866 1857
1863 -1815
1860 1251
1857 848
1854 1339
1854 BOTTOMOFSTACK

2043 622
2040 1344
2037 511
2034 2005
2031 546
2028 2028
2028 BOTTOMOFSTACK

2013 1112
2010 1604
2007 1284
2004 711
2001 2001
1998 -731
1995 1222
1992 -1222
1989 -852
1986 -1921
1983 1416
1980 315
1977 103
1974 509
1971 880
1968 1063
1965 -1088
1962 -247
1959 575
1956 -1331
1953 1108
1950 1899
1947 70
1944 1863
1941 1609
1938 1376
1935 -744
1932 -878
1929 -410
1929 BOTTOMOFSTACK

2010 174
2007 876
2004 2004
2004 BOTTOMOFSTACK

2043 840
2040 1643
2037 1345
2034 1008
2031 1038
2028 2028
2025 690
2022 1024
2019 -1197
2016 872
2013 1692
2010 -1492
2007 -1209
2004 1921
2001 -1407
1998 1149
1995 1678
1992 -746
1989 -1877
1986 -1825
1983 1282
1980 -12
1977 1580
1974 -74
1971 1503
1968 537
1965 1113
1962 -244
1959 1017
1956 1911
1953 539
1950 348
1947 -1263
1944 -552
1941 -324
1938 -1553
1935 -997
1932 1009
1929 420
1926 -53
1923 1482
1920 -1010
1917 1809
1914 -543
1911 361
1911 BOTTOMOFSTACK

2028 1828
2025 1430
2022 1365
2019 1521
2016 1200
2013 2013
2010 1231
2007 1675
2004 -1298
2001 -1400
1998 -198
1995 965
1992 357
1989 766
1986 -1328
1983 -1654
1980 -1750
1977 584
1974 -319
1971 -655
1968 1109
1965 -1779
1962 -938
1959 -539
1956 583
1953 1125
1950 -1979
1947 183
1944 -1119
1941 -523
1938 -437
1935 -55
1932 -478
1929 -1360
1926 -1093
1923 1240
1920 1090
1917 -1836
1914 1462
1911 2010
1908 -1054
1905 561
1902 744
1899 -1870
1896 -1992
1893 -1483
1890 -964
1887 -912
1884 1178
1881 -310
1878 694
1875 -1048
1872 1701
1869 -161
1866 -540
1863 -800
1860 -1333
1857 76
1854 -233
1851 -1895
1848 2022
1845 -563
1842 2023
1839 -714
1836 -1332
1833 1875
1830 -568
1827 2039
1824 -131
1821 -1710
1818 -309
1815 -1420
1812 -119
1809 1109
1806 1462
1803 1971
1800 43
1797 1530
1794 860
1791 -1474
1788 -497
1785 1918
1782 376
1779 827
1776 535
1773 -1333
1770 382
1767 -266
1764 -1915
1761 32
1758 -1792
1755 -569
1752 1590
1749 1403
1746 1940
1743 -725
1740 1048
1737 609
1734 1629
1731 401
1728 478
1725 -712
1722 -473
1719 981
1716 1851
1713 -1700
1710 -418
1707 1231
1704 906
1701 -1143
1698 1929
1695 50
1692 187
1692 BOTTOMOFSTACK

2031 658
2028 1306
2025 847
2022 1398
2019 2019
2016 1941
2013 1313
2010 -1309
2007 -501
2004 1413
2001 1902
1998 -1959
1995 -1240
1992 1751
1989 -2016
1986 1663
1983 149
1980 1516
1977 -461
1974 820
1971 1676
1968 -1379
1965 244
1962 -237
1959 -1922
1956 -2025
1953 485
1950 -1856
1947 344
1944 -586
1941 784
1938 392
1935 -770
1932 1588
1929 1547
1926 82
1923 -101
1920 -861
1917 -824
1914 1328
1911 989
1908 -1848
1905 1826
1902 953
1899 -28
1896 1286
1893 -527
1890 -84
1887 1994
1884 455
1881 1886
1878 -1929
1875 1297
1872 462
1869 -544
1866 1461
1863 1432
1860 -1714
1857 1544
1854 1029
1851 426
1848 1548
1845 1611
1842 1802
1839 18
1836 164
1833 1607
1830 -1030
1827 962
1824 1558
1821 1798
1818 -203
1815 -1379
1812 -1704
1809 877
1806 -1059
1803 -1508
1800 566
1797 -478
1794 -1266
1791 -827
1788 1774
1785 1866
1782 472
1779 -856
1776 -1414
1773 1326
1770 1950
1767 -1281
1764 972
1761 -269
1758 765
1755 177
1752 -1595
1749 -575
1746 -220
1743 876
1740 854
1737 196
1734 -1888
1731 -1501
1728 -768
1725 1631
1722 -492
1719 -808
1716 1575
1713 591
1710 1199
1707 -1262
1704 -1041
1701 -948
1698 447
1695 758
1692 -318
1689 126
1686 -563
1683 1429
1680 -404
1677 1650
1674 -655
1671 -643
1668 -1578
1665 -1191
1662 -345
1659 -1975
1656 1927
1653 -864
1650 559
1647 -1662
1644 65
1641 15
1638 1842
1635 1186
1632 27
1629 1264
1626 -1322
1623 -16
1620 515
1617 1480
1614 -1511
1611 -664
1608 -574
1605 388
1602 1904
1599 1269
1596 1564
1593 -1811
1590 -1941
1587 943
1584 -369
1581 860
1578 -267
1575 -1602
1572 1827
1569 -1333
1566 -891
1563 295
1560 -1874
1557 1187
1554 950
1551 -231
1548 -1085
1545 838
1542 971
1539 128
1536 1663
1533 814
1530 470
1527 -146
1524 -233
1521 489
1518 1875
1515 1525
1512 129
1509 770
1506 1614
1503 -1509
1500 604
1497 -660
1494 241
1491 -264
1488 -723
1485 672
1482 882
1479 1225
1476 -719
1473 2003
1470 -605
1467 -749
1464 136
1461 1924
1458 -1660
1455 125
1452 1990
1449 -1209
1446 1546
1443 -19
1440 887
1437 421
1434 -110
1431 309
1428 1111
1425 -1587
1422 -1198
1419 -120
1416 1596
1413 1687
1410 16
1407 -1211
1404 -910
1401 1250
1398 -879
1395 -1363
1392 1234
1389 -1982
1386 666
1383 -1262
1380 -377
1377 -1989
1374 1269
1371 535
1368 1974
1365 -623
1362 1168
1359 -405
1356 1323
1353 159
1350 113
1347 199
1344 1243
1341 305
1338 -1494
1335 1278
1332 1640
1329 516
1326 -554
1323 -1709
1320 -138
1317 -1379
1314 1057
1311 -1630
1308 -747
1305 165
1302 -1648
1299 -1942
1296 -1275
1293 -628
1290 -2019
1287 -619
1284 -120
1281 -268
1278 1766
1275 -770
1272 980
1269 -1995
1266 -311
1263 1470
1260 -303
1257 -1755
1254 545
1251 -655
1248 -901
1245 1237
1242 -1933
1239 -1518
1236 -290
1233 231
1230 -1361
1227 658
1224 -605
1221 1634
1218 117
1215 1658
1212 -204
1209 -1405
1206 705
1203 -1419
1200 -610
1197 -1238
1194 1606
1191 -1999
1188 899
1185 1410
1182 -1681
1179 1010
1176 220
1173 391
1170 305
1167 -482
1167 BOTTOMOFSTACK

2019 1728
2016 1915
2013 1552
2010 1563
2007 2007
2004 967
2001 300
1998 1232
1995 -590
1992 1484
1989 1910
1986 -1180
1983 884
1980 384
1977 666
1974 -502
1971 -779
1968 -664
1965 507
1962 1249
1959 401
1956 1201
1953 -837
1950 1043
1947 1126
1944 -654
1941 774
1938 1695
1935 511
1932 -990
1929 -1774
1926 199
1923 -1276
1920 1960
1917 218
1914 -571
1911 -285
1911 BOTTOMOFSTACK

