2022 1622
2019 2013
2016 1821
2013 49
2010 2010
2007 1474
2004 120
2001 907
1998 -1425
1995 -1068
1992 -215
1989 -311
1986 -1287
1983 130
1980 -928
1977 -720
1974 -1546
1971 422
1968 -182
1965 -212
1962 -1425
1959 -1598
1956 636
1953 -1301
1950 -1776
1947 -1234
1944 -1353
1941 -1150
1938 1376
1935 -1042
1932 28
1929 -1174
1926 1222
1923 1761
1920 -1790
1917 -654
1914 1391
1911 1488
1908 675
1905 -375
1902 1518
1899 -1196
1896 559
1893 1364
1890 291
1887 1255
1884 1377
1881 -557
1878 1705
1875 -647
1872 44
1869 1618
1866 540
1863 27
1860 1859
1857 -45
1854 1022
1851 -1822
1848 1681
1845 1259
1842 -1914
1839 433
1836 247
1833 -763
1830 -2039
1827 -1413
1824 1499
1821 568
1818 -1004
1815 1608
1812 -1232
1809 -1321
1806 1493
1803 912
1800 626
1800 BOTTOMOFSTACK

