2013 1650
2010 146
2007 459
2004 46
2001 2001
1998 1286
1995 -924
1992 -1817
1989 1000
1986 -1490
1983 -358
1980 -528
1977 1860
1974 339
1971 -148
1968 -582
1965 920
1962 785
1959 779
1956 1761
1953 -1186
1950 1499
1947 1931
1944 -990
1941 -1071
1938 1393
1935 -1491
1932 1835
1929 -1310
1926 464
1923 -1743
1920 2043
1917 1728
1914 -905
1911 -2020
1908 124
1905 132
1902 72
1899 22
1896 1993
1893 1586
1890 1325
1887 563
1884 -1441
1881 -591
1878 702
1875 2021
1875 BOTTOMOFSTACK

2031 1380
2028 1658
2025 237
2022 2022
2019 690
2016 76
2013 1693
2010 -102
2007 1593
2004 -819
2001 -607
1998 1071
1995 -1855
1992 1617
1989 1416
1986 -501
1983 -1714
1980 59
1977 1897
1974 565
1971 -1807
1968 -249
1965 350
1962 -562
1959 583
1956 480
1953 259
1950 434
1947 1003
1944 -44
1941 699
1938 1445
1935 1596
1932 156
1929 -131
1926 390
1923 493
1920 -1195
1917 916
1914 173
1911 1128
1908 -614
1905 1164
1902 -645
1899 -1502
1896 39
1893 708
1890 48
1887 83
1884 904
1881 1284
1878 873
1875 1538
1872 1885
1869 1374
1866 3
1863 -30
1860 1748
1857 320
1854 1271
1851 871
1848 -885
1845 802
1842 1666
1839 -1054
1836 -521
1833 1193
1830 -230
1827 -848
1824 -499
1821 -349
1818 -36
1815 -242
1812 -1155
1809 -141
1806 -75
1803 849
1800 1924
1797 1060
1794 -1236
1791 1548
1788 -1201
1785 -1920
1782 -1954
1779 1437
1776 -1434
1773 -1895
1770 640
1767 29
1764 1729
1761 563
1758 -499
1755 304
1752 -923
1749 -1114
1746 -1567
1743 878
1740 1619
1737 -196
1734 -1260
1731 -515
1728 -784
1725 -1074
1722 -1096
1719 558
1716 -80
1713 -1976
1710 -1486
1707 -1746
1704 -93
1701 133
1698 1904
1695 -1324
1692 -1436
1689 -1980
1686 637
1683 1920
1680 1722
1677 1221
1674 200
1671 1325
1668 1532
1665 928
1662 1353
1659 159
1656 -1323
1653 1819
1650 1045
1647 -373
1644 419
1641 -1894
1638 -1908
1635 -909
1632 1417
1629 194
1626 -2046
1623 -1502
1620 767
1617 1684
1614 637
1611 686
1608 -937
1605 -1292
1602 2040
1599 -1429
1596 437
1593 -60
1590 1214
1587 901
1584 45
1581 -1866
1578 1421
1575 -142
1572 1755
1569 1906
1566 159
1563 1129
1560 -529
1557 629
1554 319
1551 1451
1548 1510
1545 -693
1542 581
1539 -1431
1536 -1188
1533 -1693
1530 -1108
1527 -1898
1524 1834
1521 -235
1518 -896
1515 -457
1512 573
1509 934
1506 2047
1503 451
1500 -1979
1497 -389
1494 417
1491 133
1488 894
1488 BOTTOMOFSTACK

2022 1430
2019 1289
2016 435
2013 2013
2010 977
2007 -1805
2004 820
2001 -1500
1998 48
1995 1332
1992 385
1989 -534
1986 -796
1983 -1501
1980 998
1977 393
1974 1059
1971 1291
1968 64
1965 761
1962 -1904
1959 -787
1956 1653
1953 -1080
1950 -1601
1947 1720
1944 -382
1941 806
1938 740
1935 1345
1932 1662
1929 -1757
1926 88
1923 340
1920 280
1917 470
1914 -408
1911 1511
1908 -889
1905 -220
1902 -883
1899 339
1896 -2045
1893 714
1890 716
1887 -1285
1884 -189
1881 1125
1878 253
1875 -11
1872 1052
1869 -1153
1866 332
1863 1847
1860 2000
1857 -102
1854 -61
1851 1744
1848 831
1845 -515
1842 -2006
1839 1882
1836 1630
1833 -64
1830 -1928
1827 843
1824 -599
1821 365
1818 837
1815 419
1812 -171
1809 1905
1806 1784
1803 131
1800 1407
1797 -1809
1794 -217
1791 239
1788 1818
1785 1448
1782 -439
1779 1693
1776 1169
1773 1602
1770 -1721
1767 -284
1764 -1814
1761 1059
1758 -666
1755 -1321
1752 1366
1749 -1817
1746 1970
1743 2032
1740 2027
1737 -213
1734 -1986
1731 1167
1728 -1193
1725 -1541
1725 BOTTOMOFSTACK

2028 186
2025 624
2022 2022
2019 1031
2016 1324
2013 -1390
2010 1056
2007 -1645
2004 -933
2001 -1885
1998 1742
1995 -1326
1992 1948
1989 398
1986 180
1983 1940
1980 -141
1977 -2034
1974 -1753
1971 -136
1968 -1660
1965 1809
1962 -1229
1959 210
1956 -956
1953 515
1950 2035
1947 -1325
1944 -1553
1941 1463
1938 -1607
1935 -1217
1932 1040
1929 437
1926 -1791
1923 752
1920 380
1917 -1911
1914 -1145
1911 -486
1908 1572
1905 1295
1902 -208
1899 -589
1896 403
1893 115
1890 -612
1887 1096
1884 -1850
1881 -1329
1878 1333
1875 1386
1872 1926
1869 -951
1866 98
1863 -1957
1860 -646
1857 -1548
1854 -1572
1851 1688
1848 -1598
1845 716
1842 807
1839 -1089
1836 1602
1833 -1771
1830 -1906
1827 1049
1824 938
1821 -1879
1818 -961
1815 -987
1812 758
1809 847
1806 116
1803 -862
1800 591
1797 1683
1794 -413
1791 -1404
1788 361
1785 1561
1782 661
1779 613
1776 -1364
1773 1790
1770 1679
1767 200
1764 357
1761 -176
1758 -1500
1755 -1496
1752 -2030
1749 -262
1746 50
1743 -722
1740 1335
1737 -371
1734 -600
1731 1058
1728 -1013
1725 1120
1722 376
1719 1449
1716 697
1713 -1626
1710 -273
1707 543
1704 -1235
1701 1725
1698 -755
1695 587
1692 783
1689 -351
1686 -770
1683 423
1680 -1353
1677 -78
1674 98
1671 -1902
1668 -1466
1665 -275
1662 1489
1659 -1431
1656 -148
1653 -1067
1650 1476
1647 -52
1644 -1340
1641 -542
1638 -908
1635 -590
1632 -166
1629 -1811
1626 -148
1623 491
1620 -1599
1617 -1652
1614 549
1611 614
1608 1086
1605 252
1602 -629
1599 -1918
1596 1067
1593 180
1590 1153
1587 187
1584 1076
1581 1962
1578 -106
1575 -1974
1572 1441
1569 -848
1566 -696
1563 -1606
1560 1119
1557 -26
1554 -1906
1551 933
1548 1318
1545 -203
1542 1578
1539 521
1536 -542
1533 1657
1530 -556
1527 -1560
1524 -176
1521 1461
1518 1267
1515 -442
1512 -1209
1509 1828
1506 477
1503 463
1500 1788
1497 60
1494 1291
1491 -96
1488 -1227
1485 1723
1482 15
1479 1927
1476 -776
1473 1064
1470 -1105
1467 -1315
1464 -827
1461 -1206
1458 -1074
1455 -1241
1452 -1830
1449 -174
1446 -2046
1443 -1308
1440 1652
1437 259
1434 -558
1431 767
1428 916
1425 1692
1422 1667
1419 296
1416 -903
1413 1455
1410 1022
1407 -503
1404 1993
1401 -1082
1398 1405
1395 -1342
1392 -1198
1389 988
1386 3
1383 -1875
1380 1610
1377 -851
1374 -1959
1371 -250
1371 BOTTOMOFSTACK

2010 1278
2007 1063
2004 1915
2001 862
1998 825
1995 1995
1992 441
1989 1932
1986 1392
1983 -317
1980 814
1977 -898
1974 -865
1971 297
1968 -1108
1965 886
1962 -1094
1959 394
1956 -926
1953 266
1950 -1057
1947 1188
1944 1395
1941 -1717
1938 -788
1935 590
1932 -393
1929 1729
1926 1459
1923 -1092
1920 -526
1917 1136
1914 -472
1911 -1918
1908 1944
1905 -791
1902 653
1899 1546
1896 1006
1896 BOTTOMOFSTACK

2019 1675
2016 1213
2013 1017
2010 2010
2007 534
2004 1934
2001 781
1998 1219
1995 -946
1992 -1124
1989 569
1986 -431
1983 -1036
1980 376
1977 232
1974 -324
1971 1506
1968 958
1965 478
1962 -1866
1959 -1287
1956 1394
1953 -85
1950 -160
1947 1080
1944 689
1941 904
1938 207
1935 1467
1932 -1295
1929 -787
1926 -1603
1923 -320
1920 947
1917 -230
1914 1736
1911 1079
1908 -169
1905 1165
1902 -1880
1899 -522
1896 1720
1893 167
1890 -1294
1887 882
1884 10
1881 1372
1878 417
1875 1531
1872 -1075
1869 -273
1866 1244
1863 -1736
1860 1226
1857 1597
1854 -801
1851 910
1848 731
1845 -342
1842 139
1839 -270
1836 940
1833 -1691
1830 532
1827 1063
1824 1281
1821 -1187
1818 1535
1815 -1832
1812 -109
1809 -1308
1806 930
1803 972
1800 -1781
1797 -2034
1794 -697
1791 1228
1788 -1446
1785 113
1782 763
1779 -602
1776 -1899
1773 -535
1770 -110
1767 -1200
1764 1008
1761 796
1758 -252
1755 616
1752 1622
1749 619
1746 1963
1743 542
1740 -1179
1737 -1648
1734 86
1731 -434
1728 -1243
1725 -638
1722 -1085
1719 -1669
1716 -559
1713 -455
1710 939
1707 -1707
1704 -577
1701 -912
1698 -889
1695 -670
1692 1529
1689 -1773
1686 -1862
1683 1654
1680 494
1677 1089
1674 1489
1671 791
1668 742
1665 40
1662 104
1659 -1317
1656 622
1653 390
1650 1124
1647 -248
1644 1632
1641 118
1638 3
1635 1112
1632 -1731
1629 1996
1626 -1928
1623 -1329
1620 -1306
1617 -566
1614 201
1611 -1519
1608 645
1605 -810
1602 -86
1599 -1929
1596 -1366
1593 1202
1590 -1299
1587 -244
1584 -1782
1581 -1573
1578 625
1575 -586
1572 92
1569 -476
1566 1467
1563 -544
1560 200
1557 -921
1554 1979
1551 1382
1548 1032
1545 -1106
1542 1798
1539 328
1536 -948
1533 -1301
1530 -1920
1527 523
1524 -1496
1521 -1131
1518 1124
1515 1365
1512 893
1509 -1346
1506 -989
1503 224
1500 -1847
1497 1445
1494 615
1491 1900
1488 -1319
1485 -1478
1482 -1403
1479 1999
1476 1956
1473 1596
1470 -681
1467 -1693
1464 289
1461 -1472
1458 -701
1455 -949
1452 1898
1449 1204
1446 1633
1443 423
1440 805
1437 1009
1434 -478
1431 -624
1428 1654
1425 826
1422 -1017
1419 -1794
1416 -1790
1413 1783
1410 1034
1407 -549
1404 483
1401 1679
1398 -1110
1395 639
1392 -229
1389 462
1386 -560
1383 458
1380 443
1377 162
1374 -1642
1371 -387
1368 -898
1365 573
1362 69
1359 206
1356 -1148
1353 -1610
1350 -1259
1347 -976
1344 1777
1341 -1685
1338 -1779
1335 -48
1332 1651
1329 -1117
1326 -1430
1323 -1863
1320 -1743
1317 874
1314 -1808
1311 1708
1308 -229
1305 1507
1302 1575
1299 -783
1296 -1433
1293 703
1290 -614
1287 1603
1284 1679
1281 -127
1278 1161
1275 -658
1272 -1568
1269 73
1266 1651
1263 -930
1260 -89
1257 612
1254 1503
1251 1906
1248 -957
1245 814
1242 1966
1239 -206
1236 -1311
1233 1333
1230 1640
1227 -1986
1224 -962
1221 -91
1218 770
1215 -791
1212 -722
1209 -1635
1206 29
1203 -938
1200 -916
1197 2007
1194 -1460
1191 1037
1188 -325
1185 1316
1182 -418
1179 -672
1176 -2042
1173 -139
1170 950
1167 1916
1164 7
1161 877
1158 1308
1155 -357
1152 834
1149 706
1146 -155
1143 -133
1140 1969
1137 -426
1134 1847
1134 BOTTOMOFSTACK

2010 445
2007 1200
2004 2004
2001 522
1998 216
1995 -1582
1992 -1453
1989 959
1986 -1185
1983 -1160
1980 1281
1977 1392
1974 679
1971 1749
1968 -1457
1965 888
1962 1495
1959 -1393
1956 1186
1953 -529
1950 -822
1947 -1450
1944 1675
1941 -1888
1938 1679
1935 51
1932 -1563
1929 1650
1926 -1671
1923 144
1920 1180
1917 -742
1914 -345
1911 -1283
1908 222
1905 1662
1902 723
1899 1525
1896 626
1893 -402
1890 500
1887 1015
1884 -828
1881 1562
1878 -1479
1875 714
1872 720
1869 -1170
1866 -1642
1863 -1518
1860 1055
1857 194
1854 -1152
1851 101
1848 -1989
1845 1328
1842 837
1839 1666
1836 2
1833 593
1830 -1622
1827 968
1824 194
1821 655
1818 775
1815 1410
1812 -136
1809 1618
1806 808
1803 333
1800 1029
1797 -1238
1794 -1587
1791 1139
1788 -1587
1785 -1092
1782 -1708
1779 -1915
1776 563
1773 1406
1770 -900
1767 1872
1764 -438
1761 -170
1758 -814
1755 1348
1752 -164
1749 -1363
1746 -632
1743 -147
1740 -614
1737 -1542
1734 1415
1731 1842
1728 -748
1725 -1004
1722 1979
1719 -1897
1716 1779
1713 829
1710 -1887
1707 -1604
1704 798
1701 1635
1698 1232
1695 -1829
1692 631
1689 409
1686 -260
1683 1424
1680 -1996
1677 -202
1674 2039
1671 483
1668 226
1665 1744
1662 -553
1659 1468
1656 1270
1653 272
1650 -195
1647 -1406
1644 -1759
1641 1222
1638 225
1638 BOTTOMOFSTACK

