2010 882
2007 8
2004 2004
2001 764
1998 -1238
1995 1123
1992 1410
1989 -1438
1986 -195
1983 -147
1980 1376
1977 -611
1974 -1672
1971 -864
1968 -1299
1965 -326
1962 -514
1959 -1770
1956 209
1953 -1722
1950 1028
1947 -505
1944 -109
1941 -570
1938 -354
1935 -1542
1932 1956
1929 -1486
1926 -998
1923 640
1920 1633
1917 -1507
1914 1993
1911 1531
1908 710
1905 -1090
1902 -1081
1899 1893
1896 -1190
1893 -265
1890 912
1887 1295
1884 -1340
1881 129
1878 112
1875 -317
1872 -1004
1869 -1455
1866 620
1863 90
1860 1644
1857 -1172
1854 1874
1851 -78
1848 -1425
1845 771
1842 1207
1839 -1940
1836 1459
1833 -798
1830 -1505
1827 -1298
1824 883
1821 840
1818 769
1815 1584
1812 -1174
1809 1344
1806 -1251
1803 200
1800 1629
1797 -417
1794 -517
1791 -1711
1788 594
1785 305
1782 -515
1779 -937
1776 -1402
1773 384
1770 1063
1767 -553
1764 -1088
1761 29
1758 1312
1755 1099
1752 323
1749 1570
1746 -508
1743 717
1740 908
1737 2014
1734 1788
1731 673
1728 -1496
1725 -358
1722 -237
1719 1056
1716 1301
1713 -119
1710 1766
1707 1968
1704 -1822
1701 -1299
1698 -288
1695 1220
1692 -1096
1689 1398
1686 -2041
1683 -879
1680 -117
1677 -1120
1674 -1041
1671 991
1668 1312
1665 1942
1662 -1869
1659 -1169
1656 1588
1653 -1217
1650 1985
1647 -990
1644 -755
1641 -1240
1638 71
1635 968
1632 -691
1632 BOTTOMOFSTACK

