2004 1733
2001 11
1998 1998
1995 -148
1992 -315
1989 1785
1986 -1753
1983 -1105
1980 192
1977 1309
1974 -861
1971 266
1968 -321
1965 -1826
1962 -772
1959 356
1956 -839
1953 -1156
1950 1697
1947 -159
1944 -423
1941 -1937
1938 579
1935 590
1932 -1602
1929 -1466
1926 1038
1923 106
1920 909
1917 694
1914 -130
1911 840
1908 426
1905 -1664
1902 -2042
1899 -1182
1896 541
1893 64
1890 642
1887 -492
1884 -751
1881 628
1878 1709
1875 1971
1872 640
1869 479
1866 -1680
1863 -2045
1860 -977
1857 1033
1854 1489
1851 -347
1848 -184
1845 1321
1842 1171
1839 1403
1836 -1619
1833 -1642
1830 -821
1827 -1189
1824 1139
1821 634
1818 1660
1815 1688
1812 1181
1809 1826
1806 -887
1803 -1240
1800 1528
1797 -283
1794 1927
1791 -1001
1788 1245
1785 262
1782 1434
1779 -1774
1776 -633
1773 252
1770 1416
1767 -131
1764 1272
1761 1558
1758 -834
1755 -1052
1752 -1253
1749 464
1746 656
1743 -1292
1740 1719
1737 -871
1734 -1693
1731 1204
1728 92
1725 1315
1722 -1059
1719 -403
1716 569
1713 15
1710 -1578
1707 1182
1704 -1067
1701 1241
1698 1936
1695 -762
1692 -5
1689 -232
1686 -378
1683 -819
1680 1772
1677 50
1674 -1518
1674 BOTTOMOFSTACK

2037 558
2034 2026
2031 189
2028 2028
2025 1028
2022 -934
2019 -732
2016 -595
2013 609
2010 1742
2007 1956
2004 615
2001 288
1998 -1098
1995 1744
1992 -846
1989 -844
1986 -1466
1983 62
1980 -79
1977 -806
1974 -747
1971 -1386
1968 1519
1965 -423
1962 -1570
1959 -120
1956 -652
1953 531
1950 -1453
1947 -1469
1944 1959
1941 -1172
1938 -241
1935 1907
1932 865
1929 -155
1926 -615
1923 -932
1920 -1090
1917 990
1914 -958
1911 262
1908 -1068
1905 -188
1902 1426
1899 1123
1896 676
1893 -1838
1890 1077
1887 71
1884 1045
1881 392
1878 -688
1875 1301
1872 -1853
1869 1099
1866 1154
1863 236
1860 -409
1857 920
1854 1067
1851 -371
1848 -677
1845 203
1842 -1352
1839 -1574
1836 953
1833 725
1830 -1116
1827 560
1824 -862
1821 1174
1818 -856
1815 539
1812 -297
1809 440
1806 -436
1803 -1219
1800 705
1797 -556
1794 -1225
1791 1527
1788 1458
1785 926
1782 -684
1779 1508
1776 -1059
1773 329
1770 -187
1767 1507
1764 84
1761 -925
1758 1951
1755 -1051
1752 -191
1749 -69
1746 -784
1743 1442
1740 -152
1737 1191
1734 756
1731 -691
1728 1590
1725 907
1722 1347
1719 -754
1716 1589
1713 447
1710 1037
1707 1761
1704 -731
1701 1085
1698 104
1695 1156
1692 -995
1689 691
1686 1203
1683 -2041
1680 1061
1677 1523
1674 -1490
1671 -156
1668 -1763
1665 -136
1662 -268
1659 1197
1656 1905
1653 -373
1650 -1005
1647 1654
1644 -304
1641 -1374
1638 667
1638 BOTTOMOFSTACK

2031 1121
2028 174
2025 1302
2022 372
2019 2019
2016 -1741
2013 8
2010 435
2007 -519
2004 -750
2001 -331
1998 -1299
1995 -1888
1992 -279
1989 1199
1986 -633
1983 -1346
1980 1319
1977 -1351
1974 -90
1971 -1885
1968 -1446
1965 -787
1962 255
1959 -1036
1956 -612
1956 BOTTOMOFSTACK

2010 83
2007 221
2004 540
2001 2001
1998 845
1995 1648
1992 2027
1989 -374
1986 -1559
1983 1336
1980 -1904
1977 -993
1974 1318
1971 448
1968 1197
1965 1621
1962 835
1959 -686
1956 -1645
1953 645
1950 -1900
1947 1035
1944 -1065
1941 610
1938 -1209
1935 1007
1932 1985
1929 1524
1926 51
1923 -54
1920 1797
1917 1532
1914 961
1911 186
1908 1613
1905 -569
1902 -1105
1899 -57
1896 -211
1893 1206
1890 -485
1887 221
1884 -1593
1881 -503
1878 1044
1875 1618
1872 940
1869 441
1866 -1678
1863 -1128
1860 -1163
1857 -1246
1854 375
1851 -333
1848 1161
1845 -987
1842 1215
1839 1236
1836 -1271
1833 -1768
1830 455
1827 594
1824 -1382
1821 -690
1818 509
1815 521
1812 714
1809 -925
1806 1632
1803 -163
1800 -1475
1797 -2022
1794 -636
1791 41
1788 1785
1785 1970
1782 592
1779 1237
1776 -900
1773 -1458
1770 1669
1767 -1833
1764 96
1761 -1063
1758 1405
1755 -1239
1752 1020
1749 1853
1746 671
1743 -748
1740 -1019
1737 -778
1734 -1445
1731 262
1728 1270
1725 -1890
1722 1927
1719 671
1716 -141
1713 -917
1710 1906
1707 -1199
1704 -1171
1701 -1632
1698 -1974
1695 -790
1692 1742
1689 -885
1686 -1645
1683 -156
1680 1382
1677 1978
1674 -1833
1671 352
1668 -486
1665 1322
1662 -260
1659 -1783
1656 -1831
1653 1666
1650 -751
1647 1507
1644 1212
1641 1015
1638 -177
1635 1224
1632 1002
1629 1682
1626 485
1623 1742
1620 1171
1617 1280
1614 -1
1611 -1846
1608 -843
1605 506
1602 -1861
1599 -1153
1596 865
1593 79
1590 -567
1587 -1389
1584 -1254
1581 -657
1578 172
1575 -1868
1575 BOTTOMOFSTACK

2013 1349
2010 1048
2007 1730
2004 1247
2001 693
1998 1998
1995 1563
1992 -1632
1989 1193
1986 1237
1983 1664
1980 189
1977 1474
1974 -928
1971 -1388
1968 320
1965 -928
1962 -1451
1959 642
1956 259
1953 1593
1950 -701
1947 1822
1944 -1041
1941 1172
1938 -417
1935 -1529
1932 1113
1929 483
1926 977
1923 739
1920 -786
1917 -1290
1914 -856
1911 1887
1908 -587
1905 324
1902 1592
1899 -1257
1896 -1186
1893 -26
1890 -1403
1887 -1531
1884 -1283
1881 802
1878 -1295
1875 319
1872 -1340
1869 1331
1866 -170
1863 1960
1860 255
1857 266
1854 -1015
1851 -868
1848 390
1845 541
1842 -662
1839 689
1836 1305
1833 1728
1830 -227
1827 1036
1824 1158
1821 -249
1818 1026
1815 1037
1812 -982
1809 759
1806 1962
1803 1459
1800 -753
1797 -77
1794 1032
1791 868
1788 637
1785 372
1782 1907
1779 668
1776 802
1773 -524
1770 -532
1767 315
1764 488
1761 -1904
1758 1091
1755 80
1752 -23
1749 -739
1746 14
1743 460
1743 BOTTOMOFSTACK

2019 685
2016 867
2013 2013
2010 1408
2007 -558
2004 -2023
2001 104
1998 -738
1995 245
1992 -1084
1989 1979
1986 699
1983 992
1980 -1424
1977 2028
1974 326
1971 250
1968 1392
1965 1240
1962 -995
1959 1223
1956 197
1953 1105
1950 -1013
1947 -621
1944 -1139
1941 1994
1938 -2021
1935 -680
1932 1738
1929 -74
1926 2031
1923 1191
1920 1447
1917 1947
1914 -622
1911 768
1908 -1413
1905 -1422
1902 853
1899 -196
1896 -1833
1893 1392
1890 -1372
1887 1562
1884 -1339
1881 461
1878 -156
1875 1562
1872 1062
1869 1961
1866 -513
1863 -1554
1860 791
1857 864
1854 34
1851 -1128
1848 131
1845 -866
1842 335
1839 1270
1836 -1324
1833 1040
1830 728
1827 -860
1824 344
1821 -576
1818 -197
1815 -1484
1812 2003
1809 168
1806 -587
1803 -646
1800 66
1797 1548
1794 -243
1791 -341
1788 -446
1785 -629
1782 428
1779 1766
1776 1145
1773 1018
1770 1367
1767 -1182
1764 -860
1761 2003
1758 -357
1755 1868
1752 -373
1749 1670
1746 -1133
1743 441
1740 122
1737 773
1734 561
1731 -332
1728 -725
1725 201
1722 -294
1719 -1814
1716 792
1713 -1056
1710 -890
1707 -24
1704 -182
1701 623
1698 1974
1695 -587
1692 -1845
1689 -1715
1686 -2032
1683 1872
1680 600
1677 -1301
1674 -2043
1671 -301
1668 1514
1665 -1169
1662 632
1659 -1698
1656 -1931
1653 -1952
1650 1277
1647 -1312
1644 -1014
1641 -1160
1638 -1979
1635 52
1632 226
1629 -146
1626 760
1623 1318
1620 -326
1617 -1185
1614 1149
1611 1550
1608 -1990
1605 367
1602 -1200
1599 81
1596 1978
1593 -272
1590 1792
1587 -1558
1584 -267
1581 -502
1578 1931
1575 -1054
1572 -630
1569 -164
1566 353
1563 490
1560 1042
1557 -1104
1554 -642
1551 1833
1548 -1452
1545 99
1542 -109
1539 1361
1536 -1141
1533 1959
1530 1122
1527 -1966
1524 1057
1521 950
1518 -1464
1515 213
1512 -1135
1509 -402
1506 810
1503 -386
1500 -797
1497 -882
1494 2034
1491 -723
1488 1496
1485 -2024
1482 -1780
1479 1278
1476 -1338
1473 351
1470 -1770
1467 564
1464 -1421
1461 1622
1458 397
1455 579
1452 1043
1449 1375
1446 -1234
1443 -1334
1440 -280
1437 -1706
1434 -471
1431 -135
1428 -713
1425 -391
1422 541
1419 876
1416 499
1413 889
1410 -748
1407 -246
1404 1584
1401 1814
1398 -1875
1395 -1308
1392 -925
1389 511
1386 362
1383 252
1380 -1782
1377 -1859
1374 1154
1371 -1121
1368 1648
1365 -1151
1362 -1442
1359 542
1356 747
1353 -1306
1350 336
1347 237
1344 1090
1341 1462
1338 1673
1335 -1962
1332 -889
1329 530
1326 -1862
1323 1121
1320 -684
1317 657
1314 -1653
1311 -2002
1308 -1927
1305 -1136
1302 1568
1299 371
1296 -866
1293 416
1290 -1777
1287 351
1284 -1645
1281 -917
1278 1429
1275 -1781
1272 -1402
1269 1404
1266 -162
1263 -1089
1260 -1447
1257 596
1254 1298
1251 -2035
1248 -957
1245 -851
1242 -27
1239 -1547
1236 1944
1233 -196
1230 -960
1227 -30
1224 181
1221 -865
1218 -81
1215 1323
1212 1518
1209 -1585
1206 -419
1203 1319
1200 252
1197 1542
1194 -96
1191 603
1188 1636
1185 41
1182 1283
1179 1533
1176 1890
1173 -973
1170 -274
1167 650
1167 BOTTOMOFSTACK

2040 1512
2037 1049
2034 501
2031 1056
2028 2028
2025 -891
2022 1143
2019 -927
2016 1738
2013 295
2010 1777
2007 1050
2004 -1981
2001 722
1998 -1911
1995 -1050
1992 -166
1989 535
1986 -774
1983 1233
1980 -261
1977 17
1974 -1449
1971 1249
1968 405
1965 1374
1962 851
1959 465
1956 -1519
1953 -741
1950 -353
1947 -1705
1944 466
1941 -601
1938 657
1935 1012
1932 -1158
1929 640
1929 BOTTOMOFSTACK

2037 954
2034 1987
2031 1215
2028 2028
2025 185
2022 1084
2019 1652
2016 1869
2013 -472
2010 -1705
2007 1626
2004 264
2001 1889
1998 72
1995 -925
1992 909
1989 399
1986 -1769
1983 -1423
1980 1298
1977 -1126
1974 1236
1971 1735
1968 863
1965 960
1962 -875
1959 1707
1956 1389
1953 -1551
1950 1794
1947 -1638
1944 1363
1941 -2040
1938 -588
1935 1726
1932 -1440
1929 -862
1926 787
1923 -1598
1920 799
1917 -804
1914 1699
1911 467
1908 143
1905 -1914
1902 756
1899 1078
1896 852
1893 -1180
1890 -1271
1887 -853
1884 114
1881 1087
1878 1357
1875 660
1872 -897
1869 1152
1866 516
1863 -319
1860 -1080
1857 91
1854 -1177
1851 -32
1848 -1294
1845 1354
1842 -303
1839 403
1836 1375
1833 -25
1830 1138
1827 -1151
1824 1016
1821 -605
1818 -1506
1815 595
1812 1686
1809 -1160
1806 -1579
1803 -295
1800 -313
1797 -1857
1794 2001
1791 -1836
1788 -1750
1785 -1611
1782 -2044
1779 1554
1776 -302
1773 1695
1770 424
1767 -1736
1764 574
1761 1244
1758 -1803
1755 1369
1752 521
1749 -1941
1746 1666
1743 -395
1740 -834
1737 -425
1734 917
1731 586
1728 52
1725 1765
1722 -20
1719 1096
1716 -1782
1713 -527
1710 -375
1707 1830
1704 1487
1701 -1733
1698 625
1695 394
1692 -1946
1689 -356
1686 1586
1683 63
1680 -1149
1677 -1032
1674 -1804
1671 -1155
1668 -884
1665 -652
1662 173
1659 -395
1656 -1519
1653 -1244
1650 -333
1647 -1851
1644 -1280
1641 1436
1638 793
1635 -2035
1632 1583
1629 -1889
1626 1173
1626 BOTTOMOFSTACK

2043 15
2040 1996
2037 818
2034 1416
2031 2031
2028 1503
2025 -1513
2022 -1330
2019 1786
2016 -1414
2013 287
2010 -78
2007 1093
2004 1085
2001 -139
1998 1183
1995 -1074
1992 1396
1989 268
1986 -1803
1983 -827
1980 -806
1977 -939
1974 202
1971 1149
1968 -967
1965 1290
1962 -2041
1959 -538
1956 -495
1953 -1643
1950 -1235
1947 -1637
1944 1512
1941 -417
1938 1236
1935 945
1932 1415
1929 614
1926 1393
1923 1104
1920 1277
1917 -615
1914 1237
1911 -157
1908 -947
1905 583
1902 119
1899 387
1896 727
1893 -932
1890 1175
1887 -2047
1884 -1070
1881 354
1878 796
1875 -1833
1872 579
1869 1361
1866 1222
1863 -1109
1860 -1521
1857 -987
1854 -2039
1851 1494
1848 -515
1845 1270
1842 1773
1839 -1448
1836 1337
1833 1023
1830 -1486
1827 -1790
1824 1707
1821 1574
1818 1574
1815 -825
1812 -1459
1809 9
1806 -789
1803 -812
1800 1519
1797 -164
1794 -773
1791 -1618
1788 4
1785 1354
1782 707
1779 -9
1776 -729
1773 -1224
1770 -1767
1767 211
1764 1484
1761 944
1758 -1074
1755 1852
1752 -1245
1749 428
1746 1754
1743 -827
1740 1521
1737 833
1734 1754
1731 627
1728 1909
1725 1424
1722 17
1719 -1905
1719 BOTTOMOFSTACK

2010 1886
2007 392
2004 709
2001 1605
1998 1998
1995 856
1992 -458
1989 1045
1986 -1973
1983 -1081
1980 888
1977 1811
1974 716
1971 32
1968 -1082
1965 2029
1962 817
1959 232
1956 -302
1953 -467
1950 -1999
1947 1671
1944 1263
1941 665
1938 1443
1935 -1487
1932 -61
1929 176
1926 -402
1923 -1384
1920 -1720
1917 1427
1914 277
1911 -1343
1908 1393
1905 1205
1902 -1460
1899 1596
1896 839
1893 -861
1890 -1709
1887 -1971
1884 -1759
1881 441
1878 -1733
1875 1804
1872 -924
1869 1936
1866 1365
1863 -1793
1860 -1464
1857 1437
1854 150
1851 519
1848 6
1845 -172
1842 -1627
1839 -169
1836 194
1833 -1741
1830 282
1827 1907
1824 785
1821 1626
1818 1463
1815 -1726
1812 -973
1809 417
1806 1232
1803 1443
1800 -1685
1797 865
1794 -736
1791 736
1788 1018
1785 663
1782 1614
1779 619
1776 1526
1773 1749
1770 1064
1767 -50
1764 -1572
1761 1718
1758 -795
1755 1899
1752 167
1749 -779
1746 -547
1743 23
1740 1570
1737 1926
1734 1457
1731 1265
1728 71
1725 1886
1722 203
1719 26
1716 -147
1713 216
1710 761
1707 1704
1704 -725
1701 -1655
1698 1108
1695 469
1692 -795
1689 -752
1686 -609
1683 -1645
1680 -1137
1677 1897
1674 -1599
1671 1368
1668 1029
1665 -1271
1662 -1979
1659 -1219
1656 144
1653 -145
1650 1441
1647 1686
1644 -1689
1641 -1052
1638 -1328
1635 -941
1632 2013
1629 -1034
1626 -1212
1623 1392
1620 645
1617 -1220
1614 950
1611 -502
1608 752
1605 -1108
1602 265
1599 -1433
1596 -836
1593 -238
1590 360
1587 980
1584 1307
1581 -1084
1578 -85
1575 -174
1572 227
1569 -458
1566 1008
1563 682
1560 -789
1557 954
1554 1907
1551 1009
1548 -1736
1545 -894
1542 438
1539 588
1536 -739
1533 -357
1530 -1099
1527 1740
1524 -746
1521 -532
1518 268
1515 1862
1512 -590
1509 1549
1506 874
1503 -306
1500 429
1497 -1824
1494 850
1491 562
1488 -955
1485 -935
1482 232
1479 1834
1476 -1937
1473 441
1473 BOTTOMOFSTACK

