2004 190
2001 1276
1998 45
1995 1995
1992 749
1989 -1050
1986 415
1983 1215
1980 1511
1977 632
1974 1203
1971 656
1968 -1413
1965 258
1962 984
1959 266
1956 -1423
1953 1513
1950 29
1947 -337
1944 873
1941 -1258
1938 -367
1935 100
1932 1113
1929 -727
1926 511
1923 1899
1920 821
1917 -1531
1914 443
1911 -76
1908 -1447
1905 801
1902 48
1899 -203
1896 -639
1893 -1594
1890 471
1887 -1503
1884 882
1881 417
1878 -1320
1875 -973
1872 -140
1869 1408
1866 339
1863 1441
1860 -1382
1857 -773
1854 524
1851 918
1848 -1677
1845 1914
1842 -764
1839 -1952
1836 -1842
1833 1482
1830 -146
1827 -1404
1824 1909
1821 516
1818 -1190
1815 1509
1812 -414
1809 -37
1806 1316
1803 548
1800 -1944
1797 459
1794 758
1791 1217
1788 -1640
1785 -1777
1782 326
1779 -311
1776 -632
1773 -1082
1770 532
1767 -918
1764 197
1761 46
1758 300
1755 907
1752 -1750
1749 -1514
1746 -1285
1743 -439
1740 577
1737 -1407
1734 -1633
1731 623
1728 1273
1725 339
1722 -1964
1719 143
1716 1364
1713 -1952
1710 -343
1707 542
1704 -937
1701 -272
1698 -860
1695 -663
1692 767
1689 -879
1686 -1636
1683 496
1680 1786
1677 -1652
1674 -1083
1671 -599
1668 1249
1665 1232
1662 -1038
1659 400
1656 -897
1653 1148
1650 -124
1647 946
1644 -1256
1641 831
1638 -386
1635 1859
1632 1481
1629 1037
1626 1242
1623 856
1620 -970
1617 845
1617 BOTTOMOFSTACK

2010 971
2007 495
2004 201
2001 2001
1998 1120
1995 1612
1992 659
1989 1041
1986 -681
1983 930
1980 -804
1977 -462
1974 1129
1971 218
1968 1412
1965 522
1962 201
1959 1832
1956 -1559
1953 -672
1950 -113
1947 -602
1944 -336
1941 1363
1938 -1985
1935 1271
1932 -1942
1929 -387
1926 860
1923 1163
1920 -1936
1917 -694
1914 1990
1911 -616
1908 1138
1905 1157
1902 -1193
1899 -715
1896 1005
1893 1114
1890 -898
1887 -840
1884 907
1881 1283
1878 -1355
1875 547
1872 847
1869 1777
1866 1820
1863 279
1860 1147
1857 -530
1854 -147
1851 -790
1848 1554
1845 1898
1842 -1426
1839 -891
1836 -1647
1833 1254
1830 1032
1827 1514
1824 1079
1821 899
1818 396
1815 1442
1812 630
1809 2014
1806 -2038
1803 974
1800 544
1797 -1587
1794 -803
1791 1415
1788 -359
1785 -153
1782 -1177
1779 -611
1776 6
1773 773
1773 BOTTOMOFSTACK

2031 2034
2028 1797
2025 898
2022 453
2019 369
2016 2016
2013 1257
2010 1464
2007 -699
2004 -1307
2001 2015
1998 2034
1995 -68
1992 -303
1989 786
1986 -1423
1983 1847
1980 948
1977 530
1974 297
1971 1634
1968 -1130
1965 -81
1962 1081
1959 826
1956 -1721
1953 -1117
1950 -397
1947 319
1944 1522
1941 -1006
1938 1256
1935 -1678
1932 -466
1929 -369
1926 -1621
1923 -146
1920 -958
1917 1092
1914 -1315
1911 656
1908 576
1905 854
1902 -1086
1899 -1737
1896 -1930
1893 1266
1890 -217
1887 1786
1884 -467
1881 1640
1878 1362
1875 -1103
1872 -1991
1869 -1135
1866 -150
1863 130
1860 1339
1857 1919
1854 -512
1851 765
1848 -466
1845 -476
1842 736
1839 1406
1836 1620
1833 -866
1830 542
1827 1636
1824 590
1821 -358
1818 -365
1815 -868
1812 -518
1809 1548
1806 427
1803 1158
1800 722
1797 -900
1794 -1730
1791 -1893
1791 BOTTOMOFSTACK

2019 767
2016 1934
2013 1470
2010 534
2007 2007
2004 174
2001 1985
1998 -213
1995 -22
1992 480
1989 -1194
1986 -1482
1983 1660
1980 -1298
1977 -428
1974 215
1971 1907
1968 -1142
1965 415
1962 1652
1959 1769
1956 -385
1953 -81
1950 -2003
1947 -262
1944 1420
1941 1161
1938 1108
1935 1884
1932 62
1929 183
1926 892
1923 -1154
1920 422
1917 180
1914 827
1911 -903
1908 781
1905 -1372
1902 1640
1899 1292
1896 -574
1893 -845
1890 1292
1887 795
1884 -553
1881 -1525
1878 -1500
1875 -277
1872 676
1869 1584
1866 885
1863 -1905
1860 424
1857 136
1854 -1486
1851 1940
1848 -1891
1845 817
1842 1682
1839 -485
1836 -862
1833 844
1830 -1997
1827 -828
1824 487
1821 -661
1818 9
1815 -986
1812 -1374
1809 -796
1806 -69
1803 -128
1800 1740
1797 -834
1794 1224
1791 1108
1788 1704
1785 -460
1782 1945
1779 1520
1776 -1346
1773 1785
1770 -2032
1767 -722
1764 1142
1761 769
1758 -68
1755 -571
1752 1486
1749 118
1746 1773
1743 -296
1740 -124
1737 1628
1734 328
1731 997
1728 -54
1725 -466
1722 1994
1719 -1905
1716 -1543
1713 -1179
1710 1471
1707 294
1704 1016
1701 -1197
1698 -1968
1695 -1993
1692 -1362
1689 -1966
1686 849
1683 1784
1680 -1289
1677 246
1674 -934
1671 -1548
1668 722
1665 -813
1662 -1545
1659 1720
1656 76
1653 -956
1650 -351
1647 645
1644 955
1641 -821
1638 -1630
1635 -1369
1632 142
1629 -744
1626 1202
1623 269
1620 670
1617 580
1614 -438
1611 932
1608 1371
1605 1202
1602 144
1599 -1865
1596 43
1593 -348
1590 -1803
1587 -373
1584 -664
1581 -1448
1578 809
1575 -927
1572 284
1569 -737
1566 -48
1563 -1918
1560 -606
1557 -1560
1554 -1509
1551 1392
1548 192
1545 -1041
1542 1706
1539 1406
1536 -1050
1533 -484
1530 1858
1530 BOTTOMOFSTACK

