2037 1570
2034 19
2031 2031
2028 666
2025 1766
2022 -438
2019 678
2016 252
2013 -341
2010 541
2007 980
2004 -507
2001 -776
1998 -596
1995 582
1992 -1799
1989 1416
1986 -39
1983 961
1980 -1885
1977 1225
1974 -737
1971 -1624
1968 1168
1965 221
1962 607
1959 -190
1956 -1084
1953 -1904
1950 178
1947 1332
1944 425
1941 1702
1938 -1056
1935 -1697
1932 1845
1929 -677
1926 -1323
1923 1131
1920 1968
1920 BOTTOMOFSTACK

2028 371
2025 176
2022 1320
2019 1530
2016 198
2013 2013
2010 1273
2007 -1295
2004 1691
2001 -81
1998 -1498
1995 1886
1992 -413
1989 1359
1986 -479
1983 -1874
1980 -1202
1977 702
1974 3
1971 1563
1968 -200
1965 -155
1962 -1237
1959 1093
1956 -156
1953 -455
1950 -303
1947 -1428
1944 1059
1941 1833
1938 -1419
1935 -395
1932 -828
1929 -1895
1926 1208
1923 1902
1920 -1704
1917 753
1914 678
1911 1191
1908 277
1905 1268
1902 1381
1899 -1042
1896 -359
1893 260
1890 -1567
1887 -1919
1884 448
1881 -110
1878 -1812
1875 -834
1872 -1569
1869 -1033
1866 -111
1863 -910
1860 -1870
1857 -733
1854 -609
1851 1866
1848 -380
1848 BOTTOMOFSTACK

2046 486
2043 450
2040 393
2037 2037
2037 BOTTOMOFSTACK

2046 296
2043 543
2040 1412
2037 1849
2034 564
2031 2031
2028 807
2025 -482
2022 -1499
2019 -1829
2016 -1102
2013 937
2010 983
2007 -1407
2004 118
2001 650
1998 246
1995 1393
1992 1408
1989 801
1986 -949
1983 -1877
1983 BOTTOMOFSTACK

2004 252
2001 756
1998 1998
1998 BOTTOMOFSTACK

2019 853
2016 223
2013 915
2010 2010
2007 361
2004 1253
2001 898
1998 -1736
1995 1454
1992 -508
1989 898
1986 2039
1983 -1658
1980 -1457
1977 1075
1974 -2008
1971 1585
1968 338
1965 151
1962 -1984
1959 515
1956 1515
1953 1969
1950 -1126
1947 981
1944 -1848
1941 -391
1938 774
1935 -914
1932 -1746
1929 1346
1926 1396
1923 195
1920 1952
1917 51
1914 446
1911 -1751
1908 -1730
1905 1188
1902 -601
1899 528
1896 1252
1893 -1358
1890 -945
1887 -2030
1884 234
1884 BOTTOMOFSTACK

2016 1003
2013 1068
2010 2010
2007 -172
2004 1916
2001 354
1998 578
1995 -1569
1992 785
1989 1758
1986 -687
1983 1528
1980 -1218
1977 1876
1974 -2041
1971 -129
1968 -185
1965 1798
1962 -913
1959 1506
1956 1614
1953 1082
1950 1029
1947 -1393
1944 100
1941 482
1938 -1420
1935 746
1932 -337
1929 543
1926 -1731
1923 1106
1920 1057
1917 -881
1914 1854
1911 1135
1908 195
1905 353
1902 1199
1899 -1324
1896 -442
1893 1564
1890 1145
1887 1979
1884 1409
1881 1939
1878 851
1875 -668
1872 -1514
1869 1731
1866 214
1863 218
1860 697
1857 1964
1854 662
1851 1026
1848 523
1845 -1849
1842 1598
1839 1700
1836 -416
1833 -2000
1830 -654
1827 656
1824 876
1821 -221
1818 1747
1815 -776
1812 -1692
1809 -196
1806 1154
1803 1837
1800 482
1797 1185
1794 -1825
1791 -816
1788 -1685
1785 -1635
1782 255
1779 -1496
1776 -994
1773 -508
1770 -1996
1767 1646
1764 -1557
1761 -1250
1758 654
1755 -1839
1752 -1913
1749 1586
1746 1612
1743 -1905
1740 1446
1737 1005
1734 1378
1731 688
1731 BOTTOMOFSTACK

2037 317
2034 1045
2031 1697
2028 1123
2025 1263
2022 2022
2019 1109
2016 -1750
2013 -1273
2010 -1435
2007 -1827
2004 -81
2001 725
1998 -1757
1995 526
1992 -1742
1989 26
1986 1806
1983 82
1980 1690
1977 -1082
1974 -1917
1971 692
1968 -1704
1965 805
1962 1385
1959 -876
1956 1491
1953 -1686
1950 -895
1947 -76
1944 -414
1941 -806
1938 934
1935 1637
1932 1031
1929 -123
1926 1171
1923 -1043
1920 1685
1917 -1306
1914 1118
1911 -602
1908 -1167
1905 -1501
1902 -12
1899 54
1896 -679
1893 201
1890 1724
1887 1131
1884 -1005
1881 389
1878 1469
1875 2035
1872 918
1869 -954
1866 1502
1863 1918
1860 639
1857 -1096
1854 57
1851 532
1848 -741
1845 -724
1842 1769
1839 751
1836 -353
1833 623
1830 791
1827 -1168
1824 1508
1821 722
1818 -1257
1815 -1292
1812 1532
1809 -1784
1806 1933
1803 1131
1800 1041
1797 -1924
1794 -1723
1791 -310
1788 1390
1785 -1463
1782 -852
1779 -1861
1776 -892
1773 1095
1770 -1498
1767 -1178
1764 789
1761 1228
1758 1
1755 -1723
1752 1516
1749 -1172
1746 1687
1743 -250
1740 -10
1740 BOTTOMOFSTACK

