2046 640
2043 385
2040 75
2037 2022
2034 17
2031 2031
2028 -738
2025 1420
2022 -340
2019 118
2016 1757
2013 -1848
2010 2012
2007 -597
2004 651
2001 -781
1998 -1835
1995 1674
1992 935
1989 788
1986 1337
1983 986
1980 -1348
1977 83
1974 1244
1971 -336
1968 1664
1965 439
1962 941
1959 1873
1956 -1308
1953 524
1950 -1248
1947 -1088
1944 805
1941 221
1938 1511
1935 -1008
1932 1872
1929 292
1926 1840
1923 -39
1920 -57
1917 1568
1914 -524
1911 1064
1908 -1863
1905 1012
1902 -1549
1899 1929
1896 1402
1893 -1578
1890 1575
1887 -340
1884 1674
1881 -985
1878 1108
1875 954
1872 1477
1869 577
1866 -208
1863 1945
1860 1964
1857 -861
1854 441
1851 -22
1848 -1651
1845 -1948
1842 -1924
1839 -1124
1836 2039
1833 -1616
1830 125
1827 -600
1824 -307
1821 135
1818 -1256
1815 -1747
1812 -753
1809 1080
1806 -547
1803 -1032
1800 868
1797 -556
1794 728
1791 -408
1788 -1044
1785 1348
1782 801
1779 -798
1776 417
1773 -2003
1770 1626
1767 1760
1764 -442
1761 369
1758 1119
1755 1179
1752 -1707
1749 640
1746 35
1743 -1406
1740 808
1737 1448
1734 -1867
1731 581
1728 1630
1725 -823
1722 1332
1719 1404
1716 938
1713 -791
1710 -1784
1707 -461
1704 1021
1701 -1334
1698 -314
1695 -1017
1692 -1496
1689 -1025
1686 1914
1683 1086
1680 -1551
1677 -959
1674 -1040
1671 -2004
1668 -974
1665 -1562
1662 1346
1659 -657
1656 -1385
1653 918
1650 1303
1647 1059
1644 781
1641 823
1638 -550
1635 771
1632 1933
1629 1509
1629 BOTTOMOFSTACK

