2043 1517
2040 8
2037 2037
2034 1234
2031 -1300
2028 -725
2025 -912
2022 1176
2019 881
2016 1044
2013 -1820
2010 602
2007 432
2004 223
2001 -706
1998 -1802
1995 -1669
1992 1570
1989 57
1986 1243
1983 -300
1980 -863
1977 -685
1974 799
1971 -105
1968 -1089
1965 571
1962 -1574
1959 1039
1956 -1936
1953 -816
1950 1252
1947 1595
1944 -1901
1941 -1785
1938 1551
1935 1782
1932 226
1929 -1415
1926 -1638
1923 -102
1920 1747
1917 -134
1914 114
1911 863
1908 -295
1905 -561
1902 469
1899 -1643
1896 1510
1893 1261
1890 -1371
1887 1336
1884 1590
1881 -1666
1878 -1389
1875 1896
1872 1785
1869 1886
1866 -488
1863 74
1860 -1349
1857 -1251
1854 41
1851 -1799
1848 -1502
1845 1750
1842 -322
1839 1270
1836 705
1833 -984
1830 -360
1827 -176
1824 1279
1821 -1101
1818 -1400
1815 1546
1812 382
1809 467
1806 -1194
1803 -10
1800 1288
1797 1556
1794 -1925
1791 -1622
1788 -1208
1785 1179
1782 -1605
1779 -1102
1776 464
1773 1080
1770 -1939
1767 -1238
1764 909
1761 -124
1758 -1409
1755 482
1752 -48
1749 1593
1746 -1069
1743 -251
1740 326
1737 1506
1734 21
1731 -231
1728 1980
1725 2043
1725 BOTTOMOFSTACK

2016 558
2013 1300
2010 1270
2007 198
2004 2004
2001 -657
1998 -1830
1995 1897
1992 -32
1989 -1182
1986 -838
1983 -555
1980 1538
1977 -372
1974 1439
1971 1535
1968 1621
1965 1010
1962 579
1959 -265
1956 1483
1953 -1654
1950 474
1947 -1710
1944 -1955
1941 971
1938 1807
1935 -830
1932 1787
1929 1349
1926 1344
1923 1280
1920 763
1917 -3
1914 -934
1911 -1628
1908 -682
1905 -367
1902 -822
1899 -2045
1896 -561
1893 -1704
1890 55
1887 1169
1884 659
1881 -1712
1878 200
1875 1909
1872 1169
1869 967
1866 -1095
1863 160
1860 34
1857 -941
1854 -442
1851 -639
1848 1102
1845 -350
1842 810
1839 -1194
1836 73
1833 -1425
1830 1574
1827 -709
1824 -512
1821 -1812
1818 -1035
1815 -1917
1812 -191
1809 773
1806 1962
1803 -2023
1800 -1350
1797 -1799
1794 -489
1791 -1938
1788 568
1785 542
1782 1602
1779 -1777
1776 -1014
1773 1810
1770 1327
1767 251
1764 -330
1761 -481
1758 -1324
1755 202
1752 976
1749 -408
1746 -381
1743 -1663
1740 -1032
1737 193
1734 -1588
1731 -289
1728 967
1725 -1102
1722 -398
1719 1383
1716 -1019
1713 -1041
1710 1983
1707 -1014
1704 -1438
1701 451
1698 -1049
1695 -1063
1692 1208
1689 1408
1686 613
1683 1904
1680 577
1677 985
1674 152
1671 409
1668 1870
1665 -2016
1662 -1219
1659 -722
1656 -1495
1653 648
1650 1420
1647 1164
1644 -1553
1641 54
1638 -607
1635 13
1632 -1372
1629 1698
1626 1066
1623 -1747
1620 -139
1617 -1440
1614 -1523
1611 -1698
1608 -724
1605 1218
1602 -847
1599 991
1596 -474
1593 1235
1590 610
1587 -1268
1584 2039
1581 1541
1578 -1015
1575 -548
1572 901
1569 -186
1566 1637
1563 -1862
1560 -931
1557 1736
1554 -1799
1551 -1429
1548 -1253
1545 -434
1542 -570
1539 40
1536 839
1533 -793
1530 -748
1527 -984
1524 -2039
1521 985
1518 581
1515 126
1512 -849
1509 -1664
1506 780
1503 1541
1500 -805
1497 -1160
1494 -389
1491 1809
1488 -1237
1485 -1122
1482 -782
1479 -1398
1476 606
1473 594
1470 -1269
1467 954
1464 854
1461 427
1458 1013
1455 2013
1452 256
1449 308
1446 -1474
1443 -990
1440 369
1437 1764
1434 479
1431 -674
1428 -455
1425 611
1422 -1641
1419 1712
1416 -1606
1413 397
1410 -2003
1410 BOTTOMOFSTACK

2043 645
2040 1912
2037 375
2034 2034
2031 -422
2028 563
2025 -1103
2022 937
2019 441
2016 1977
2013 699
2010 732
2007 1236
2004 1675
2001 -472
1998 -287
1995 -1632
1992 582
1989 -2022
1986 -938
1983 -691
1980 1211
1977 -366
1974 463
1971 1908
1968 -924
1965 -985
1962 -248
1959 -1344
1956 13
1953 -954
1950 -1261
1947 1479
1944 -478
1941 -951
1938 753
1935 283
1932 -489
1929 -646
1926 -1193
1923 -1556
1920 1510
1917 1127
1914 439
1911 -727
1908 1493
1905 1488
1902 1142
1899 -71
1896 397
1893 674
1890 287
1887 -1573
1884 1647
1881 1143
1878 -1376
1875 953
1872 1856
1869 -111
1866 -113
1863 690
1860 -468
1857 1630
1854 1932
1851 -319
1848 1800
1845 -1010
1842 1573
1839 549
1836 1790
1833 1500
1830 -1426
1827 682
1824 597
1821 1006
1818 807
1815 -1549
1812 1838
1809 1934
1806 1947
1803 1866
1800 940
1797 -1503
1794 842
1791 224
1788 951
1785 74
1782 -684
1779 1216
1776 130
1773 -1792
1770 1237
1767 -686
1764 -1394
1761 -124
1758 1261
1755 120
1752 316
1749 -1143
1746 -1610
1743 252
1740 -666
1737 -354
1734 -737
1731 1991
1728 446
1725 -177
1722 -1069
1719 788
1716 1997
1713 -629
1710 1941
1707 -963
1704 189
1701 -2039
1698 -1436
1695 816
1692 1901
1689 -810
1686 -657
1683 -563
1680 427
1677 -1345
1674 1330
1671 33
1668 1185
1665 386
1662 1225
1659 -1972
1656 -490
1653 227
1650 1904
1647 1376
1644 -224
1641 -935
1638 1854
1635 1476
1632 417
1629 -1494
1626 364
1623 1296
1620 -777
1617 932
1614 1157
1611 1234
1608 1425
1605 -1210
1602 -82
1599 -405
1596 -537
1593 -131
1590 37
1587 1589
1584 64
1581 268
1578 -988
1575 -714
1572 -1930
1569 1113
1566 -290
1563 -1703
1563 BOTTOMOFSTACK

2052 1469
2049 1195
2046 1839
2043 537
2040 2040
2037 676
2034 2032
2031 -908
2028 841
2025 -117
2022 -35
2019 821
2016 1823
2013 623
2010 -58
2007 -538
2004 -1682
2001 -258
1998 669
1995 -2036
1992 1348
1989 1293
1986 -1284
1983 -1646
1980 -281
1977 1746
1974 2029
1971 -348
1968 -150
1965 -1637
1962 1051
1959 512
1956 60
1953 -1036
1950 -1089
1947 -1668
1944 -796
1941 -64
1938 -2042
1935 -1553
1932 57
1929 211
1926 23
1923 2028
1920 1828
1917 -561
1914 258
1911 1661
1908 5
1905 1156
1902 5
1899 -313
1896 1319
1893 1730
1890 -584
1887 1367
1884 804
1881 -258
1878 -1445
1875 -1845
1872 -63
1869 -1907
1866 685
1863 -1041
1860 421
1857 773
1854 1168
1851 -1995
1848 -1232
1845 1929
1842 1197
1839 -1576
1836 -1306
1833 -1186
1830 -502
1827 -1632
1824 633
1821 925
1818 664
1818 BOTTOMOFSTACK

2037 1987
2034 1798
2031 690
2028 2028
2025 -1593
2022 -1584
2019 -1416
2016 1469
2013 -1634
2010 -1773
2007 -1880
2004 1170
2001 -1967
1998 -850
1995 -1669
1992 987
1989 -1618
1986 850
1983 -1948
1980 -1552
1977 1791
1974 1465
1971 -412
1968 -991
1965 -1567
1962 -1711
1959 -321
1956 1597
1953 -1960
1950 -1189
1947 351
1944 1890
1941 -1644
1938 -642
1935 -1060
1932 387
1929 667
1926 -1847
1923 -94
1920 -45
1917 -157
1914 331
1911 -1816
1908 -406
1905 -1123
1902 -1826
1899 -1427
1896 1062
1893 -1059
1890 2002
1887 1421
1884 1095
1881 676
1878 1562
1875 112
1872 1600
1869 416
1866 -1801
1863 2030
1860 -1394
1857 -1720
1854 978
1851 753
1848 79
1845 -388
1845 BOTTOMOFSTACK

2043 1245
2040 891
2037 2037
2034 -1770
2031 -1441
2028 1960
2025 1001
2022 -90
2019 -336
2016 -1796
2013 -1869
2010 2029
2007 -1604
2004 -933
2001 -1795
1998 302
1995 -956
1992 -1708
1989 431
1986 1789
1983 -119
1980 -1437
1977 547
1974 224
1971 -1967
1968 -134
1965 1965
1962 -975
1959 -1816
1956 830
1956 BOTTOMOFSTACK

2010 844
2007 777
2004 1506
2001 1050
1998 1998
1998 BOTTOMOFSTACK

2037 760
2034 837
2031 981
2028 1218
2025 2025
2022 -768
2019 -480
2016 -550
2013 1833
2010 1947
2007 -46
2004 -904
2001 97
1998 526
1995 1953
1992 -620
1989 523
1986 1849
1983 -1401
1980 1018
1977 1410
1974 983
1971 44
1968 -1735
1965 -891
1962 1326
1959 -617
1956 -927
1953 -700
1950 343
1947 731
1944 -72
1941 -1025
1938 1301
1935 -1593
1932 991
1929 1284
1926 1948
1923 -1814
1920 986
1917 -254
1914 103
1911 -1056
1908 -1201
1905 -39
1902 86
1899 43
1896 -993
1893 963
1890 540
1887 774
1884 354
1881 -16
1878 -181
1875 1377
1872 23
1869 262
1866 -280
1863 -1417
1860 1754
1857 89
1854 1484
1851 -1591
1848 -1340
1845 599
1842 -84
1839 -1799
1836 541
1833 -488
1830 -1598
1827 1822
1824 -1844
1821 94
1818 1280
1815 -1975
1812 1505
1809 914
1806 1321
1803 -1184
1800 -1730
1797 24
1794 626
1791 1791
1788 1909
1785 -440
1782 1850
1779 1026
1776 1018
1773 -1464
1770 -581
1767 -235
1764 826
1761 936
1758 1345
1755 1602
1752 633
1749 -1926
1746 54
1743 -59
1740 1752
1737 -343
1734 1439
1731 1839
1728 -1907
1725 1142
1722 559
1719 1125
1716 -944
1713 811
1710 462
1707 -900
1704 -1932
1701 34
1698 -210
1695 1729
1692 -1880
1689 -480
1686 -680
1683 1728
1680 -439
1677 835
1674 1471
1671 1386
1668 1010
1665 -1619
1662 -1253
1659 -1364
1656 -812
1653 1766
1650 1119
1647 -1690
1644 -928
1641 836
1638 960
1635 1139
1632 -855
1629 755
1626 -1436
1623 460
1620 952
1617 1200
1614 -527
1611 1634
1608 -14
1605 -1917
1602 -139
1599 364
1596 1856
1593 1898
1590 875
1587 2007
1584 -428
1581 -1872
1578 -1183
1575 -1099
1572 1805
1569 -30
1566 -41
1563 1690
1560 1395
1557 149
1554 1869
1551 461
1548 1923
1545 -1294
1542 572
1539 -1206
1536 -1460
1533 1138
1530 -1502
1527 -795
1524 2005
1521 1043
1518 -1769
1515 799
1512 -457
1509 1075
1506 -306
1503 1102
1500 -738
1497 1846
1494 1898
1491 -1308
1488 -957
1485 -444
1482 -1636
1479 -2014
1476 1782
1473 -215
1470 -1354
1467 -1159
1464 1290
1461 -106
1458 -271
1455 -1909
1455 BOTTOMOFSTACK

2034 1644
2031 1947
2028 1978
2025 1294
2022 1377
2019 2019
2016 1330
2013 -426
2010 1195
2007 1935
2004 -1898
2001 447
1998 -353
1995 -1284
1992 627
1989 -273
1986 -1368
1983 1789
1980 947
1977 -251
1974 1706
1971 2012
1968 1600
1965 -1531
1962 -88
1959 -813
1956 1170
1953 -1737
1950 1311
1947 304
1944 -1018
1941 2001
1938 -1095
1935 -1496
1935 BOTTOMOFSTACK

