2016 279
2013 1912
2010 74
2007 532
2004 33
2001 2001
1998 1365
1995 -1519
1992 -1079
1989 -707
1986 -1163
1983 -1544
1980 -920
1977 1876
1974 -1503
1971 -1251
1968 -943
1965 814
1962 99
1959 -743
1956 1299
1953 -798
1950 2017
1947 233
1944 -1559
1941 -1136
1938 -1806
1935 -1140
1932 609
1929 1593
1926 -159
1923 57
1920 -904
1917 18
1914 -941
1911 945
1908 -868
1905 868
1902 1147
1899 -495
1896 -889
1893 -1236
1890 -227
1887 -602
1884 -748
1881 -1827
1878 -416
1875 -1361
1872 2040
1869 -11
1866 1291
1863 -1344
1860 -1020
1857 -66
1854 209
1851 148
1848 -463
1845 -609
1842 -1360
1839 864
1836 1911
1833 656
1830 1856
1827 -378
1824 1578
1821 235
1818 1637
1815 -1930
1812 -114
1809 1374
1806 1089
1803 1420
1800 -187
1797 -245
1794 -654
1791 57
1788 2030
1785 1621
1782 1309
1779 1639
1776 -2030
1773 -398
1770 -1221
1767 1319
1764 1680
1761 354
1758 1953
1755 -1899
1752 -792
1749 -1953
1746 -898
1743 791
1740 -2027
1737 447
1734 1997
1731 644
1728 723
1725 -966
1722 1971
1719 806
1716 410
1713 -75
1710 1383
1707 1346
1704 -2010
1701 68
1698 1096
1695 1360
1692 -574
1689 -1833
1686 -853
1683 -971
1680 -776
1677 -1683
1674 731
1671 1199
1668 -811
1665 -356
1662 979
1659 1889
1656 -1657
1653 1577
1650 106
1647 1795
1644 122
1641 -1421
1638 625
1635 1127
1632 1226
1629 -700
1626 933
1623 -835
1620 1849
1617 -1293
1614 1790
1611 1548
1608 1114
1605 1966
1602 -734
1599 -340
1596 1392
1593 -177
1590 -1682
1587 2010
1584 -16
1581 -1103
1578 1261
1575 -1878
1572 -152
1569 -1177
1566 698
1563 -632
1560 -86
1557 1846
1554 1599
1551 677
1548 1698
1545 824
1542 -170
1539 -1226
1536 1417
1533 1163
1530 626
1527 -361
1524 1294
1521 -293
1518 589
1515 1521
1512 1472
1509 -1213
1506 -1023
1503 -725
1500 -362
1497 95
1494 740
1491 -691
1488 548
1485 -228
1482 -696
1479 -347
1476 1707
1473 -1321
1470 -1362
1467 -1292
1464 434
1461 -1247
1458 1814
1455 1799
1452 1102
1449 1409
1446 1870
1443 -1791
1440 1424
1437 -135
1434 -1990
1431 -887
1428 -1118
1425 1420
1422 -836
1419 -948
1416 1411
1413 335
1410 -876
1407 -841
1407 BOTTOMOFSTACK

2022 254
2019 1125
2016 764
2013 1753
2010 189
2007 2007
2004 1386
2001 -712
1998 630
1995 -580
1992 -985
1989 559
1986 1718
1983 1085
1980 -1854
1977 -1616
1974 938
1971 873
1968 -1136
1965 1874
1962 984
1959 305
1956 329
1953 -2045
1950 -1632
1947 -2014
1944 -714
1941 -1117
1938 -1948
1935 -831
1932 1668
1929 -1319
1926 277
1923 1098
1920 -239
1917 95
1914 -171
1911 -134
1908 552
1905 -331
1902 1397
1899 1216
1896 913
1893 1800
1890 -1041
1887 1964
1884 -1504
1881 1203
1878 -729
1875 1440
1872 -1141
1869 -1710
1866 -702
1863 1207
1860 757
1857 715
1854 -1246
1851 58
1848 -1691
1845 -514
1842 -1916
1839 -622
1836 1395
1833 1297
1830 -1979
1827 -1326
1824 473
1821 1217
1818 1848
1815 1481
1812 -265
1809 581
1806 -93
1803 267
1800 919
1797 -1434
1794 -395
1791 96
1788 -399
1785 1222
1782 -1558
1779 79
1776 540
1773 -441
1770 -29
1767 1187
1764 -231
1761 -596
1758 -615
1755 -1758
1752 278
1749 1694
1746 760
1743 -991
1740 -1749
1737 281
1734 -839
1731 -1358
1728 192
1725 -12
1722 1280
1719 -566
1716 802
1713 -1213
1710 1552
1707 328
1704 463
1701 -1938
1698 -341
1695 -374
1692 1946
1689 -123
1686 -1927
1683 -617
1680 862
1677 158
1674 -1496
1671 419
1668 1483
1665 631
1662 802
1659 -1168
1656 1051
1653 738
1650 -1193
1647 -1726
1644 -115
1641 250
1638 -815
1635 1150
1632 1702
1629 857
1626 -715
1626 BOTTOMOFSTACK

