2022 773
2019 1623
2016 13
2013 1595
2010 50
2007 2007
2004 64
2001 -955
1998 3
1995 -76
1992 -1287
1989 627
1986 1395
1983 1722
1980 73
1977 -1502
1974 -2037
1971 -1714
1968 1959
1965 -344
1962 -1536
1959 1876
1956 506
1953 463
1950 1219
1947 1218
1944 2033
1941 457
1938 1507
1935 -1995
1932 367
1929 -248
1926 363
1923 -255
1920 -1451
1917 -1444
1914 -1496
1911 -1101
1908 -1244
1905 487
1902 -596
1899 981
1896 -1593
1893 -1784
1890 913
1887 -690
1884 39
1881 1844
1878 -110
1875 358
1872 1864
1869 1645
1866 1661
1863 -535
1860 -858
1857 -1714
1854 -2019
1851 -946
1848 -1515
1845 -1405
1842 342
1839 -353
1836 -252
1833 -1918
1830 -406
1827 1007
1824 365
1821 1753
1818 -869
1815 -1155
1812 -1025
1809 1852
1806 -550
1803 -749
1800 1495
1797 1488
1794 -1043
1791 -1286
1788 195
1785 1740
1782 415
1779 -1692
1776 -1731
1773 -1096
1770 1399
1767 -855
1764 82
1761 -1991
1758 -944
1755 454
1752 546
1749 1945
1746 -477
1743 -1170
1740 -974
1737 750
1734 1409
1731 1768
1728 -1342
1725 -50
1722 -1878
1719 1198
1716 -1987
1713 -988
1710 -938
1707 449
1704 -1240
1701 1374
1698 -1445
1695 809
1692 400
1689 1179
1686 -483
1683 1559
1680 -133
1677 1435
1674 470
1671 -979
1668 8
1665 -1871
1662 716
1659 344
1656 -1444
1653 -1998
1650 1397
1647 1534
1644 -469
1641 -1416
1638 47
1635 -1815
1632 -210
1629 -489
1626 1168
1623 -579
1620 -1790
1617 -1417
1614 1669
1611 -487
1608 490
1605 -517
1602 1106
1599 296
1596 -883
1593 1361
1590 -677
1587 -1142
1584 -1185
1581 -1354
1578 790
1575 -335
1572 -1071
1569 -571
1566 -127
1563 958
1560 1624
1557 1259
1554 -1029
1551 -960
1548 655
1545 -857
1542 -987
1539 -44
1536 91
1533 -1172
1530 -973
1527 868
1524 718
1521 794
1518 -34
1515 1078
1512 -134
1509 697
1506 693
1503 762
1500 -1218
1497 1092
1494 -1314
1491 -143
1488 615
1485 1175
1482 -1489
1479 -1266
1476 1859
1473 -1072
1470 1793
1467 -1645
1464 1551
1461 -1986
1458 1682
1455 900
1452 -1781
1449 402
1446 -799
1443 340
1440 1833
1437 -690
1434 -356
1431 100
1428 -913
1425 -1850
1422 -1280
1419 427
1416 -2033
1413 -799
1410 198
1407 -743
1404 -432
1401 877
1398 -1018
1395 -383
1392 -1679
1389 301
1386 -554
1383 -574
1380 -1542
1377 1872
1374 -33
1371 1490
1368 -913
1365 -850
1362 874
1359 -1966
1356 69
1353 -1971
1350 -426
1347 -275
1344 679
1341 -1131
1338 -1602
1335 -1343
1332 580
1329 1246
1326 1572
1323 179
1320 -1311
1317 -418
1314 -672
1311 -1241
1308 319
1305 1092
1302 716
1299 221
1296 204
1293 1681
1290 472
1287 -1159
1284 1070
1281 638
1278 -729
1275 1675
1272 -315
1272 BOTTOMOFSTACK

2007 830
2004 1418
2001 228
1998 1998
1995 402
1992 1619
1989 -688
1986 -163
1983 1870
1980 1515
1977 -1511
1974 -218
1971 1892
1968 -2032
1965 -701
1962 -1974
1959 219
1956 91
1953 -966
1950 197
1947 1050
1944 73
1941 2006
1938 1970
1935 -231
1932 411
1929 934
1926 -976
1923 -983
1920 76
1917 -150
1914 -1145
1911 795
1908 1182
1905 1598
1902 420
1899 1696
1896 -837
1893 1380
1890 -1589
1887 1477
1884 -1706
1881 -1232
1878 1668
1875 845
1872 434
1869 1384
1866 1276
1863 -1934
1860 321
1857 1553
1854 -919
1851 -448
1848 -1095
1845 1920
1842 -586
1839 -844
1836 1009
1833 -481
1830 1054
1827 -1987
1824 -1749
1821 1716
1818 429
1815 -606
1812 276
1809 852
1806 -534
1803 -1773
1800 132
1797 691
1794 994
1791 -227
1788 -793
1785 -253
1782 1257
1779 -1806
1776 -1539
1773 -294
1770 286
1767 -1267
1764 -19
1761 112
1758 -813
1755 455
1752 578
1749 3
1746 -157
1743 806
1740 780
1737 239
1734 -1432
1731 192
1728 1400
1725 1504
1722 -29
1719 -2021
1716 481
1713 -1288
1710 -800
1707 -722
1704 1069
1701 571
1698 -570
1695 -1324
1692 -997
1689 1592
1686 -617
1683 438
1680 983
1677 2008
1674 -1073
1671 -1742
1668 362
1665 -1502
1662 366
1659 -551
1656 -1756
1653 1587
1650 -1654
1647 -64
1644 1388
1641 84
1638 873
1635 318
1632 461
1629 102
1626 -1684
1623 1974
1620 -1177
1617 -577
1614 1476
1611 1521
1608 953
1605 -723
1602 -348
1599 1163
1596 269
1593 1742
1590 -679
1587 -725
1584 -102
1581 159
1578 355
1575 1113
1572 1425
1569 -392
1566 1677
1563 -277
1560 1688
1557 -1651
1554 1290
1551 -245
1548 -885
1545 985
1542 -1842
1539 1199
1536 -1184
1533 1596
1530 76
1527 1984
1524 1051
1521 1764
1518 -1883
1515 903
1512 1750
1509 1690
1506 -777
1503 1078
1500 1414
1497 -88
1494 -210
1491 1365
1488 -2042
1485 -103
1482 -176
1479 -2044
1476 523
1473 -767
1470 -1525
1467 887
1464 228
1461 1979
1458 -74
1455 1228
1452 763
1449 1693
1446 -1947
1443 -2031
1440 -1354
1437 -1637
1434 -925
1431 1191
1428 1297
1425 -1520
1422 1124
1419 930
1416 1998
1413 1396
1410 -682
1407 1604
1404 -1870
1401 -1154
1398 1829
1395 1903
1392 2025
1389 -447
1386 -1674
1383 481
1380 628
1377 -1609
1374 -930
1371 97
1368 -1420
1365 -1599
1362 968
1359 -1833
1356 276
1353 447
1350 649
1347 431
1344 -249
1341 1182
1338 939
1335 -1963
1332 1080
1329 1032
1326 -1866
1323 413
1320 -1124
1317 -1899
1314 1447
1311 -148
1308 273
1305 1753
1302 -525
1299 -210
1296 -1676
1293 -1026
1290 -441
1287 -1577
1287 BOTTOMOFSTACK

2043 1390
2040 1563
2037 1163
2034 423
2031 2031
2028 -1107
2025 338
2022 1045
2019 -709
2016 -98
2013 379
2010 398
2007 -145
2004 -1268
2001 1210
1998 -1606
1995 -1228
1992 135
1989 -1334
1986 802
1983 -670
1980 -864
1977 861
1974 -651
1971 -891
1968 -1580
1965 -646
1962 873
1959 1975
1956 -762
1953 -1809
1950 1887
1947 -2024
1944 1605
1941 -1565
1938 -935
1935 -1465
1932 76
1929 1308
1926 -1299
1923 -660
1920 -329
1917 267
1914 241
1911 -934
1908 -1174
1905 -1595
1902 1847
1899 -1288
1896 1238
1893 234
1890 -78
1887 695
1884 -363
1881 -1231
1878 -1209
1875 -1771
1872 368
1869 -1323
1866 -409
1863 -1849
1860 1492
1857 -1834
1854 -732
1851 764
1848 202
1845 1532
1842 -1802
1839 -697
1836 -622
1833 -1122
1830 728
1827 911
1824 -1408
1821 -1468
1818 -623
1815 -745
1812 -373
1809 276
1806 1720
1803 -1295
1800 497
1797 1059
1794 1985
1791 1532
1788 1094
1785 -1681
1782 -774
1779 42
1776 -1906
1773 -1115
1770 -480
1767 -1503
1764 1376
1761 -1016
1758 -966
1755 -503
1752 999
1749 -942
1746 -84
1743 -540
1740 -1706
1737 -1738
1734 -720
1731 -1127
1728 312
1725 -1059
1722 -1819
1719 -277
1716 63
1713 923
1710 -23
1707 1039
1704 1432
1701 -1934
1698 -326
1695 -585
1692 411
1689 -316
1686 285
1683 -1828
1680 -1844
1677 -2042
1674 1999
1671 -1327
1668 1882
1665 1666
1662 -1864
1659 1792
1656 1000
1653 873
1650 -960
1647 273
1644 1167
1641 83
1638 -482
1635 -751
1632 -1917
1629 886
1626 881
1623 1981
1620 -561
1617 136
1614 1177
1611 -1603
1608 -294
1605 -511
1602 1800
1599 -840
1596 1011
1593 657
1590 -903
1590 BOTTOMOFSTACK

2025 1184
2022 606
2019 2019
2016 -1315
2013 -1683
2010 -1460
2007 -1025
2004 -1255
2001 -368
1998 -1087
1995 -1305
1992 421
1989 1532
1986 1365
1983 452
1980 -731
1977 1584
1974 63
1971 -1566
1968 1490
1965 433
1962 738
1959 1402
1956 483
1953 938
1950 -1744
1947 -1022
1944 956
1941 -1233
1938 293
1935 -1873
1932 141
1929 331
1926 110
1923 -1826
1920 -897
1917 -1310
1914 -1268
1911 -397
1908 1811
1905 -1580
1902 -420
1899 -1479
1896 1631
1893 470
1890 1330
1887 1182
1884 1273
1881 -1455
1878 -1176
1875 383
1872 1929
1869 93
1866 -14
1863 1653
1860 1621
1857 -1319
1854 1275
1851 1492
1848 -1752
1845 -1006
1842 -1041
1839 869
1836 -1578
1833 1695
1830 -1054
1827 -448
1824 1833
1821 -635
1818 -132
1815 150
1812 -1213
1809 -345
1806 -582
1803 1569
1800 301
1797 -1896
1794 -145
1791 551
1788 -1891
1785 253
1782 -655
1779 1769
1776 -616
1773 1035
1770 979
1767 371
1764 439
1761 263
1758 -1290
1755 -587
1752 -802
1749 717
1746 2041
1743 1605
1740 1648
1737 -1844
1734 -1788
1731 1367
1728 -119
1725 786
1722 1353
1719 -1811
1716 516
1713 697
1710 1032
1707 -1715
1704 1012
1701 -1049
1698 1895
1695 638
1692 -1447
1689 1787
1686 -1312
1683 1175
1680 1904
1677 -419
1674 -1584
1671 1315
1668 -1926
1665 -1562
1662 -1546
1659 -509
1656 1495
1653 -352
1650 1343
1647 -127
1644 -1802
1641 -1584
1638 1865
1635 159
1632 320
1629 732
1626 1032
1623 1023
1620 -1189
1617 588
1614 -379
1611 -1465
1608 634
1605 258
1602 234
1599 175
1596 1840
1593 -1489
1590 -1800
1587 -437
1584 192
1581 -181
1578 -688
1575 1851
1572 -391
1569 -1103
1566 -1126
1563 445
1560 1243
1560 BOTTOMOFSTACK

2043 446
2040 537
2037 793
2034 925
2031 786
2028 2028
2025 -1120
2022 89
2019 2016
2016 650
2013 1366
2010 913
2007 -1055
2004 1638
2001 534
1998 -782
1995 -1806
1992 498
1989 -398
1986 1009
1983 -786
1980 -1724
1977 -656
1974 860
1971 1641
1968 -1593
1965 1958
1962 95
1959 -174
1956 288
1953 -754
1950 -370
1947 1770
1944 104
1941 -876
1938 1791
1935 -896
1932 -929
1929 1880
1926 1927
1923 -165
1920 891
1917 699
1914 320
1911 663
1908 350
1908 BOTTOMOFSTACK

2007 1062
2004 960
2001 2001
1998 421
1995 99
1992 1677
1989 1836
1986 -1006
1983 2040
1980 -16
1977 -1383
1974 371
1971 -735
1968 1420
1965 48
1962 506
1959 1591
1956 -1855
1953 324
1950 -1500
1947 -501
1944 1515
1941 -1692
1938 -634
1935 -1861
1932 866
1929 933
1926 -1354
1923 -748
1920 1804
1917 1429
1914 163
1911 -1342
1908 -290
1905 -1008
1902 -939
1899 -1629
1896 942
1893 -232
1890 1094
1887 -1602
1884 -964
1881 1484
1878 1946
1875 -19
1872 -44
1869 554
1866 906
1863 881
1860 -1758
1857 -1794
1854 -1895
1851 -900
1848 1582
1845 42
1842 -1262
1839 -227
1836 -871
1833 2025
1830 170
1827 -1323
1824 -880
1821 -2016
1818 1672
1815 -1648
1812 -1564
1809 1142
1806 1996
1803 1698
1800 -311
1797 -1326
1794 -462
1791 -530
1788 907
1785 -538
1782 1792
1779 -1427
1776 -1249
1773 -1242
1770 2013
1767 1225
1764 -466
1761 -1107
1758 663
1758 BOTTOMOFSTACK

2007 1039
2004 1125
2001 2001
1998 1357
1995 -430
1992 -1183
1989 1268
1986 -566
1983 -1927
1980 -1366
1977 -1635
1974 131
1971 1178
1968 -601
1965 753
1962 -531
1959 869
1956 146
1953 -1691
1950 -1620
1947 -628
1944 -19
1941 -1688
1938 -915
1935 130
1932 1268
1929 1104
1926 822
1923 -1453
1920 1829
1917 -1150
1914 243
1911 -1164
1908 1722
1905 1373
1902 -1393
1899 1901
1896 -243
1893 -1523
1890 876
1887 1234
1884 651
1881 1660
1878 -792
1875 1238
1872 612
1869 749
1866 -577
1863 -1237
1860 -842
1857 1894
1854 -1402
1851 -311
1848 1395
1845 1223
1842 -614
1839 1366
1836 1996
1833 241
1830 1576
1827 -581
1824 -2047
1821 -931
1818 1375
1815 1059
1812 -1309
1809 -55
1806 -748
1803 1479
1800 504
1797 382
1794 -381
1791 383
1788 -905
1785 1834
1782 623
1779 -1711
1776 -529
1773 -1142
1770 1572
1767 -925
1764 1071
1761 -1383
1758 360
1755 424
1752 452
1749 482
1746 277
1743 1473
1740 -497
1737 141
1734 -1756
1731 -1246
1728 1461
1725 -698
1722 271
1719 -402
1716 1898
1713 881
1710 910
1707 1237
1704 1181
1701 -815
1698 281
1698 BOTTOMOFSTACK

2028 1228
2025 1133
2022 1067
2019 1326
2016 2016
2013 1112
2010 1571
2007 -1163
2004 1264
2001 -1438
1998 1143
1995 -1559
1992 502
1989 266
1986 213
1983 -1597
1980 -467
1977 -1627
1974 1587
1971 1338
1968 682
1965 -1126
1962 406
1959 1095
1956 1982
1953 -186
1950 -1242
1947 -528
1944 1184
1941 1121
1938 295
1935 -466
1932 -1417
1929 -1635
1926 1223
1923 1714
1920 490
1917 994
1914 2011
1911 -455
1908 443
1905 -2
1902 -2000
1899 -1286
1896 1926
1893 -645
1890 1651
1887 -467
1884 175
1881 -1670
1878 -1566
1875 1648
1872 -1718
1869 1823
1866 -129
1863 -1291
1860 1664
1857 987
1854 990
1851 -1472
1848 -1942
1845 714
1842 1325
1839 678
1836 1910
1833 271
1830 -1107
1827 -1606
1824 -1101
1821 1130
1818 -1600
1815 -1810
1812 1953
1809 -1005
1806 -432
1803 -1499
1800 150
1797 -1282
1794 2034
1791 -652
1788 -198
1785 645
1782 -1806
1779 464
1776 -1720
1773 381
1770 900
1767 907
1764 -1419
1761 -1630
1758 1567
1755 -847
1752 -1766
1749 284
1746 -1257
1743 188
1740 1110
1737 210
1734 -585
1731 788
1728 -1572
1725 -991
1722 -816
1719 -666
1716 -1785
1713 249
1710 1306
1707 879
1704 -1151
1701 1941
1698 -1800
1695 -1625
1692 -673
1689 1971
1686 1389
1683 -1998
1680 556
1677 179
1674 794
1671 -995
1668 1456
1665 1663
1662 -485
1659 -502
1656 162
1653 1220
1650 1062
1647 -1441
1644 1673
1641 1040
1638 -478
1635 -1176
1632 1406
1629 828
1626 188
1623 -499
1620 -1887
1617 -285
1614 -1130
1611 -8
1608 -113
1605 681
1602 101
1599 -813
1596 -371
1593 -676
1590 361
1590 BOTTOMOFSTACK

2037 1705
2034 1512
2031 1524
2028 2028
2025 -1660
2022 35
2019 724
2016 -1142
2013 -760
2010 388
2007 -1337
2004 1492
2001 -1728
1998 491
1995 -1750
1992 1679
1989 1873
1986 -1647
1983 -334
1980 936
1977 1676
1974 1490
1971 1751
1968 1979
1965 -431
1962 -134
1959 1754
1956 322
1953 1442
1950 590
1947 923
1944 982
1941 -1665
1938 -1456
1935 -189
1932 743
1929 -1837
1926 9
1923 -1398
1920 377
1917 -1669
1914 308
1911 -1039
1908 -765
1905 -133
1902 -131
1899 -792
1896 -550
1893 -255
1890 -1611
1887 -1875
1884 -992
1881 927
1878 1428
1875 -1101
1872 164
1869 1617
1866 919
1863 909
1860 779
1857 -1018
1854 1355
1851 -419
1848 1404
1845 1728
1842 -1332
1839 319
1836 630
1833 1257
1830 -1879
1827 -418
1824 1852
1821 646
1818 1011
1815 1451
1812 -1948
1809 -791
1806 -1072
1803 819
1800 -669
1797 1390
1794 -1377
1791 -1504
1788 184
1785 778
1782 691
1779 -1206
1776 -1957
1773 -82
1770 -367
1767 -377
1764 -1569
1761 -1540
1758 446
1755 -1169
1752 -1599
1749 -916
1746 -304
1743 -1378
1740 -56
1737 2006
1734 -1648
1731 118
1728 203
1725 467
1722 -437
1719 -1708
1716 1310
1713 -1494
1710 633
1707 -844
1704 1580
1701 348
1698 -24
1695 -971
1692 101
1689 -444
1686 1702
1683 1759
1680 893
1677 649
1674 -1453
1671 -1717
1668 325
1665 -1571
1662 -1686
1659 971
1656 1751
1653 -200
1650 -1620
1647 -1388
1644 -945
1641 457
1638 -848
1635 -1867
1632 878
1629 450
1626 1638
1623 584
1620 115
1617 -311
1614 1490
1611 -1943
1608 -41
1605 -1860
1602 1799
1599 -1971
1596 -1346
1593 -1722
1590 -595
1587 1729
1584 1789
1581 7
1578 -1306
1575 1015
1572 1751
1569 74
1566 125
1563 -452
1563 BOTTOMOFSTACK

2010 2039
2007 526
2004 1695
2001 2001
1998 480
1995 805
1992 1014
1989 1300
1986 -934
1983 -1157
1980 1040
1977 -48
1974 -100
1971 -1806
1968 -1256
1965 949
1962 1735
1959 664
1956 -1264
1953 -509
1950 -1573
1947 304
1944 392
1941 -2009
1938 -1549
1935 -1214
1932 1334
1929 1032
1926 -1723
1923 1687
1920 1055
1917 -494
1914 -1883
1914 BOTTOMOFSTACK

