2010 475
2007 1130
2004 1453
2001 13
1998 1998
1995 42
1992 -924
1989 1740
1986 1540
1983 -445
1980 -993
1977 840
1974 -2023
1971 -1355
1968 839
1965 -818
1962 581
1959 -1273
1956 1168
1953 -478
1950 960
1947 550
1944 452
1941 1992
1938 -1923
1935 -1509
1932 -1089
1929 2019
1926 -1076
1923 -1697
1920 -1794
1917 -1135
1914 -726
1911 -350
1908 -354
1905 1369
1902 -370
1899 1463
1896 -561
1893 443
1890 949
1887 77
1884 -402
1881 -1987
1878 -365
1875 -2021
1872 -605
1869 -644
1866 1977
1863 325
1860 111
1857 1627
1854 608
1851 -576
1848 -7
1845 -1983
1842 1780
1839 -662
1836 564
1833 -1820
1830 -436
1827 1406
1824 -1422
1821 503
1818 905
1815 606
1812 -1881
1809 -1964
1806 1687
1803 -1196
1800 -819
1797 -1019
1794 530
1791 1365
1788 -1376
1785 263
1782 1215
1779 -1453
1776 888
1773 221
1770 1398
1767 -1519
1764 -75
1761 -887
1758 529
1755 -2032
1752 -389
1749 49
1746 855
1743 1893
1740 1058
1737 -486
1734 -250
1731 1425
1728 509
1725 566
1722 617
1719 -1616
1716 -363
1713 501
1710 60
1707 51
1704 -237
1701 1795
1698 -1702
1695 -1843
1695 BOTTOMOFSTACK

2004 1659
2001 189
1998 1998
1995 591
1992 297
1989 1174
1986 987
1983 917
1980 -302
1977 93
1974 -1078
1971 -1864
1968 1057
1965 745
1962 774
1959 824
1956 1737
1953 -182
1950 836
1947 -264
1944 -2010
1941 220
1938 1869
1935 284
1932 1169
1929 1996
1926 -1548
1923 -1728
1920 1737
1917 306
1914 2000
1911 -1939
1908 187
1905 1658
1902 -373
1899 1188
1896 49
1893 1936
1890 -1617
1887 -1154
1884 1205
1881 1269
1878 1208
1875 787
1872 -1253
1869 20
1866 -374
1863 1294
1860 -428
1857 -532
1854 921
1851 -1583
1848 186
1845 -978
1842 1698
1839 -1012
1836 1075
1833 -487
1830 901
1827 221
1824 1473
1821 1554
1818 -80
1815 359
1812 -1546
1809 -1267
1806 -1859
1803 1236
1800 -1521
1797 -321
1794 -843
1791 -70
1788 -1515
1785 -205
1782 1580
1779 726
1776 -328
1773 655
1770 1924
1767 -106
1764 1521
1761 -1322
1758 582
1755 -1666
1752 1246
1749 3
1746 -759
1743 -1247
1740 -90
1737 2021
1734 -129
1731 -1555
1728 1366
1725 844
1722 -276
1719 225
1716 110
1713 607
1710 -1130
1707 -2005
1704 -1788
1701 1776
1701 BOTTOMOFSTACK

2040 1886
2037 345
2034 2034
2031 1749
2028 826
2025 1824
2022 667
2019 -1891
2016 1771
2013 -1136
2010 1814
2007 567
2004 1229
2001 1168
1998 1936
1995 -1252
1992 1397
1989 1671
1986 552
1983 -1319
1980 -342
1977 -1878
1974 567
1971 -1907
1968 -1492
1965 -346
1962 -404
1959 481
1956 1145
1953 1767
1950 759
1947 -902
1944 -276
1941 -1624
1938 1119
1935 -1700
1932 1408
1929 1177
1926 395
1923 573
1920 -1063
1917 514
1914 -253
1911 1607
1908 342
1905 -908
1902 1232
1899 -559
1896 -79
1893 -1452
1890 -1144
1887 -482
1884 309
1881 1484
1878 -936
1875 -1808
1872 -1563
1869 -1091
1866 1500
1863 809
1860 -349
1857 587
1854 -1302
1851 -1607
1848 -419
1845 88
1842 -1066
1839 1032
1836 -1088
1833 -177
1830 543
1827 -1876
1824 -1547
1821 1740
1818 -229
1815 1767
1812 111
1809 2
1806 -651
1803 67
1800 1412
1797 1078
1794 1186
1791 926
1788 -1400
1785 374
1782 1671
1779 -1307
1776 1331
1773 977
1770 936
1767 -815
1764 929
1761 1195
1758 -1004
1755 -1889
1752 -1601
1749 -57
1746 -1088
1743 -1452
1740 -243
1737 1840
1734 506
1731 554
1728 -177
1725 1628
1722 1860
1719 -569
1716 -1000
1713 -632
1710 -2010
1707 816
1704 1956
1701 1113
1698 -925
1695 1492
1692 1312
1689 863
1686 -415
1683 -574
1680 523
1677 1191
1674 659
1671 -809
1668 -1560
1665 -1419
1662 -1112
1659 1229
1656 1238
1653 -847
1650 1204
1647 -487
1644 -978
1641 1224
1638 -805
1635 1304
1632 -1979
1629 -601
1626 858
1623 1257
1620 670
1617 -1235
1614 -1690
1611 -1889
1608 -1571
1605 1464
1602 1097
1599 -1891
1596 -354
1593 -727
1590 1126
1587 939
1584 1527
1581 217
1578 541
1575 1350
1572 1789
1569 1213
1566 195
1563 1313
1560 -1834
1557 -974
1554 32
1551 -1597
1548 1507
1545 -95
1542 -1882
1539 432
1536 650
1533 414
1530 -1487
1527 -1996
1524 -124
1521 -1926
1518 -760
1515 -1980
1512 -1231
1509 212
1506 -137
1503 394
1500 -37
1497 -261
1494 -935
1491 -552
1488 879
1485 793
1482 1722
1479 -1302
1476 1145
1473 -682
1470 -667
1467 990
1464 -45
1461 1898
1458 -1536
1455 69
1452 400
1449 -905
1446 1436
1443 1870
1440 1222
1437 2010
1434 -1339
1431 671
1428 -1199
1425 -1056
1422 1547
1419 -672
1416 -1848
1413 -955
1410 -145
1407 -1186
1404 1918
1401 -1873
1398 1306
1395 -1342
1392 1647
1389 355
1386 158
1383 1019
1380 1246
1377 -635
1374 1987
1371 -200
1368 -809
1365 686
1362 -1647
1359 -173
1356 940
1353 674
1350 -406
1347 1754
1344 1112
1341 1239
1341 BOTTOMOFSTACK

2013 1577
2010 1289
2007 525
2004 2004
2001 -847
1998 613
1995 905
1992 -226
1989 -1577
1986 817
1983 -636
1980 -1791
1977 963
1974 -233
1971 -1780
1968 -883
1965 -190
1962 -193
1959 -1147
1956 -1662
1953 1086
1950 -1859
1947 -1537
1944 1651
1941 -458
1938 965
1935 -834
1932 -78
1929 -154
1926 10
1923 -916
1920 518
1917 -1136
1914 625
1911 -1992
1908 401
1905 746
1902 -671
1899 -1327
1896 -1823
1893 232
1890 954
1887 -1292
1884 -65
1881 1256
1878 -443
1875 982
1872 -1165
1869 -747
1866 -842
1863 -1831
1860 892
1857 -419
1854 292
1851 215
1848 71
1845 -1768
1842 -1104
1839 -1717
1836 -315
1833 197
1830 1355
1827 -1264
1824 871
1821 -1985
1818 -368
1815 -602
1812 -1219
1809 -1862
1806 -1383
1803 -1802
1800 -704
1797 1062
1794 800
1791 1165
1788 165
1788 BOTTOMOFSTACK

