2031 1221
2028 21
2025 2025
2022 911
2019 1856
2016 -181
2013 -1386
2010 1923
2007 -1613
2004 186
2001 -1655
1998 1548
1995 920
1992 1989
1989 -1617
1986 1982
1983 -1938
1980 -129
1977 403
1974 1839
1971 -379
1968 -1589
1965 1671
1962 260
1959 -1476
1956 1211
1953 182
1950 486
1947 -629
1944 -1880
1941 816
1938 -1806
1935 -1413
1932 485
1929 1294
1926 -1912
1923 -574
1920 404
1917 714
1914 -1788
1911 -1901
1908 -1247
1905 -550
1902 431
1899 258
1896 -618
1893 1633
1890 929
1887 815
1884 -2030
1881 1140
1878 -1419
1875 473
1872 -360
1869 -1059
1866 526
1863 1726
1860 95
1857 768
1854 131
1851 865
1848 1006
1845 -247
1842 -1375
1839 -1506
1836 1093
1833 -1399
1830 886
1827 -1239
1824 -981
1821 938
1818 159
1815 367
1812 -8
1809 -1780
1806 700
1803 6
1800 1211
1797 899
1794 486
1791 -946
1788 -1392
1785 -1199
1782 1660
1779 -1608
1776 1540
1773 -253
1770 -948
1767 1944
1764 1000
1761 -977
1758 356
1755 1278
1752 -364
1749 -1453
1746 -1975
1743 -1847
1743 BOTTOMOFSTACK

2046 791
2043 201
2040 2040
2037 -1685
2034 -2008
2031 -533
2028 880
2025 -916
2022 1081
2019 329
2016 890
2013 -507
2010 -15
2007 473
2004 -1454
2001 -13
1998 1702
1995 395
1992 1376
1989 -936
1986 30
1983 -1886
1980 -1542
1977 1158
1974 974
1971 -483
1968 1627
1965 -1589
1962 1895
1959 -1977
1956 -978
1953 789
1950 67
1947 458
1944 -991
1941 -87
1938 -1673
1935 -1302
1932 -1472
1929 -1435
1926 1988
1923 -237
1920 -419
1917 -1844
1914 -1780
1911 -109
1908 544
1905 -1029
1902 -1593
1899 174
1896 -2042
1893 -831
1890 980
1887 1705
1884 -677
1881 822
1878 570
1875 -1117
1872 -1775
1869 789
1866 1862
1863 1727
1860 -1196
1857 1731
1854 1652
1851 109
1848 -505
1845 226
1842 1977
1839 -1050
1836 -792
1833 -1462
1830 609
1827 1648
1824 980
1821 -226
1818 -1615
1815 1071
1812 74
1809 1242
1806 2026
1803 -1963
1800 371
1797 -1006
1794 -526
1791 374
1788 -1257
1785 -1308
1782 1821
1779 -583
1776 967
1773 1016
1770 434
1767 344
1764 -603
1761 997
1758 528
1755 1023
1752 -1400
1749 -368
1746 260
1743 -455
1740 -1403
1737 -2007
1734 -1908
1731 1480
1728 -1877
1725 -1901
1722 -848
1719 1017
1716 -1826
1713 -1288
1710 400
1707 1451
1704 -770
1701 1991
1698 648
1695 -1640
1692 328
1689 691
1686 -1347
1683 366
1680 1402
1677 1791
1674 -146
1671 -1245
1668 1004
1665 1609
1662 1651
1659 1553
1656 983
1653 1513
1650 342
1647 -2036
1644 -929
1641 415
1638 -1354
1635 1212
1632 -1143
1629 -1362
1626 -755
1623 -1517
1620 -1287
1617 1494
1614 1020
1611 -1500
1608 897
1605 271
1602 528
1599 614
1596 350
1593 -1982
1590 1609
1587 -1119
1584 286
1581 -170
1578 -960
1575 1578
1572 1679
1569 -781
1566 1928
1563 -1611
1560 874
1557 -1416
1554 -627
1551 -102
1548 566
1545 1988
1542 -924
1539 1829
1536 874
1533 1347
1530 -1196
1527 756
1524 1964
1521 690
1518 609
1515 -877
1512 -1765
1509 -761
1506 194
1503 167
1500 -571
1497 1721
1494 -1105
1491 334
1488 857
1485 587
1482 -1716
1479 1430
1479 BOTTOMOFSTACK

2007 520
2004 461
2001 390
1998 1998
1995 -892
1992 565
1989 187
1986 -819
1983 -713
1980 -503
1977 302
1974 798
1971 854
1968 1133
1965 -2002
1962 1009
1959 326
1956 1126
1953 -763
1950 -417
1947 -1285
1944 -1196
1941 -1581
1938 1902
1935 -1503
1932 99
1929 -1392
1926 -1561
1923 -790
1920 -1116
1917 1572
1914 -664
1911 525
1908 606
1905 -1517
1902 -178
1899 970
1896 -494
1893 -1382
1890 302
1887 1404
1884 -1205
1881 -1470
1878 1978
1875 -1636
1872 1092
1869 -1765
1866 -1506
1863 466
1860 -450
1857 1760
1854 1053
1851 -1589
1848 -62
1845 -926
1842 1171
1839 -947
1836 -1491
1833 528
1830 2
1827 168
1824 1350
1821 -565
1818 370
1815 -1922
1812 -521
1809 -156
1806 -436
1803 -1332
1800 557
1797 1023
1794 -1841
1791 -1416
1788 -306
1785 -792
1782 -1877
1779 1548
1776 -1665
1773 -694
1770 -1648
1767 -1947
1764 -1701
1761 -1404
1758 1844
1755 493
1752 306
1749 -408
1746 -1808
1743 -703
1740 352
1737 1419
1734 -1791
1731 -1755
1728 1015
1725 1184
1722 -1224
1719 342
1716 -1360
1716 BOTTOMOFSTACK

2040 39
2037 543
2034 2034
2031 594
2028 -1146
2025 1161
2022 1185
2019 -347
2016 -964
2013 -1298
2010 627
2007 -627
2004 -1159
2001 1582
1998 -1156
1995 -616
1992 1775
1989 -804
1986 466
1983 130
1980 940
1977 -314
1974 -1585
1971 1225
1968 371
1965 768
1962 93
1959 -541
1956 103
1953 -1496
1950 1667
1947 -2034
1944 -419
1941 1166
1938 -1697
1935 976
1932 -122
1929 -1964
1929 BOTTOMOFSTACK

2028 1747
2025 1334
2022 1800
2019 738
2016 2016
2013 882
2010 -1725
2007 1946
2004 848
2001 -1371
1998 475
1995 -84
1992 1323
1989 2014
1986 898
1983 -1304
1980 -2030
1977 -38
1974 946
1971 -1228
1968 386
1965 -1909
1962 1494
1959 -1191
1956 -301
1953 1171
1950 -441
1947 -1984
1944 1229
1941 -642
1938 16
1935 -1490
1932 704
1929 -1658
1926 -750
1923 -135
1920 220
1917 1370
1914 891
1911 636
1908 1097
1905 82
1902 -888
1899 169
1896 -1638
1893 -98
1890 -873
1887 1130
1884 -1066
1881 1916
1878 6
1875 1145
1872 373
1869 44
1866 -662
1863 -302
1860 -940
1857 -1768
1854 524
1851 -1968
1848 -325
1845 445
1842 201
1839 -676
1836 -664
1833 92
1830 -2022
1827 -309
1824 1669
1821 716
1818 -1260
1815 1461
1812 -1888
1809 1085
1806 -586
1803 -826
1800 571
1797 -964
1794 -1048
1791 -1765
1788 -1892
1785 -1264
1782 -181
1779 -699
1776 77
1773 1425
1770 -1390
1767 119
1764 1713
1761 1860
1758 -1156
1755 -1642
1752 727
1749 1220
1746 -1708
1743 -496
1740 32
1737 -671
1734 -1652
1731 -164
1728 401
1725 699
1722 -1782
1719 -780
1716 1639
1713 1521
1710 -917
1707 1893
1704 -1085
1701 974
1698 -1142
1695 1436
1692 1053
1689 -25
1686 -1390
1683 1624
1680 304
1677 -1411
1674 922
1671 1463
1668 -1292
1665 1972
1662 -1048
1659 -1229
1656 -1478
1653 -1603
1650 1400
1647 264
1644 -1160
1641 -127
1638 -182
1638 BOTTOMOFSTACK

2019 205
2016 1341
2013 502
2010 933
2007 2007
2004 1296
2001 485
1998 1713
1995 -721
1992 840
1989 408
1986 632
1983 -997
1980 -741
1977 -981
1974 347
1971 -313
1968 1320
1965 509
1962 -1161
1959 1285
1956 743
1953 -558
1950 245
1947 -1962
1944 -1541
1941 -768
1938 -1609
1935 1679
1932 1082
1929 -1392
1926 -737
1923 1216
1920 1062
1917 858
1914 789
1911 -1989
1908 448
1905 -1527
1902 1930
1899 -1887
1896 575
1893 -1623
1890 1305
1887 -787
1884 1846
1881 1386
1878 1179
1875 -1804
1872 -546
1869 -896
1866 1702
1863 578
1860 1927
1857 -955
1854 -129
1851 1313
1848 -1961
1845 -697
1842 1133
1839 22
1836 -79
1833 -1765
1830 1621
1827 1663
1824 -1311
1821 1517
1818 -131
1815 1974
1812 24
1809 1785
1806 -1065
1803 -1937
1800 576
1797 367
1794 -1750
1794 BOTTOMOFSTACK

2022 117
2019 972
2016 19
2013 1113
2010 2010
2007 1130
2004 -422
2001 -119
1998 512
1995 -931
1992 1481
1989 -1209
1986 745
1983 1238
1980 -1618
1977 -1265
1974 39
1971 -740
1968 647
1965 235
1962 418
1959 -353
1956 -1377
1953 -1883
1950 518
1947 -1068
1944 -667
1941 -36
1938 534
1935 -81
1932 -1827
1929 -1302
1926 1704
1923 491
1920 -270
1917 1882
1914 -1889
1911 1865
1908 295
1905 -1663
1902 1053
1899 1153
1896 1384
1893 1171
1890 1507
1887 1361
1884 381
1881 -1671
1878 -611
1875 268
1872 291
1869 1879
1866 -899
1863 45
1860 -713
1857 287
1854 418
1851 1068
1848 519
1845 -432
1842 -1736
1839 385
1836 423
1833 -1213
1830 -1614
1827 -1650
1824 1020
1821 -1548
1818 1800
1815 -511
1812 -389
1809 436
1806 -2041
1803 267
1800 1365
1797 268
1794 56
1791 -755
1788 -1767
1785 -619
1782 1849
1779 1464
1776 236
1773 -1390
1770 1858
1767 -1079
1764 -1745
1761 1747
1758 1698
1755 -729
1752 -620
1749 -1265
1746 771
1743 -808
1740 245
1737 1744
1734 609
1731 -101
1728 -1767
1725 1241
1722 -501
1719 -714
1716 -736
1713 1577
1710 801
1707 -1695
1704 263
1704 BOTTOMOFSTACK

2010 423
2007 226
2004 1072
2001 235
1998 1299
1995 1995
1992 1435
1989 -1188
1986 -1809
1983 388
1980 -1797
1977 -1878
1974 758
1971 877
1968 -1735
1965 153
1962 -245
1959 -1581
1956 -737
1953 -228
1950 -975
1947 -1380
1944 -1701
1941 1425
1938 -139
1935 1464
1932 -473
1929 414
1926 132
1923 -277
1920 -1628
1917 -949
1914 -1442
1911 1032
1908 -218
1905 -512
1902 743
1899 -1004
1896 1548
1893 -1449
1890 1748
1887 1704
1884 1047
1881 1568
1878 -1576
1875 1911
1872 -893
1869 1373
1866 -1845
1863 1154
1860 -299
1857 -876
1854 1765
1851 228
1848 -1736
1845 844
1842 1489
1839 -101
1836 719
1833 1120
1830 -1829
1827 1262
1824 1473
1821 -466
1818 -619
1815 -1295
1812 -1857
1809 -570
1806 -793
1803 -1422
1800 -96
1797 -606
1794 761
1791 -1718
1788 1622
1785 915
1782 -712
1779 -1446
1776 -468
1773 1527
1770 1482
1767 1762
1764 217
1761 721
1758 680
1755 16
1752 599
1749 881
1746 926
1743 -394
1740 -1279
1737 290
1734 507
1731 1770
1728 460
1725 652
1722 -712
1719 1336
1716 943
1713 -488
1710 -280
1707 638
1704 -779
1701 1591
1698 -469
1695 -819
1692 1771
1689 1882
1686 -299
1683 -787
1680 -402
1677 -1939
1674 1964
1671 -560
1668 -1283
1665 795
1662 -1131
1659 -111
1656 1681
1653 885
1650 -801
1647 591
1644 -488
1641 1235
1638 -741
1635 -986
1632 -1681
1629 214
1626 -1623
1623 -1128
1620 -192
1617 -875
1614 -759
1611 -1175
1608 -1829
1605 1815
1602 -339
1599 239
1596 -1495
1593 -471
1590 853
1587 101
1584 417
1581 384
1578 -566
1575 -1690
1572 1257
1569 719
1566 1051
1563 1840
1560 -427
1557 463
1554 -2008
1551 1472
1548 -499
1545 -28
1542 785
1539 -559
1536 786
1533 -242
1530 1028
1527 171
1524 189
1521 991
1518 954
1515 101
1512 -1246
1509 1801
1506 -272
1503 -324
1500 -1489
1497 -1532
1494 1598
1491 1400
1488 -770
1485 -1195
1482 -601
1479 -878
1476 -1789
1473 -1468
1470 -157
1467 -205
1464 -1050
1461 -1904
1458 -1364
1455 -1392
1452 1675
1449 905
1446 986
1443 -1541
1440 -896
1437 -330
1434 -142
1431 192
1428 -221
1425 -198
1422 1679
1419 -1347
1416 -710
1413 1406
1410 1054
1407 -1315
1404 -336
1401 -68
1398 -1910
1395 698
1392 966
1389 972
1386 561
1383 -1683
1380 -1776
1377 1382
1374 -1197
1371 142
1368 -1554
1365 1993
1362 -537
1359 -1624
1356 1660
1353 -1368
1350 218
1347 -1653
1344 -112
1341 876
1338 -211
1335 -247
1332 -171
1329 71
1326 312
1323 1916
1320 682
1317 -1429
1314 -1644
1311 1887
1308 145
1305 1708
1302 -1184
1299 -220
1296 -264
1293 915
1290 237
1287 87
1284 -1315
1281 1032
1278 2008
1275 306
1272 1115
1269 -584
1266 -109
1263 -1647
1260 670
1257 -852
1254 1106
1251 286
1248 1536
1245 -419
1242 752
1239 -1868
1236 -1958
1233 -1715
1230 2005
1227 -1815
1224 -1609
1221 -2043
1218 294
1215 -136
1212 -532
1209 420
1206 -1755
1203 1248
1200 -615
1197 -1748
1194 -1811
1191 -1033
1188 -950
1185 341
1182 1582
1179 852
1176 1380
1173 -1623
1170 572
1167 -300
1164 441
1164 BOTTOMOFSTACK

2025 1056
2022 1134
2019 693
2016 1494
2013 2013
2010 923
2007 -669
2004 1045
2001 1786
1998 371
1995 -796
1992 -1811
1989 -1767
1986 -318
1983 -591
1980 1418
1977 -644
1974 273
1971 -1040
1968 -846
1965 -1769
1962 -1186
1959 -435
1956 -757
1953 985
1950 -1302
1947 -660
1944 42
1941 707
1938 -1022
1935 1584
1932 1072
1929 1187
1926 1598
1923 952
1920 879
1917 1974
1914 -870
1911 2039
1908 1172
1905 338
1902 -1908
1899 463
1896 509
1893 -1786
1890 457
1887 -1841
1884 1188
1881 1137
1878 -201
1875 -1477
1872 -907
1869 1347
1866 201
1863 1587
1860 -1917
1857 1387
1854 -1345
1851 -286
1848 -1595
1845 1548
1842 997
1839 -408
1836 1881
1833 467
1830 -1161
1827 -11
1824 -828
1821 -1498
1818 -1306
1815 1838
1812 362
1809 1868
1806 -1132
1803 224
1800 -1681
1797 -417
1794 -1447
1791 -1384
1788 908
1785 816
1782 100
1779 146
1776 1726
1773 -782
1770 1089
1767 1881
1764 -1982
1761 -1356
1758 -1203
1755 -1594
1752 -844
1749 2041
1746 1068
1743 1705
1740 -1623
1737 1165
1734 -513
1731 156
1728 846
1725 741
1722 -1645
1719 1330
1716 1851
1713 1972
1710 424
1707 1866
1704 -1493
1701 -1290
1698 -624
1695 -817
1692 -1787
1689 841
1686 1837
1683 -177
1680 422
1677 1039
1674 -283
1671 -1613
1668 509
1665 1906
1662 1319
1659 1191
1656 -963
1653 1769
1650 -1335
1647 -206
1644 1006
1641 1398
1638 932
1635 666
1632 1535
1629 -568
1626 -734
1623 458
1620 -1833
1617 1971
1614 -368
1611 986
1608 -161
1605 1110
1602 915
1599 -1702
1596 -991
1593 578
1590 623
1587 -692
1584 -104
1581 -1469
1578 -212
1575 1921
1572 533
1569 727
1566 -1154
1563 -129
1560 1435
1557 1289
1554 1435
1551 1840
1548 -799
1545 1103
1542 35
1539 1273
1536 64
1533 -1458
1530 -1626
1527 847
1524 1667
1521 1704
1518 -1620
1515 696
1512 -1986
1509 -1212
1506 -18
1503 1800
1500 -1677
1497 22
1494 284
1491 1327
1488 641
1485 -1180
1482 -1973
1479 221
1476 -303
1473 601
1470 -681
1467 227
1464 -1916
1461 -1066
1458 1957
1455 -1602
1452 -1057
1449 -1468
1446 982
1443 1807
1440 -383
1437 -1741
1434 -67
1431 1317
1428 -719
1425 -1602
1422 1456
1419 -1673
1416 -797
1413 -1100
1410 614
1407 431
1404 -431
1401 -671
1398 -246
1395 -1469
1392 -1993
1389 -749
1386 302
1383 1026
1380 1278
1377 -1853
1374 -1895
1371 -358
1368 120
1365 1872
1362 1466
1359 1063
1356 626
1353 278
1353 BOTTOMOFSTACK

