2013 517
2010 1672
2007 429
2004 49
2001 2001
1998 1841
1995 -1660
1992 1714
1989 -87
1986 1237
1983 547
1980 -1732
1977 659
1974 -1546
1971 -1628
1968 993
1965 287
1962 -2001
1959 350
1956 732
1953 1142
1950 -1438
1947 -1291
1944 1627
1941 -1371
1938 -579
1935 202
1932 -1789
1929 341
1926 -863
1923 1121
1920 1870
1917 -2024
1914 -1818
1911 242
1908 248
1905 1351
1902 -1916
1899 -1534
1896 1420
1893 -1652
1890 -664
1887 378
1884 1814
1881 638
1878 805
1875 -105
1872 -945
1869 945
1866 1655
1863 739
1860 -516
1857 -1044
1854 1683
1851 69
1848 1514
1845 1583
1842 1622
1839 -1433
1836 -1834
1833 1427
1830 -527
1827 -160
1824 338
1821 2012
1818 1222
1815 -1931
1812 -1646
1809 -216
1806 1106
1803 -1743
1800 2015
1797 -205
1794 966
1791 -552
1788 -1126
1785 -1712
1782 -230
1779 1529
1776 1541
1773 -1601
1770 990
1767 501
1764 -1207
1761 -899
1758 997
1755 1616
1752 1582
1749 63
1746 1808
1743 78
1740 134
1737 -283
1734 1344
1731 452
1728 19
1725 -78
1722 -1954
1719 -1288
1716 -706
1713 -1730
1710 -471
1707 1580
1704 -1094
1701 951
1698 -1252
1695 1445
1692 1164
1689 207
1686 964
1683 -628
1680 -512
1677 1157
1674 1927
1671 675
1668 -1635
1665 1866
1662 946
1659 -479
1656 382
1653 -937
1650 1376
1647 1712
1644 -789
1641 833
1638 82
1635 340
1632 -392
1629 1541
1626 -540
1623 858
1620 77
1620 BOTTOMOFSTACK

2049 140
2046 1872
2043 682
2040 240
2037 2037
2034 -810
2031 -492
2028 766
2025 1250
2022 1697
2019 -1259
2016 963
2013 -126
2010 -992
2007 -1853
2004 -524
2001 315
1998 525
1995 -1673
1992 1183
1989 642
1986 -1201
1983 1237
1980 -1812
1977 -1251
1974 1843
1971 -856
1968 574
1965 -1799
1962 -1588
1959 2021
1956 -882
1953 -184
1950 1829
1947 1900
1944 -1044
1941 973
1938 586
1935 -315
1932 217
1929 975
1926 -338
1923 -1229
1920 -626
1917 1225
1914 -1343
1911 -1756
1908 -121
1905 1870
1902 -589
1899 975
1896 36
1893 -1335
1890 -312
1887 -120
1884 1230
1881 386
1878 1571
1875 1140
1872 772
1869 -1187
1866 -1981
1863 1136
1860 676
1857 -1121
1854 -1954
1851 1611
1848 673
1845 -282
1842 -132
1839 -844
1836 -236
1833 138
1830 2021
1827 -385
1824 -207
1821 53
1818 -662
1815 -1368
1812 -698
1809 -781
1806 376
1803 1273
1800 -95
1797 -92
1794 -1227
1791 1783
1788 1791
1785 402
1782 -198
1779 -1515
1776 -51
1773 1144
1770 1555
1767 -1995
1764 -1687
1761 826
1758 1993
1755 -1349
1752 1712
1749 -654
1746 -1429
1743 317
1740 -973
1737 1541
1734 -240
1731 -23
1728 1247
1725 -1275
1722 9
1719 -1832
1716 -1782
1713 -169
1710 -548
1707 -384
1704 1748
1701 289
1698 -1956
1695 611
1692 1167
1689 104
1686 -101
1683 1879
1680 -51
1677 -1314
1674 -218
1671 549
1668 -1915
1665 604
1662 -149
1659 1237
1656 1149
1653 589
1650 674
1647 -174
1644 3
1641 1305
1638 -425
1635 -1500
1632 895
1629 -15
1626 498
1623 1926
1620 492
1617 -1351
1614 833
1611 1586
1608 266
1605 347
1602 94
1599 265
1596 -744
1593 597
1590 824
1587 1995
1584 -200
1581 -1687
1578 899
1575 19
1572 288
1569 -256
1566 -1979
1563 -1375
1560 -1627
1557 -1507
1554 189
1551 -857
1548 -644
1545 1092
1542 1401
1539 1648
1536 -1527
1533 382
1530 665
1527 -1322
1524 -768
1521 -979
1518 1205
1515 -742
1512 -1177
1509 -1735
1506 509
1503 1158
1500 1896
1497 -628
1494 -862
1491 361
1488 1763
1485 862
1482 1223
1479 -666
1476 -1618
1473 1181
1470 518
1467 -149
1464 -920
1461 1948
1458 -1288
1455 -1268
1452 685
1449 -1543
1446 -598
1443 450
1440 -1061
1437 1765
1434 -929
1431 326
1428 -947
1425 151
1422 1546
1419 2005
1416 1041
1413 1284
1410 1238
1407 979
1404 1631
1401 970
1398 -857
1395 1092
1392 -1231
1389 -690
1386 -279
1383 15
1380 -1656
1377 -878
1374 648
1371 684
1368 1764
1365 -1388
1362 1591
1359 -637
1356 -733
1353 -1664
1350 -1008
1347 -629
1344 1320
1341 166
1338 1587
1335 -884
1332 547
1329 -1807
1326 -1015
1323 -23
1323 BOTTOMOFSTACK

2031 1235
2028 777
2025 411
2022 2022
2019 -1931
2016 1332
2013 -406
2010 1457
2007 93
2004 905
2001 -1118
1998 1784
1995 -1817
1992 -1689
1989 -221
1986 419
1983 1023
1980 119
1977 -312
1974 926
1971 -1679
1968 328
1965 -593
1962 1863
1959 -1947
1956 102
1953 -1970
1950 -1605
1947 -1701
1944 -13
1941 1881
1938 288
1935 -1646
1932 -1315
1929 -270
1926 -857
1923 -1270
1920 -815
1917 -749
1914 -358
1911 139
1908 1679
1905 16
1902 653
1899 -1751
1896 -1540
1893 1940
1890 -1328
1887 -511
1884 1631
1881 128
1878 654
1875 -136
1872 434
1869 1478
1866 -1294
1863 -1377
1860 130
1857 279
1857 BOTTOMOFSTACK

2040 564
2037 1112
2034 591
2031 2031
2028 614
2025 -740
2022 -1826
2019 1363
2016 103
2013 645
2010 398
2007 923
2004 -1419
2001 381
1998 -435
1995 709
1992 1455
1989 -814
1986 802
1983 178
1983 BOTTOMOFSTACK

