canary_seed: 1141
shellcode_size: 150
params: 26 530
pointers: 2001 1011 48
001101010000000101100101010001100000111111101000000000110000010001011000010000010000001100101110000000100000001110010110010000100000000000010010010001100000111111001010000000100000001001101111010000110000111010110110010001100000111110111011010100010010010001100000111110111110000000000000010000101110010000110000100000000101000100100001010000000000100111110100000000000000011111111000001100000000000000000000011101111100001100000000000000000000001011001101001100000000000000000000000110101000001100000000011000000000000011111001010001100000111110000010000100110011000000110000111011000000010000110000100010011001000000000000010111101111001100000000000000000000011111101011001100000000000000000000010110100100001100000000000000000000001100010100001100000000011000000000000011111001010100100000000101100101001101010000011100000000

canary_seed: 944
shellcode_size: 149
params: 1173 859 1854 1992
pointers: 2031 1008 249
001101010000000101100101010001100000111111010011010000010000101100011100010000010000001111010000010001100000111110000101000000010000010110010100000100100000000100100011010000010000011111110000000100110011010000100000100001111010000000000000001100101001000000000000010011111111001100000000000000000000011100111110001100000000000000000000000000101101001100000000000000000000010101110001001100000000011000000000000110011110000100010011000000100000011111111100000000100000011000000100000100110000000000000000010010011110001100000000000000000000010001000101001100000000011000000000000000110000000000000000101110000011000000010000111110101101000100010011010000110000001100011101000000010000000111010001010000000000010001010111000100010001000000000000110101010100010000000000001101001010000000000000010100001110001100000000000000000000000101000011001100000000011000000000000000110000000100110000010000110000100010100000010100100011000101100101001101010000011100000000

canary_seed: 1155
shellcode_size: 39
params: 25 1616 568 1303
pointers: 2010 1023 414
001101010000000101100101000000100000011111101101010000100000010010100111010000110000100111001011000000110000000010100001010000110000110010001100010001100000111110001110010000010000100001000001000000110000111001110001010100010000000000110000100000111010010100100011000000000000101000000011010000100000000100011010010100000001000000110000110111100101010000010000001110101011000100110001000000100000000010011001010100100010010100110001010100110001010100100011010000110000110110101011000000100000110001001010000000000000011110011000001100000000000000000000001001110001001100000000011000000000000000110000000000110000000001110100010100000010000000010000100001000001010000110000101101000001010000010000110010011010010100100010010000010000011001111110010000010000111001111110000000000000000110101101010000010000110110111001010000010000001100010101000101100101001101010000011100000000

