2040 129
2037 303
2034 60
2031 50
2028 2028
2025 1263
2022 1795
2019 660
2016 805
2013 578
2010 787
2007 -1791
2004 1940
2001 -631
1998 430
1995 -779
1992 1779
1989 -907
1986 2046
1983 1523
1980 -880
1977 1300
1974 -72
1971 -1619
1968 1520
1965 1827
1962 -933
1959 -1047
1956 1836
1953 -786
1950 1351
1947 1143
1944 -1174
1941 877
1938 -1155
1935 -301
1932 -90
1929 799
1926 -764
1923 -1130
1920 -89
1917 1376
1914 480
1911 -1624
1908 1114
1905 -1136
1902 -843
1899 -1318
1896 1856
1893 1379
1890 238
1887 -724
1884 1702
1881 -1864
1878 -2005
1875 -1514
1872 297
1869 -609
1866 -1662
1863 -278
1860 -73
1857 1013
1854 -2028
1851 188
1848 -1918
1845 -1645
1842 -103
1839 886
1836 1508
1833 1216
1830 675
1827 -926
1824 38
1821 42
1818 1563
1815 1159
1812 -527
1809 0
1806 -309
1803 827
1800 -1040
1797 1074
1794 -530
1791 -1825
1788 1876
1785 -1623
1782 -1116
1779 1073
1776 -562
1773 1768
1770 660
1767 667
1764 -643
1761 -907
1758 463
1755 -821
1752 -1230
1749 -211
1746 -1834
1743 -147
1740 1060
1737 1291
1734 1207
1731 1024
1728 825
1725 1326
1722 1232
1719 401
1716 181
1713 -567
1710 -1794
1707 1519
1704 458
1701 694
1698 -698
1695 -1582
1692 1417
1689 -1463
1689 BOTTOMOFSTACK

