2028 281
2025 303
2022 956
2019 1878
2016 45
2013 2013
2010 979
2007 1503
2004 1468
2001 137
1998 1257
1995 -917
1992 373
1989 1232
1986 -1229
1983 -958
1980 1519
1977 -1633
1974 1105
1971 -767
1968 198
1968 BOTTOMOFSTACK

2001 1253
1998 198
1995 1995
1992 749
1989 -1388
1986 -1778
1983 -1686
1980 -997
1977 -2022
1974 -533
1971 -1322
1968 -1517
1965 524
1962 957
1959 1125
1956 -404
1953 846
1950 -1672
1947 1858
1944 1390
1941 -1758
1938 164
1935 -1234
1932 2001
1929 -1389
1926 -433
1923 -1009
1920 277
1917 501
1914 -1489
1911 232
1908 915
1905 1776
1902 1146
1899 -39
1896 -359
1893 -177
1890 -1956
1887 -750
1884 1069
1881 -658
1878 -1924
1875 872
1872 -1725
1869 1921
1866 -1739
1863 55
1860 -1546
1857 -504
1854 -1401
1851 -751
1848 -1089
1848 BOTTOMOFSTACK

2040 1418
2037 360
2034 2034
2031 -907
2028 1359
2025 -156
2022 409
2019 1966
2016 1386
2013 495
2010 1474
2007 247
2004 660
2001 1969
1998 65
1995 -1836
1992 -801
1989 -1268
1986 -1357
1983 1191
1980 1751
1977 1114
1974 -770
1971 -1225
1968 -448
1965 -1787
1962 -586
1959 -1816
1956 -998
1953 -1548
1950 372
1947 394
1944 1551
1941 -224
1938 -1901
1935 -1305
1932 -1057
1929 84
1926 -832
1923 -1448
1920 847
1917 -583
1914 872
1911 1037
1908 1614
1905 -1022
1902 -1976
1899 1122
1896 -1632
1893 589
1890 839
1887 1750
1884 1434
1881 -206
1878 1526
1875 632
1872 266
1869 663
1866 -1691
1863 -193
1860 1600
1857 -1931
1854 -3
1851 -1489
1848 1142
1845 -134
1842 -1488
1839 -1543
1836 -548
1833 -492
1830 -1686
1827 831
1824 1312
1821 -2018
1818 -609
1815 716
1812 1161
1809 1162
1806 772
1803 236
1800 1926
1797 -1490
1794 -914
1791 -552
1788 -766
1785 -1674
1782 1693
1779 1355
1776 -1231
1773 471
1770 -1311
1767 -451
1764 592
1761 -1245
1758 1463
1755 343
1752 1427
1749 0
1746 -1455
1743 -185
1740 1633
1737 1091
1734 -322
1731 908
1728 -1617
1725 -1192
1722 1209
1719 -1837
1716 -203
1713 -159
1710 1413
1707 1363
1704 1411
1701 -666
1698 1414
1695 153
1692 1562
1689 1376
1686 -1332
1683 -1862
1680 908
1677 212
1674 -922
1671 1507
1668 -417
1665 260
1662 -623
1659 -920
1656 -1028
1653 401
1650 1022
1647 1765
1644 1242
1641 503
1638 -1802
1635 1412
1632 177
1629 -1483
1629 BOTTOMOFSTACK

2043 781
2040 1507
2037 537
2034 2034
2031 1281
2028 1557
2025 -1999
2022 -1729
2019 1595
2016 282
2013 655
2010 -889
2007 -2
2004 802
2001 1242
1998 -1117
1995 705
1992 -629
1989 -1025
1986 1089
1983 -415
1980 286
1977 145
1974 -1682
1971 1876
1968 481
1965 -178
1962 18
1959 -1354
1956 -514
1953 -967
1950 1886
1947 -1026
1944 -1228
1941 1839
1938 714
1935 -1342
1932 1517
1929 -1885
1926 -1214
1923 -309
1920 692
1917 939
1914 -1170
1911 -101
1908 -257
1905 -110
1902 -142
1899 406
1896 -1417
1893 -1651
1890 1190
1887 -166
1884 539
1881 -1637
1878 -188
1875 -1453
1872 -10
1869 1112
1866 520
1863 -155
1860 -1567
1857 168
1854 963
1851 1322
1848 -1251
1845 -1650
1842 -772
1839 -359
1836 1814
1833 1705
1830 -481
1827 -1569
1824 1523
1821 594
1818 93
1815 427
1812 1600
1809 -1321
1806 -452
1803 1071
1800 -159
1797 -44
1794 1847
1791 30
1788 -665
1785 503
1782 300
1779 -757
1776 -177
1773 296
1770 -1877
1767 -741
1764 -11
1761 0
1758 755
1755 1255
1752 -1960
1749 955
1746 -1644
1743 1728
1740 -1548
1737 -442
1734 1898
1731 91
1728 226
1725 496
1722 834
1719 412
1716 -1543
1713 1006
1710 -146
1707 -268
1704 729
1701 698
1698 -1126
1695 1598
1692 -1329
1689 611
1686 1738
1683 1802
1680 -543
1677 -1484
1674 -1969
1671 -1829
1668 -129
1665 1672
1662 -1594
1659 -311
1656 508
1653 1660
1650 -956
1647 1755
1644 1733
1641 -259
1638 -1193
1635 -529
1632 1825
1629 -1664
1626 12
1623 1724
1620 1869
1617 776
1614 -1014
1611 1299
1608 -1576
1605 -86
1602 906
1599 -421
1596 1006
1593 -419
1590 -2016
1587 -1527
1584 -457
1581 1765
1578 60
1575 1869
1572 -1016
1569 -282
1566 -455
1563 809
1560 -1261
1557 -625
1554 -905
1551 -1018
1548 1863
1545 1021
1542 38
1539 -1760
1536 -936
1533 1311
1530 445
1527 969
1524 -1789
1521 -1412
1518 -788
1515 923
1512 877
1509 -1999
1506 -491
1503 788
1500 -520
1497 580
1494 -535
1491 920
1488 -44
1485 -1258
1482 -919
1479 -1091
1476 1315
1473 373
1470 -983
1467 -1925
1464 -1644
1461 371
1458 500
1455 -614
1452 1223
1449 -1955
1446 -1927
1443 1177
1440 1337
1437 1866
1434 -718
1431 -1735
1428 -1122
1425 -1309
1422 197
1422 BOTTOMOFSTACK

2022 1187
2019 705
2016 2016
2013 1669
2010 665
2007 517
2004 -1509
2001 -832
1998 -711
1995 -77
1992 410
1989 -1238
1986 -2032
1983 -446
1980 -186
1977 198
1974 1666
1971 1637
1968 -1545
1965 -1272
1962 457
1959 604
1956 -403
1953 -600
1950 553
1947 -1070
1944 1533
1941 1983
1938 -917
1935 171
1932 1535
1929 795
1926 1835
1923 1306
1920 1070
1917 1047
1914 -1176
1911 -1149
1908 1358
1905 -1322
1902 1599
1899 932
1896 626
1893 -1382
1890 -463
1887 733
1884 -35
1881 -170
1878 447
1875 -1777
1872 -717
1869 303
1866 1061
1863 -1850
1860 1537
1857 -167
1854 1138
1851 -1642
1848 -1466
1845 -612
1842 1066
1839 1956
1836 1812
1833 -910
1830 -583
1827 1172
1824 1580
1821 -1244
1818 -1859
1815 1450
1812 1046
1809 -716
1806 1525
1803 -114
1800 952
1797 1620
1794 180
1791 839
1788 -799
1785 -1127
1782 909
1779 -1764
1776 117
1773 -1272
1770 -177
1767 1303
1764 1192
1764 BOTTOMOFSTACK

2034 1369
2031 725
2028 891
2025 2025
2022 1228
2019 -128
2016 857
2013 -1842
2010 1596
2007 -1369
2004 1019
2001 -1412
1998 85
1995 -458
1992 500
1989 1827
1986 1044
1983 -441
1980 -1357
1977 -929
1974 -368
1971 -120
1968 536
1965 -1420
1962 517
1959 -1391
1956 222
1953 -222
1950 114
1947 -317
1944 -1827
1941 1427
1938 113
1935 1004
1932 1659
1929 700
1926 851
1923 -1131
1920 -1186
1917 1500
1914 799
1911 135
1908 455
1905 -1023
1902 1877
1899 -1845
1896 -1130
1893 1190
1890 1151
1887 -1888
1884 1419
1881 716
1878 -1343
1875 -1939
1872 746
1869 1357
1866 -852
1863 -1356
1860 336
1860 BOTTOMOFSTACK

2049 1952
2046 447
2043 406
2040 1958
2037 1071
2034 2034
2031 -708
2028 -218
2025 -2015
2022 -1390
2019 99
2016 1927
2013 1444
2010 707
2007 1595
2004 -1775
2001 17
1998 -195
1995 721
1992 -1795
1989 -227
1986 -11
1983 -68
1980 -57
1977 747
1974 1542
1971 1517
1968 -361
1965 916
1962 -569
1959 -130
1956 179
1953 395
1950 742
1947 1628
1944 -1553
1941 -657
1938 1579
1935 756
1932 -653
1929 703
1926 591
1923 -861
1920 -819
1917 1732
1914 1141
1911 -1553
1908 1359
1905 -1941
1902 1116
1899 1321
1896 -856
1896 BOTTOMOFSTACK

2004 650
2001 253
1998 1263
1995 1995
1992 473
1989 -653
1986 -41
1983 723
1980 -1288
1977 -531
1974 -1491
1971 -2044
1968 -1868
1965 2018
1962 1246
1959 -348
1956 1970
1953 273
1950 -1670
1947 -1635
1944 395
1941 -771
1938 1625
1935 -442
1932 -708
1929 -1064
1926 662
1923 -1964
1920 -1930
1917 245
1914 281
1911 494
1908 -1012
1905 1180
1902 1198
1899 2025
1896 378
1893 1418
1890 1424
1887 1193
1884 470
1881 -558
1878 2045
1875 800
1872 -389
1869 -608
1866 1760
1863 145
1860 1808
1857 -14
1854 -1838
1851 -1990
1848 52
1845 19
1842 -565
1839 1013
1836 -794
1833 -1752
1830 -894
1827 -499
1824 1017
1821 1929
1818 335
1815 866
1812 990
1809 125
1806 933
1803 1524
1800 329
1797 -377
1794 1935
1791 1454
1788 341
1785 -1614
1782 1917
1779 -290
1776 -751
1773 -93
1770 -292
1767 23
1764 -320
1761 494
1758 1313
1755 -1206
1752 1066
1749 1342
1746 1885
1743 -1250
1740 571
1737 1817
1734 1565
1731 -1009
1728 -75
1725 690
1722 438
1719 -1720
1716 1492
1713 -380
1710 -533
1707 -1999
1704 -151
1701 -836
1698 -947
1695 397
1692 224
1689 -1645
1686 -388
1683 424
1680 47
1677 1702
1674 -1495
1671 -154
1668 -780
1665 -756
1662 1288
1659 -1353
1656 -1973
1653 -1175
1650 1661
1647 442
1644 -869
1641 -2035
1638 829
1635 -1168
1632 126
1629 1983
1626 -251
1623 -390
1620 -1270
1617 942
1614 110
1611 768
1608 -477
1605 -1520
1602 -1294
1599 -141
1596 1574
1593 -1319
1590 -540
1587 1845
1584 -1214
1581 8
1578 804
1575 -723
1572 -887
1569 1541
1566 -533
1563 1347
1560 -889
1557 -2010
1554 -752
1551 -2029
1548 -589
1545 1608
1542 1146
1539 388
1536 -994
1533 -105
1530 613
1527 -1333
1524 1940
1521 646
1518 976
1515 -972
1512 -1175
1509 -536
1506 -1721
1503 417
1500 243
1497 303
1494 -61
1491 -1789
1488 1668
1485 654
1482 -1272
1479 -1892
1476 -1394
1473 763
1470 1864
1467 -937
1464 1597
1461 -1254
1458 1921
1458 BOTTOMOFSTACK

2031 428
2028 1425
2025 2025
2022 1137
2019 -207
2016 -612
2013 -1050
2010 1190
2007 1234
2004 -1977
2001 6
1998 -1692
1995 371
1992 -870
1989 -67
1986 -880
1983 -921
1980 799
1977 1133
1974 -774
1971 -1256
1968 -542
1965 -1178
1962 -1612
1959 323
1956 -2008
1953 451
1950 -1505
1947 -1132
1944 -441
1941 -453
1938 1789
1935 1503
1932 828
1929 71
1926 -1424
1923 1685
1920 -152
1917 0
1914 177
1911 -1712
1908 147
1905 -1896
1902 -56
1899 551
1896 476
1893 -1865
1890 -1156
1890 BOTTOMOFSTACK

2004 567
2001 1584
1998 1998
1995 892
1992 702
1989 406
1986 804
1983 2032
1980 120
1977 -661
1974 526
1971 1996
1968 1446
1965 1369
1962 1572
1959 1785
1956 588
1953 -1588
1950 172
1947 1002
1944 1201
1941 648
1938 -604
1935 -1470
1932 -1487
1929 -225
1926 -1552
1923 -1886
1920 -2046
1917 691
1914 -810
1911 -709
1908 2039
1905 -1975
1902 -1613
1899 1841
1896 1418
1893 -677
1890 -414
1887 1013
1884 -405
1881 -207
1878 1582
1875 -1450
1872 -641
1869 -292
1866 -84
1863 -198
1860 -1625
1857 822
1854 -447
1851 -761
1848 1335
1845 606
1842 -1632
1839 -484
1836 926
1833 1568
1830 -1121
1827 299
1824 31
1821 766
1818 1640
1815 1489
1812 -1388
1809 1138
1806 -1177
1803 -173
1800 1764
1797 -129
1794 85
1791 -730
1788 1629
1785 -1291
1782 1298
1779 -758
1776 -247
1773 -1874
1770 -4
1770 BOTTOMOFSTACK

