2016 1730
2013 146
2010 691
2007 893
2004 50
2001 2001
1998 988
1995 -513
1992 1760
1989 758
1986 501
1983 753
1980 -790
1977 1223
1974 1748
1971 -608
1968 760
1965 388
1962 -1567
1959 -200
1956 78
1953 -1756
1950 -1236
1947 961
1944 -808
1941 -947
1938 -1518
1935 -831
1932 1765
1929 731
1926 1046
1923 -1613
1920 325
1917 116
1914 933
1911 -2023
1908 -377
1905 920
1902 1257
1899 1082
1896 -1373
1893 946
1890 -1559
1887 -1940
1884 -623
1881 716
1878 -425
1875 -1671
1872 921
1869 566
1866 662
1863 244
1860 259
1857 -1699
1854 -386
1851 1574
1848 -430
1845 1855
1842 -1125
1839 702
1836 -201
1833 -1788
1830 421
1827 -1552
1824 545
1821 -1205
1818 -1644
1815 -622
1812 -359
1809 1212
1806 1473
1803 867
1800 150
1797 1995
1794 -1051
1791 -1812
1788 -388
1785 1944
1782 287
1779 -222
1776 1061
1773 -1884
1770 1422
1767 701
1764 -836
1761 1749
1758 1338
1755 -893
1752 -408
1749 -266
1746 159
1743 1588
1740 -803
1737 997
1734 -1768
1731 441
1728 -1437
1725 1260
1722 1748
1719 1718
1716 128
1713 -964
1710 -2047
1707 -1431
1704 1069
1701 1022
1698 -1303
1695 -341
1692 -1963
1689 -1384
1686 2013
1683 -1289
1680 -1091
1677 23
1674 203
1671 68
1668 351
1665 2026
1662 753
1659 -1589
1656 -1203
1653 98
1650 764
1647 815
1644 -395
1641 -634
1638 333
1635 -777
1632 1533
1629 -1976
1626 760
1623 1956
1620 -115
1617 -260
1614 575
1611 954
1608 1757
1605 1982
1602 0
1599 -815
1596 1303
1593 1602
1590 -695
1587 762
1584 -255
1581 1026
1578 1228
1575 -1568
1572 1101
1569 88
1566 -909
1563 -722
1560 1610
1557 609
1554 -563
1551 -1233
1548 -1729
1545 341
1542 1001
1539 1087
1536 1965
1533 1743
1530 -1584
1527 714
1524 819
1521 389
1518 1851
1515 455
1512 742
1509 -58
1506 1891
1503 -691
1500 -1489
1497 -1874
1494 -743
1491 1003
1488 -1553
1485 823
1482 -1025
1479 301
1476 371
1473 155
1470 1671
1467 -413
1464 -1041
1461 -1238
1458 -1220
1455 1451
1452 1533
1449 1772
1446 -1467
1443 893
1440 1140
1437 -1959
1434 -877
1431 57
1428 1042
1428 BOTTOMOFSTACK

2010 1153
2007 788
2004 243
2001 2001
1998 0
1995 1913
1992 869
1989 314
1986 1538
1983 -223
1980 -1614
1977 -885
1974 -1201
1971 223
1968 -426
1965 258
1962 501
1959 0
1956 -488
1953 1093
1950 1172
1947 513
1944 -25
1941 787
1938 -1156
1935 776
1932 1204
1929 -275
1926 -1258
1923 -1371
1920 929
1917 228
1914 -1763
1911 -964
1908 -1504
1905 -166
1902 -1520
1899 1821
1896 401
1893 -1495
1890 -751
1887 1099
1884 1995
1881 472
1878 -1921
1875 -1164
1872 233
1869 633
1866 45
1863 -1130
1860 -1430
1857 -1352
1854 364
1851 -971
1848 224
1845 0
1842 1341
1839 1321
1836 1726
1833 1498
1830 -646
1827 -931
1824 584
1821 -606
1818 -1244
1815 -537
1812 -951
1809 1000
1806 -1481
1803 1772
1800 -896
1797 -574
1794 730
1791 -459
1788 -1698
1785 1997
1782 -866
1779 489
1776 249
1773 92
1770 -1207
1767 1752
1764 -1733
1761 373
1758 34
1755 1649
1752 -552
1749 -498
1746 -981
1743 -1139
1740 -840
1737 1936
1734 -1652
1731 1123
1728 -892
1725 -885
1722 973
1719 -1605
1716 -12
1713 561
1710 262
1707 -1251
1704 -107
1701 10
1698 80
1695 1428
1692 969
1689 154
1686 -1058
1683 -1997
1680 1656
1677 1589
1674 1058
1671 572
1668 1429
1665 -1898
1662 -46
1659 1315
1656 -1970
1653 -1386
1650 934
1647 460
1644 -615
1641 517
1638 1216
1635 -1744
1632 2022
1629 -464
1626 1201
1623 -724
1620 -1152
1617 -1254
1614 719
1611 -2040
1608 1234
1605 870
1602 226
1599 1120
1596 -1256
1593 -413
1590 -173
1587 -1053
1584 -264
1581 -48
1578 390
1575 -738
1572 -1565
1569 45
1566 -1818
1563 -374
1560 -949
1557 -623
1557 BOTTOMOFSTACK

2031 422
2028 901
2025 281
2022 411
2019 2019
2016 1739
2013 1347
2010 256
2007 889
2004 -1507
2001 960
1998 1651
1995 620
1992 360
1989 1793
1986 -83
1983 623
1980 -312
1977 -722
1974 -1249
1971 486
1968 -1276
1965 512
1962 0
1959 -917
1956 -975
1953 937
1950 1682
1947 240
1944 351
1941 50
1938 212
1935 889
1932 1625
1929 -1304
1926 1554
1923 -1038
1920 1289
1917 1621
1914 930
1911 -1349
1908 538
1905 374
1902 -91
1899 105
1896 461
1893 591
1890 -72
1887 601
1884 -1811
1881 1521
1878 -324
1875 448
1872 149
1869 -810
1866 648
1863 711
1860 -1060
1857 -942
1854 1117
1851 -1365
1848 316
1845 742
1842 -253
1839 -427
1836 -1172
1833 2014
1830 1558
1827 456
1824 59
1821 -1094
1818 1353
1815 1288
1812 -777
1809 -1554
1806 1391
1803 79
1800 1982
1797 50
1794 467
1791 -979
1788 387
1785 -504
1782 -1632
1779 -519
1776 1951
1773 1037
1770 2001
1767 -452
1764 -1555
1761 800
1758 409
1755 -1233
1752 1328
1749 1623
1746 -907
1743 -708
1740 -563
1737 1205
1734 -1949
1731 -1457
1728 1582
1725 -1211
1722 -1468
1719 -270
1716 -428
1713 1218
1710 -1334
1707 -1090
1704 479
1701 1576
1698 793
1695 1191
1692 939
1689 1667
1686 -63
1683 -1190
1680 -2037
1677 -129
1674 -1865
1671 1582
1668 1294
1665 -1780
1662 839
1659 1014
1659 BOTTOMOFSTACK

2034 1733
2031 594
2028 2028
2025 1793
2022 1061
2019 458
2016 -1746
2013 1339
2010 245
2007 905
2004 -2017
2001 -871
1998 -347
1995 918
1992 648
1989 -1469
1986 -1567
1983 11
1980 412
1977 1595
1974 -418
1971 659
1968 -1377
1965 -433
1962 17
1959 630
1956 -1030
1953 -154
1950 1595
1947 -11
1944 -949
1941 1878
1938 -323
1935 1340
1932 -1268
1929 -1323
1926 641
1923 -1453
1920 -644
1917 53
1914 537
1911 -391
1908 0
1905 -1757
1902 -56
1899 -609
1896 1203
1893 747
1890 418
1887 -1281
1884 -1895
1881 461
1878 337
1875 -274
1872 -1266
1869 -988
1866 -765
1863 630
1860 -1287
1857 1659
1854 -2005
1851 -558
1848 644
1845 629
1842 -474
1839 1537
1836 -51
1833 -1334
1830 134
1827 173
1824 1432
1821 386
1818 -586
1815 973
1812 1357
1809 -1746
1806 -1519
1803 -261
1800 -843
1797 1700
1794 9
1791 -1465
1788 1322
1785 -1216
1782 28
1779 1625
1776 1374
1773 1964
1773 BOTTOMOFSTACK

2010 386
2007 1929
2004 774
2001 2001
1998 0
1995 1168
1992 -1410
1989 -1815
1986 1656
1983 428
1980 -1912
1977 -213
1974 1111
1971 -1132
1968 -1934
1965 -1320
1962 -1843
1959 -569
1956 1537
1953 1927
1950 1260
1947 1503
1944 1775
1941 -334
1938 -284
1935 1291
1932 687
1929 1473
1926 9
1923 -1736
1920 745
1917 659
1914 1634
1911 -1550
1908 945
1905 92
1902 1994
1899 1380
1896 465
1893 -499
1890 1749
1887 1289
1884 1665
1881 -23
1878 -235
1875 -1537
1872 -483
1869 -117
1866 -1057
1863 -14
1860 1627
1857 337
1854 -233
1851 1833
1848 -1691
1845 79
1842 1233
1839 -1702
1836 18
1833 -1498
1830 907
1827 -1949
1824 1905
1821 27
1818 -1452
1815 678
1812 743
1809 505
1806 36
1803 -1493
1800 -172
1797 851
1794 -1008
1791 -234
1788 -1115
1785 -568
1782 962
1779 815
1776 1472
1773 517
1770 1128
1767 1443
1764 -1981
1761 1604
1758 1872
1755 -499
1752 1602
1749 1239
1746 980
1743 6
1740 -1467
1737 582
1734 -1876
1731 888
1728 1003
1725 1615
1722 1524
1719 -519
1716 1468
1713 412
1710 1532
1707 760
1704 626
1701 -989
1698 365
1695 692
1692 1275
1689 1172
1686 -396
1683 659
1680 643
1677 45
1674 -182
1671 1652
1668 855
1665 -1308
1662 -1157
1659 1392
1656 891
1653 650
1650 403
1647 -909
1644 555
1641 1320
1638 -1496
1635 -2045
1632 1789
1629 442
1626 146
1623 -670
1620 330
1617 -461
1614 1188
1611 1711
1608 -1552
1605 -290
1602 -1168
1599 1133
1596 -1744
1593 295
1590 716
1590 BOTTOMOFSTACK

2034 226
2031 1050
2028 930
2025 2025
2022 1542
2019 371
2016 1022
2013 -695
2010 -1650
2007 1011
2004 677
2001 527
1998 -1666
1995 -1416
1992 1258
1989 1966
1986 492
1983 816
1980 -1788
1977 1776
1974 746
1971 1702
1968 -641
1965 -545
1962 866
1959 1364
1956 951
1953 22
1950 -115
1947 -198
1944 1734
1941 895
1938 0
1935 674
1932 1276
1929 131
1926 242
1923 -290
1920 -1757
1917 -293
1914 1763
1911 496
1908 708
1905 1098
1902 816
1899 -1356
1896 -1346
1893 -266
1890 1893
1887 1400
1884 -899
1881 -88
1878 1315
1875 -700
1872 1095
1869 1759
1866 -448
1863 760
1860 -1865
1857 320
1854 -1174
1851 832
1848 -894
1845 1963
1842 -917
1839 -101
1836 1967
1833 -1937
1830 -493
1827 1228
1824 -1290
1821 -329
1818 -1609
1815 1620
1812 492
1809 103
1806 -128
1803 1886
1800 -614
1797 1547
1794 -272
1791 -1929
1788 575
1785 -1755
1782 2027
1779 1333
1776 -1903
1773 959
1770 -1767
1767 -1947
1764 155
1761 862
1758 777
1755 1044
1752 -430
1749 -1323
1746 864
1743 491
1740 1733
1737 1021
1734 -1851
1731 833
1728 -1413
1725 -1252
1722 1872
1719 -998
1716 1224
1713 -919
1710 1687
1707 -759
1704 1180
1701 1088
1698 1101
1695 -342
1692 -722
1689 171
1686 502
1683 1927
1680 281
1677 -964
1674 -1771
1671 -828
1668 1136
1665 987
1662 -2004
1659 -1081
1656 -286
1653 1553
1650 1725
1647 856
1644 1923
1641 -1090
1638 2035
1635 1684
1632 -960
1629 429
1626 -337
1623 -58
1620 336
1617 -1434
1614 -1130
1611 1651
1608 1529
1605 1903
1602 1779
1599 918
1596 -59
1593 579
1590 -1806
1587 -498
1584 -765
1581 -466
1578 410
1575 -694
1572 235
1569 32
1566 996
1563 -807
1560 717
1557 -2019
1554 1572
1551 -192
1548 1972
1545 661
1542 -1305
1539 -1074
1536 876
1533 1082
1530 888
1527 -954
1524 227
1521 381
1518 -505
1515 -551
1512 366
1509 -1899
1506 -401
1503 762
1500 -2029
1497 -650
1494 1233
1491 191
1488 588
1485 1458
1482 -1088
1479 115
1476 1093
1473 -601
1470 -945
1467 -363
1464 -952
1461 1928
1458 -1651
1455 -253
1452 877
1449 -1675
1446 -839
1443 -1925
1440 1593
1437 1495
1434 -1818
1431 -1187
1428 1369
1425 861
1422 -798
1419 1010
1416 1224
1413 -1028
1410 -778
1407 500
1404 1621
1401 1034
1398 -1228
1395 -1506
1392 -188
1389 1521
1386 674
1383 688
1380 284
1380 BOTTOMOFSTACK

