2004 1058
2001 10
1998 1998
1995 244
1992 555
1989 -1292
1986 717
1983 -1755
1980 -833
1977 571
1974 -1787
1971 -947
1968 -2035
1965 1178
1962 -482
1959 59
1956 208
1953 -802
1950 1171
1947 692
1944 486
1941 1916
1938 1607
1935 -858
1932 484
1929 1313
1926 867
1923 -1985
1920 721
1917 133
1914 1622
1911 -1979
1908 1588
1905 -1776
1902 -716
1899 384
1896 -1753
1893 118
1890 -1377
1887 -352
1887 BOTTOMOFSTACK

2007 1271
2004 180
2001 2001
1998 1362
1995 -803
1992 1504
1989 162
1986 1744
1983 -158
1980 -498
1977 1968
1974 -1306
1971 -1064
1968 -502
1965 -1532
1962 -61
1959 847
1956 783
1953 -25
1950 -634
1947 576
1944 1799
1941 160
1938 -810
1935 1626
1932 40
1929 -207
1926 -31
1923 1359
1920 1181
1917 186
1914 -435
1911 560
1908 370
1905 -212
1902 1782
1899 1662
1896 -507
1893 -633
1890 1926
1887 648
1884 -1652
1881 1841
1878 0
1875 -494
1872 -497
1869 -1405
1866 -1121
1863 -1828
1860 237
1857 -682
1854 1525
1851 -1611
1848 -293
1845 1834
1842 -519
1839 -192
1836 339
1833 -1189
1830 852
1827 1770
1824 1357
1821 404
1818 -1196
1815 115
1812 1829
1809 6
1806 -1237
1803 357
1800 -1470
1797 -967
1794 27
1791 1092
1788 779
1785 -221
1782 1588
1779 238
1776 -909
1776 BOTTOMOFSTACK

2052 504
2049 1399
2046 622
2043 31
2040 381
2037 2037
2034 1304
2031 1892
2028 -419
2025 1499
2022 1210
2019 1102
2016 1913
2013 123
2010 -1489
2007 -1536
2004 -1775
2001 -1869
1998 1641
1995 318
1992 936
1989 -1256
1986 951
1983 58
1980 1105
1977 1294
1974 424
1971 -1556
1968 818
1965 -1568
1962 -949
1959 1681
1956 -285
1953 1293
1950 1904
1947 -848
1944 -148
1944 BOTTOMOFSTACK

2007 836
2004 512
2001 1908
1998 552
1995 1995
1992 0
1989 62
1986 1996
1983 397
1980 798
1977 1924
1974 1603
1971 1681
1968 1185
1965 868
1962 -63
1959 1512
1956 -1060
1953 428
1950 -620
1947 1680
1944 -1296
1941 1215
1938 1587
1935 -1301
1932 627
1929 -1283
1926 1568
1923 49
1920 -337
1917 547
1914 -486
1911 -906
1908 1525
1905 -1603
1902 787
1899 0
1896 1523
1893 685
1890 -1912
1887 937
1884 1138
1881 561
1878 1713
1875 724
1872 494
1869 1447
1866 -750
1863 -883
1860 -118
1857 -304
1854 -1164
1851 1150
1848 59
1845 125
1842 1278
1839 1039
1836 1046
1833 -1425
1830 77
1827 1036
1824 -1248
1821 1155
1818 -520
1815 2036
1812 -1737
1809 -1427
1806 -738
1803 -310
1800 -1164
1797 -1570
1794 505
1791 788
1788 -1913
1785 -1220
1782 -512
1779 409
1776 1808
1773 1024
1770 741
1767 -1311
1764 56
1761 435
1758 1936
1755 -402
1752 -693
1749 -1781
1746 144
1743 1850
1740 145
1737 1346
1734 -1826
1731 -2035
1728 -5
1725 -1816
1722 -621
1719 584
1716 963
1713 -1757
1710 -441
1707 -1653
1704 -1124
1701 -767
1698 0
1695 74
1692 -1835
1689 511
1686 -279
1683 -1944
1680 -525
1677 -1255
1674 419
1671 1763
1668 -398
1665 85
1662 -807
1659 1996
1656 -936
1653 1783
1650 9
1647 875
1644 -578
1641 1117
1638 -860
1635 -1274
1632 549
1629 68
1626 647
1623 -2046
1620 2015
1617 88
1614 2015
1611 1924
1608 1062
1605 1578
1602 -1895
1599 267
1596 485
1593 1993
1590 -850
1587 -1403
1584 -658
1581 -1366
1578 684
1575 974
1572 172
1569 -1710
1566 1753
1563 656
1560 -276
1557 -1961
1554 646
1551 802
1548 1227
1548 BOTTOMOFSTACK

2010 1672
2007 1832
2004 811
2001 711
1998 1998
1995 -1801
1992 -1676
1989 -352
1986 1418
1983 -1923
1980 -145
1977 -1641
1974 246
1971 -1327
1968 1537
1965 -38
1962 435
1959 1232
1956 -98
1953 1233
1950 901
1947 -1961
1944 1570
1941 -1731
1938 868
1935 1776
1932 411
1929 -678
1926 -1533
1923 -840
1920 1145
1917 473
1914 846
1911 621
1908 1018
1905 1205
1902 -360
1899 -1774
1896 502
1893 1308
1890 1268
1887 1663
1884 -1246
1881 1350
1878 604
1875 1428
1872 652
1869 1037
1866 -1076
1863 -591
1860 -159
1857 -1092
1854 295
1851 1244
1848 -527
1845 -207
1842 -1693
1839 1654
1836 661
1833 1290
1830 803
1827 -2005
1824 -1158
1821 -1020
1818 -1942
1815 -1765
1812 2007
1809 -559
1806 -1462
1803 1099
1800 25
1797 1223
1794 1388
1791 -1159
1788 591
1785 614
1782 1180
1779 1086
1776 -2017
1773 1297
1770 32
1767 1603
1764 1846
1761 -1300
1758 1114
1755 -663
1752 -80
1749 -977
1746 -1793
1743 -1130
1740 1873
1737 -557
1734 395
1731 -1764
1728 370
1725 1393
1722 196
1719 -604
1716 180
1713 -873
1710 1443
1707 -465
1704 -1995
1701 -64
1698 -35
1695 -197
1692 1911
1689 -450
1686 -379
1683 384
1680 -1238
1677 -1015
1674 -583
1671 -1994
1668 1215
1665 1048
1662 -1513
1659 -1398
1656 1869
1653 1069
1650 1931
1647 -1646
1644 -148
1641 1552
1638 -1447
1635 0
1632 -1385
1629 1747
1626 -1596
1623 -42
1620 -1691
1617 -777
1614 391
1611 -1827
1608 192
1605 -145
1602 720
1599 307
1596 1975
1593 -1526
1590 -22
1587 -1233
1584 -164
1581 -1873
1578 -893
1575 -1356
1572 1159
1569 1722
1566 91
1563 1690
1560 -106
1557 -1173
1554 -407
1551 1348
1548 1480
1545 1599
1542 -214
1539 -1293
1536 567
1533 1107
1530 1530
1527 -1116
1524 -386
1521 -1697
1518 933
1515 -568
1512 -112
1509 241
1506 1393
1503 189
1500 818
1497 1813
1494 613
1491 1305
1488 -787
1485 1588
1482 1661
1479 -758
1476 -112
1473 -1910
1470 892
1467 1943
1464 824
1461 -723
1458 522
1455 265
1452 0
1449 -1874
1446 -1890
1443 -1171
1440 -899
1437 -221
1434 1175
1431 -1400
1428 1551
1425 -397
1422 -441
1419 -579
1416 77
1413 -1677
1410 -915
1407 1681
1404 -1545
1401 1094
1398 -1808
1395 398
1392 -1894
1389 -95
1386 -495
1383 247
1380 1846
1377 1770
1374 -1324
1371 -458
1368 343
1365 58
1362 -1791
1359 -1993
1356 -163
1353 1337
1350 159
1347 523
1344 -1543
1341 2018
1338 -1228
1335 -1121
1332 379
1329 -980
1326 563
1323 1340
1320 -1016
1317 -1157
1314 -1623
1311 1546
1308 -1036
1305 -242
1305 BOTTOMOFSTACK

2028 1240
2025 1618
2022 1310
2019 888
2016 2016
2013 820
2010 -1280
2007 224
2004 771
2001 894
1998 -763
1995 -1960
1992 -763
1989 1260
1986 -1449
1983 1095
1980 -1425
1977 -953
1974 -1757
1971 1686
1968 -670
1965 -1556
1962 1798
1959 142
1956 -875
1953 175
1950 1310
1947 -1023
1944 -1165
1941 -871
1938 -88
1935 -692
1932 1536
1929 -693
1926 2013
1923 1214
1920 -1956
1917 -274
1914 -554
1911 137
1908 33
1905 29
1902 -242
1899 -1503
1896 1291
1893 1778
1890 -1312
1887 482
1884 -306
1881 2026
1878 230
1875 1222
1872 -1645
1869 1526
1866 1807
1863 -466
1860 -1855
1857 553
1854 1270
1851 1471
1848 36
1845 -112
1842 1559
1839 -635
1836 1932
1833 1448
1830 1289
1827 -236
1824 -467
1821 1920
1818 -1498
1815 -1231
1812 717
1809 473
1806 966
1803 227
1800 -1135
1797 -578
1794 667
1791 -686
1788 -1271
1785 1197
1782 -327
1779 -1804
1776 -1773
1773 338
1770 -1636
1767 -1820
1764 810
1761 791
1758 -1699
1755 1328
1752 487
1749 -289
1746 -482
1743 1579
1740 1011
1737 338
1734 -944
1731 -1092
1728 1326
1725 -1584
1722 -1920
1719 -969
1716 739
1713 -1829
1710 1430
1707 -1906
1704 -1655
1701 1823
1698 1833
1695 -308
1692 1113
1689 -1118
1686 -1738
1683 148
1680 -1243
1677 -1691
1674 -1027
1671 1057
1668 -1790
1665 1051
1662 -1586
1659 1334
1656 -1080
1653 -1556
1650 -1856
1647 -1262
1644 1508
1641 1314
1638 803
1635 -1641
1632 -1588
1629 -764
1626 845
1623 -1671
1620 1339
1617 1065
1614 -1565
1611 1988
1608 -1559
1605 -1429
1602 -1111
1599 -1308
1596 -1082
1593 94
1590 1110
1587 1856
1584 29
1581 -457
1578 -657
1575 -1424
1572 1908
1569 1196
1566 182
1563 -1691
1560 -1641
1557 -996
1554 -166
1551 1757
1548 -269
1545 1230
1542 1491
1539 -1462
1536 -1504
1533 1123
1530 1332
1527 29
1524 1326
1521 721
1518 77
1515 32
1512 1976
1509 2046
1506 -167
1503 -923
1500 544
1497 -1200
1494 -664
1491 -1811
1488 1911
1485 996
1482 -1016
1479 1765
1476 1223
1473 836
1470 1505
1467 784
1464 -1627
1461 453
1458 1995
1455 1363
1452 -580
1449 -1153
1446 -441
1443 842
1440 -11
1437 -677
1434 1770
1431 -1892
1431 BOTTOMOFSTACK

2040 1139
2037 1288
2034 1039
2031 1062
2028 2028
2025 255
2022 1735
2019 1121
2016 775
2013 -623
2010 -1453
2007 -615
2004 -1275
2001 -713
1998 378
1995 952
1992 155
1989 -2040
1986 1917
1983 -1537
1980 335
1977 -1197
1977 BOTTOMOFSTACK

2052 2039
2049 943
2046 725
2043 1432
2040 1218
2037 2037
2034 1317
2031 1131
2028 -303
2025 1256
2022 -1945
2019 1023
2016 518
2013 1375
2010 -336
2007 -175
2004 -1740
2001 -272
1998 -526
1995 -1410
1992 -278
1989 -724
1986 25
1983 1976
1980 -167
1977 -660
1974 656
1971 59
1968 595
1965 193
1962 1965
1959 -1542
1956 1951
1953 -1803
1950 1700
1947 398
1944 694
1941 -1156
1938 -1737
1935 -189
1932 -2023
1929 -545
1926 -1310
1923 1758
1920 383
1917 -1291
1914 1413
1911 -49
1908 -240
1905 -709
1902 -894
1899 -525
1896 -1059
1893 1447
1890 109
1887 1830
1884 2001
1881 1580
1878 33
1875 1055
1872 -249
1869 -388
1866 701
1863 -235
1860 962
1857 71
1854 683
1851 1555
1848 -71
1845 -1895
1842 1147
1839 596
1836 -1695
1833 1789
1830 -1199
1827 -1186
1824 -1322
1821 -1341
1818 22
1815 1762
1812 -272
1809 1094
1806 65
1803 1512
1800 1490
1797 -1925
1794 -443
1791 -307
1788 1486
1785 653
1782 620
1779 1090
1776 -1142
1773 -1208
1770 1207
1767 -496
1764 -2038
1761 413
1758 222
1755 219
1752 -1705
1749 -1495
1746 84
1743 -781
1740 -37
1737 -826
1734 -1931
1731 1988
1728 1917
1725 -1229
1722 -464
1719 1696
1716 -1654
1713 1651
1710 434
1707 703
1704 -579
1701 810
1698 1156
1695 -819
1692 931
1689 1482
1686 1828
1683 607
1680 824
1677 1158
1674 -2045
1671 -974
1668 528
1665 265
1662 -1035
1659 1374
1656 -25
1653 223
1650 414
1647 1637
1644 -897
1641 1599
1638 1183
1635 -307
1632 -943
1629 -180
1626 -1891
1623 1600
1620 -505
1617 521
1614 565
1611 -1593
1608 1907
1605 -1406
1602 -213
1599 708
1596 501
1593 614
1590 -1485
1587 -850
1584 1360
1581 -61
1578 -597
1578 BOTTOMOFSTACK

2025 310
2022 1126
2019 761
2016 1392
2013 2013
2010 1009
2007 75
2004 1496
2001 37
1998 557
1995 -776
1992 1897
1989 1531
1986 4
1983 1799
1980 1961
1977 -533
1977 BOTTOMOFSTACK

2040 549
2037 1910
2034 164
2031 1554
2028 2028
2025 120
2022 1451
2019 -915
2016 -1898
2013 -1255
2010 -1992
2007 -1138
2004 -1319
2001 -176
1998 -1412
1995 -598
1992 2033
1989 1438
1986 -1872
1983 -592
1980 1758
1977 1005
1974 -1634
1971 -1937
1968 1291
1965 -1804
1962 -1534
1959 -849
1956 849
1953 1316
1950 1262
1947 564
1944 963
1941 226
1938 -1429
1935 30
1932 -746
1929 -1029
1926 740
1923 1725
1920 -997
1917 143
1914 -1601
1911 -70
1908 1812
1905 363
1902 -1744
1899 -1617
1896 -236
1893 672
1890 1744
1887 1682
1884 309
1881 315
1878 -836
1875 -2023
1872 702
1869 571
1866 -1466
1863 -927
1860 984
1857 1769
1854 -1333
1851 -940
1848 -455
1845 1074
1845 BOTTOMOFSTACK

