2040 526
2037 596
2034 1993
2031 1507
2028 44
2025 2025
2022 1932
2019 1252
2016 -479
2013 -681
2010 -1450
2007 -979
2004 1449
2001 877
1998 1769
1995 255
1992 1492
1989 -1963
1986 375
1983 -306
1980 1890
1977 -1713
1974 1450
1971 -108
1968 1898
1965 -1773
1962 -100
1959 1712
1956 1196
1953 786
1950 619
1947 119
1944 -1186
1941 0
1938 1203
1935 -1245
1932 6
1929 -1719
1926 -1087
1923 135
1920 321
1917 1528
1914 -1387
1911 1424
1908 73
1905 -1969
1902 -58
1899 -137
1896 1840
1893 -1379
1890 405
1887 41
1884 -1552
1881 1539
1878 -242
1875 1348
1872 1092
1869 -233
1866 -132
1863 1418
1860 457
1857 -1695
1854 20
1851 1777
1848 489
1845 -1563
1842 -1698
1839 1883
1836 86
1833 757
1830 -1146
1827 -1731
1824 -163
1821 -1500
1818 1268
1815 58
1812 -1687
1809 1515
1806 -413
1803 -428
1800 2026
1797 1403
1794 1803
1791 1317
1788 -432
1785 388
1782 -1526
1779 -627
1776 -115
1773 1933
1770 -623
1767 818
1764 -282
1761 -240
1758 1050
1755 -1527
1752 -173
1749 1717
1746 -838
1743 -1740
1740 -1378
1737 154
1734 1575
1731 -1122
1728 -936
1725 -1823
1722 536
1719 1199
1716 485
1713 1240
1710 -1491
1707 -758
1704 -1673
1701 764
1698 1657
1695 -1616
1692 516
1689 1968
1686 -1475
1683 83
1680 808
1677 192
1674 -1681
1671 -941
1668 486
1665 323
1662 563
1659 1608
1659 BOTTOMOFSTACK

2034 1996
2031 669
2028 118
2025 1928
2022 213
2019 2019
2016 147
2013 66
2010 -74
2007 -1654
2004 -1860
2001 -247
1998 1655
1995 1292
1992 666
1989 699
1986 1968
1983 695
1980 1311
1977 1598
1974 -464
1971 -1334
1968 1236
1965 203
1962 1308
1959 -833
1956 1387
1953 1185
1950 1120
1947 -423
1944 -336
1941 -1794
1938 804
1935 136
1932 1392
1929 1053
1926 -1059
1923 -493
1920 -1635
1917 67
1914 855
1911 -369
1908 1989
1905 -1079
1902 422
1899 148
1896 981
1893 -1946
1890 -1017
1887 -1697
1884 -691
1881 -1940
1878 1888
1875 1382
1872 1458
1869 -1061
1866 -1965
1863 925
1860 -2005
1857 1833
1854 1332
1851 839
1848 398
1845 823
1842 -1122
1839 -1150
1836 -946
1833 1947
1830 -378
1827 172
1824 -1542
1821 -999
1818 -289
1815 -193
1812 1175
1809 -1717
1806 -85
1803 -1496
1800 -158
1797 -1009
1794 203
1791 1944
1788 -229
1785 818
1782 1825
1779 -1853
1776 -1625
1773 -1937
1770 -162
1767 218
1764 -1958
1761 -1874
1758 -893
1755 1965
1752 -1640
1749 165
1746 403
1743 -906
1740 1360
1737 1621
1734 -901
1731 1093
1728 -1399
1725 -128
1722 -255
1719 -492
1716 1404
1713 -184
1710 1049
1707 -230
1704 661
1701 1554
1698 -1224
1695 77
1692 731
1689 1268
1686 -1292
1683 1295
1680 1818
1677 1562
1674 -573
1674 BOTTOMOFSTACK

2043 147
2040 1939
2037 369
2034 2034
2031 0
2028 565
2025 431
2022 8
2019 1027
2016 295
2013 -2024
2010 798
2007 816
2004 700
2001 -552
1998 -1892
1995 1455
1992 -1273
1989 238
1986 -324
1983 -1030
1980 -43
1977 -1129
1974 1744
1971 -666
1968 -283
1965 -1997
1962 1019
1962 BOTTOMOFSTACK

2034 1931
2031 552
2028 2028
2025 886
2022 -1960
2019 710
2016 -970
2013 -673
2010 -183
2007 164
2004 -460
2001 1230
1998 -1751
1995 -1
1992 874
1989 1110
1986 1851
1983 735
1980 146
1977 -1170
1974 -399
1971 -1283
1968 -121
1965 1879
1962 1772
1959 1903
1956 1316
1953 -1995
1950 -1530
1947 1995
1944 -1707
1941 1258
1938 1042
1935 765
1932 -2015
1929 -1231
1926 -541
1923 -454
1920 1297
1917 -871
1914 1859
1911 -116
1908 -1793
1905 -65
1902 565
1899 680
1896 1125
1893 -1493
1890 1540
1887 -827
1884 -1870
1881 842
1878 262
1875 557
1872 958
1869 -1712
1866 443
1863 737
1860 -608
1857 -1361
1854 1309
1851 1686
1848 -2003
1845 285
1842 -232
1839 -1318
1836 641
1833 1052
1830 815
1827 1696
1824 1575
1821 586
1818 1940
1815 230
1812 -947
1809 1572
1806 1104
1803 -782
1800 1453
1797 -1259
1794 372
1791 637
1788 1199
1785 -1623
1785 BOTTOMOFSTACK

2043 294
2040 396
2037 1385
2034 735
2031 2031
2028 782
2025 -868
2022 1837
2019 365
2016 2000
2013 -96
2010 370
2007 -1889
2004 1158
2001 -1865
1998 -338
1995 1114
1992 1613
1989 -13
1986 975
1983 1368
1980 -1710
1977 -1711
1974 -102
1971 623
1968 1718
1965 953
1962 -281
1959 757
1956 72
1953 1697
1950 1314
1947 2022
1944 -881
1941 1904
1938 -917
1935 2042
1932 798
1929 -141
1926 -894
1923 -238
1920 -1325
1917 1431
1914 971
1911 -446
1908 -1591
1905 -708
1902 1107
1899 1645
1896 -1409
1893 -1202
1890 687
1887 -133
1884 -1174
1881 -1107
1878 1817
1875 -1488
1872 1095
1869 161
1866 -638
1863 -1754
1860 -1504
1857 1192
1854 1930
1851 -1530
1848 2010
1845 1110
1842 98
1839 1111
1836 -1284
1833 2001
1830 -1641
1827 -482
1824 -857
1821 -1468
1818 -585
1815 -547
1812 -1863
1809 -1945
1806 -1686
1803 886
1800 1073
1797 -183
1794 39
1791 415
1788 252
1785 -1575
1782 332
1779 -1175
1776 672
1773 1503
1770 1832
1767 1495
1764 -628
1761 -1337
1758 -1512
1755 -1734
1752 -1171
1749 1643
1746 88
1743 1784
1740 819
1737 -917
1734 -286
1731 -1684
1728 399
1725 -456
1722 -657
1719 -1558
1716 708
1713 47
1710 -1084
1707 -1017
1704 -1535
1701 -1423
1698 -1714
1695 -1985
1692 -730
1689 -1146
1686 -1563
1683 51
1680 -712
1677 681
1674 1088
1671 679
1668 520
1665 -1214
1662 -1047
1659 2000
1656 -1973
1653 -639
1650 696
1647 -1619
1644 -57
1641 613
1638 1668
1635 77
1632 772
1629 -806
1626 706
1623 834
1620 1150
1617 -85
1614 1497
1611 1007
1608 37
1605 -181
1602 1741
1599 -955
1596 -1009
1593 -1152
1590 -1737
1587 -1405
1584 -1642
1581 1429
1578 -646
1575 1632
1572 2020
1569 555
1566 -573
1563 -485
1560 985
1557 -1635
1554 -1368
1551 -1226
1551 BOTTOMOFSTACK

2055 527
2052 1953
2049 1501
2046 1758
2043 936
2040 2040
2037 -789
2034 537
2031 75
2028 1012
2025 -354
2022 -198
2019 110
2016 112
2013 -488
2010 558
2007 1534
2004 1536
2001 -272
1998 1511
1995 -52
1992 -381
1989 -767
1986 -1412
1983 1673
1980 845
1977 -395
1974 1047
1971 1688
1968 361
1965 1535
1962 1177
1959 1411
1956 971
1953 1030
1950 -1790
1947 1014
1944 -2029
1941 -59
1938 26
1935 0
1932 1271
1929 1423
1926 1463
1923 -1563
1920 -1718
1917 -45
1914 1613
1911 1376
1908 -1400
1905 191
1902 0
1899 1514
1896 -566
1893 -900
1890 -565
1887 -1765
1884 -1209
1881 492
1878 152
1875 77
1872 -539
1869 855
1866 -1386
1863 -643
1860 204
1857 802
1854 363
1851 -1950
1848 211
1845 1584
1842 368
1839 -1705
1836 -1150
1833 493
1830 -587
1827 -1644
1824 937
1821 295
1818 1012
1815 1334
1812 413
1809 1281
1806 613
1803 -24
1800 875
1797 88
1794 -1420
1791 1811
1788 379
1785 238
1782 219
1779 1403
1776 9
1773 -1789
1770 -29
1767 -1089
1764 -957
1761 -1248
1758 -203
1755 -917
1752 1813
1749 79
1746 236
1743 1797
1740 -1767
1737 -613
1734 1424
1731 1908
1728 164
1725 -695
1722 -367
1719 1267
1716 460
1713 1655
1710 -657
1707 -1552
1704 -1406
1701 813
1698 122
1695 -1431
1692 -195
1689 386
1686 -559
1683 297
1680 1075
1677 1394
1674 1177
1671 -267
1668 533
1665 612
1662 -361
1659 689
1656 617
1653 25
1650 -397
1647 -1400
1644 1662
1641 374
1638 818
1635 -997
1632 1691
1629 -1765
1626 -1607
1623 1498
1620 -596
1617 694
1614 1729
1611 -1900
1608 709
1605 1062
1602 1808
1599 2022
1596 1667
1593 508
1590 -453
1587 -378
1584 -645
1581 44
1578 188
1575 1260
1572 -749
1569 -2045
1566 824
1563 15
1560 -2001
1557 -612
1554 339
1551 -1189
1548 -886
1545 -1226
1542 1202
1539 1406
1536 426
1533 1586
1530 477
1527 -1364
1524 -1465
1521 439
1518 -1960
1515 -59
1512 -1597
1509 -611
1506 780
1503 407
1500 1958
1497 -1667
1494 914
1491 1553
1488 12
1485 414
1482 784
1479 -320
1476 485
1473 -1189
1470 1185
1467 -177
1464 620
1461 574
1458 445
1455 -1913
1452 746
1449 -16
1446 -621
1443 902
1440 -876
1437 -668
1434 564
1431 1327
1428 374
1425 1310
1422 403
1419 16
1416 666
1413 884
1410 -339
1407 -223
1407 BOTTOMOFSTACK

2028 159
2025 1122
2022 2022
2019 1063
2016 1034
2013 -1106
2010 1517
2007 -1397
2004 -761
2001 -1256
1998 860
1995 -1814
1992 -673
1989 -1127
1986 1155
1983 1072
1980 124
1977 1655
1974 -590
1971 1085
1968 890
1965 -353
1962 1659
1959 -1111
1956 -964
1953 -1203
1950 226
1947 -1591
1944 642
1941 -638
1938 1896
1935 -504
1932 -1009
1929 538
1926 1737
1923 -1507
1920 1175
1917 526
1914 -627
1911 -760
1908 1371
1905 1629
1902 -1556
1899 -307
1896 1456
1893 -364
1890 1733
1887 323
1884 -694
1881 1081
1878 -1860
1875 847
1872 -987
1869 1845
1866 -1501
1863 671
1860 -293
1857 879
1854 100
1851 -1078
1848 85
1845 721
1842 -1886
1839 -55
1836 1949
1833 1403
1830 1622
1827 -1818
1824 -683
1821 1841
1818 745
1815 -1701
1812 1348
1809 -1053
1806 1011
1803 988
1800 -70
1797 -1277
1794 -1832
1791 1829
1788 -381
1785 -531
1782 -1991
1779 -29
1776 56
1773 -397
1770 338
1767 -298
1764 1164
1761 -909
1758 -215
1758 BOTTOMOFSTACK

2022 90
2019 251
2016 1229
2013 1317
2010 2010
2007 702
2004 -806
2001 -500
1998 476
1995 -1384
1992 -1207
1989 290
1986 1451
1983 37
1980 701
1977 -1896
1974 1554
1971 600
1971 BOTTOMOFSTACK

