2031 1525
2028 341
2025 1792
2022 190
2019 8
2016 2016
2013 -1152
2010 -2000
2007 -515
2004 1657
2001 1595
1998 -10
1995 1660
1992 1988
1989 -514
1986 1483
1983 2031
1980 659
1977 -1347
1974 -338
1971 -460
1968 -430
1965 -1312
1962 642
1959 339
1956 690
1953 -1887
1950 -133
1947 1026
1944 -732
1941 -603
1938 -934
1935 466
1932 -1683
1929 -482
1926 -1879
1923 -1470
1920 1941
1917 1557
1914 1298
1911 -626
1908 -654
1905 1213
1902 263
1899 -14
1896 -1651
1893 0
1890 32
1887 1595
1884 -701
1881 1141
1878 826
1875 1940
1872 251
1869 -37
1866 1791
1863 -1334
1860 -1524
1857 1442
1854 -1461
1851 649
1848 -1080
1845 -55
1842 487
1839 -673
1836 775
1833 -931
1830 1171
1827 -181
1824 -1160
1821 -788
1818 155
1815 -1398
1812 1695
1809 -951
1806 -1968
1803 1135
1800 -509
1797 -940
1794 1215
1791 1219
1788 9
1785 1959
1782 1820
1779 388
1776 363
1773 1396
1770 -925
1767 1320
1764 -111
1761 1378
1758 -661
1755 -205
1752 -1369
1749 -1721
1746 170
1743 1821
1740 -1606
1737 -1817
1734 -846
1734 BOTTOMOFSTACK

2013 1722
2010 180
2007 2007
2004 0
2001 -774
1998 1020
1995 -473
1992 1992
1989 -644
1986 -467
1983 1230
1980 586
1977 -83
1974 1980
1971 -1995
1968 878
1965 1456
1962 -1407
1959 1340
1956 1256
1953 467
1950 -639
1947 -960
1944 873
1941 90
1938 1658
1935 1434
1932 -1727
1929 -368
1926 1932
1923 1959
1920 117
1917 -973
1914 -1929
1911 1790
1911 BOTTOMOFSTACK

2019 455
2016 1104
2013 366
2010 2010
2007 -968
2004 382
2001 1125
1998 850
1995 1415
1992 -646
1989 -475
1986 791
1983 487
1980 655
1977 988
1974 737
1971 1077
1968 -704
1965 -1405
1962 1748
1959 1189
1956 879
1953 -1464
1950 -1301
1947 -820
1944 1116
1941 -1422
1938 -1950
1935 -354
1932 -923
1929 1675
1926 -1142
1923 -1481
1920 -693
1917 -1697
1914 -223
1911 1523
1908 -881
1905 1399
1902 -308
1899 1034
1896 -1093
1893 -1619
1890 780
1887 2008
1884 -1767
1881 -700
1878 2005
1875 1585
1872 -1552
1869 -705
1866 -405
1863 -1957
1860 -1846
1857 1263
1854 -735
1851 1365
1848 -1134
1845 258
1842 -1351
1839 -817
1836 -616
1833 -550
1830 -1464
1827 -1878
1824 395
1821 1708
1818 -296
1815 -820
1812 706
1809 662
1806 893
1803 -606
1800 -1072
1797 -492
1794 -1865
1791 518
1788 433
1785 -3
1782 847
1779 -1110
1776 -1418
1773 1420
1770 2008
1767 -1489
1764 -492
1761 -1600
1758 -1165
1755 -168
1752 -1060
1749 1015
1746 -199
1743 215
1740 -69
1737 -1732
1734 1396
1731 95
1728 -1869
1725 1021
1722 896
1719 1881
1716 1574
1713 1039
1710 -506
1707 1073
1704 -429
1701 -1087
1701 BOTTOMOFSTACK

2040 817
2037 844
2034 1494
2031 340
2028 525
2025 2025
2022 1943
2019 410
2016 63
2013 -451
2010 1971
2010 BOTTOMOFSTACK

