2034 1130
2031 2015
2028 46
2025 2025
2022 -1696
2019 -474
2016 -228
2013 1238
2010 -1225
2007 -203
2004 -1713
2001 1430
1998 1934
1995 871
1992 479
1989 -518
1986 -416
1983 -1835
1980 1790
1977 1385
1974 -469
1971 229
1968 -1087
1965 -963
1962 -1124
1959 -1351
1956 -1464
1953 1789
1950 1631
1947 -739
1944 -672
1941 973
1938 712
1935 244
1932 1532
1929 47
1926 -1957
1923 344
1920 41
1917 -2013
1914 1779
1911 1626
1908 950
1905 42
1902 -1033
1899 -1604
1896 -1666
1893 74
1890 -869
1887 -1471
1884 -383
1881 -56
1878 -1359
1875 1859
1872 1454
1869 -1090
1866 -777
1863 -631
1860 -853
1857 1714
1854 -1501
1851 -102
1848 -95
1845 -1075
1842 1585
1839 1347
1836 1793
1833 1240
1830 1363
1827 -1018
1824 1758
1821 -816
1818 234
1815 1970
1812 -888
1809 -1431
1806 1604
1803 -316
1800 790
1797 -286
1794 527
1791 -1901
1788 -479
1785 612
1782 -701
1779 81
1776 147
1773 -1646
1770 45
1767 676
1764 843
1761 -1999
1758 1060
1755 1692
1752 -1254
1749 -329
1746 1896
1743 -1555
1740 1199
1737 -1856
1734 -212
1731 -1483
1728 437
1725 1057
1722 1658
1719 1436
1716 -1590
1713 1874
1710 -1149
1707 -438
1704 -1938
1701 1361
1698 -128
1695 1234
1692 586
1689 -1649
1686 -1028
1683 -1585
1680 1330
1677 -1200
1674 -100
1671 -1408
1668 488
1665 1142
1662 -183
1659 378
1656 -177
1653 917
1650 1207
1647 -1117
1644 1659
1641 -1317
1638 665
1635 -2047
1632 -96
1629 -478
1626 -1054
1623 242
1620 -444
1617 -583
1614 -411
1611 1570
1608 1026
1605 1646
1602 61
1599 -1023
1596 426
1593 -499
1590 1304
1587 759
1584 799
1581 127
1578 0
1575 -667
1572 1972
1569 130
1566 -667
1563 -187
1560 -1879
1557 -650
1554 1456
1551 -2003
1548 -877
1545 -770
1542 -578
1539 895
1536 -687
1533 -526
1530 -933
1527 -173
1524 1223
1521 1584
1518 562
1515 1106
1512 -1054
1509 -790
1506 1867
1503 -1176
1500 1394
1497 1857
1494 -399
1491 721
1488 -1830
1485 -1369
1482 1664
1479 1144
1476 1062
1473 1927
1470 1614
1467 -548
1464 -1221
1461 -1997
1458 394
1455 -893
1452 756
1449 -741
1446 1734
1446 BOTTOMOFSTACK

2028 903
2025 1272
2022 1433
2019 243
2016 2016
2013 1506
2010 1055
2007 97
2004 1304
2001 1214
1998 -1405
1995 -694
1992 -1219
1989 653
1986 -56
1983 -1219
1980 659
1977 -1764
1974 1804
1971 1640
1968 -1374
1965 -545
1962 -1422
1959 -634
1956 -1603
1953 110
1950 -1592
1947 719
1944 1711
1941 1417
1938 -524
1935 1031
1932 61
1929 955
1926 1239
1923 1540
1920 833
1917 1515
1914 1605
1911 -440
1908 929
1905 127
1902 -258
1899 979
1896 8
1893 -345
1890 -1761
1887 1837
1884 629
1881 1328
1878 -1230
1875 -1417
1872 1014
1869 -446
1866 -760
1863 -1318
1860 -859
1857 1727
1854 831
1851 -1666
1848 -384
1845 669
1842 1524
1839 1209
1836 154
1833 -40
1830 773
1827 -255
1824 136
1821 -2002
1818 -1000
1818 BOTTOMOFSTACK

2034 1003
2031 438
2028 2028
2025 326
2022 -1098
2019 -1022
2016 -1251
2013 1547
2010 1802
2007 -1695
2004 -1638
2001 -663
1998 -745
1995 1538
1992 313
1989 -1654
1986 1140
1983 1707
1980 335
1977 -1850
1974 -1647
1971 1756
1968 110
1965 -339
1962 -1690
1959 644
1956 -7
1953 1574
1950 -167
1947 -1811
1944 1134
1941 -1683
1938 628
1935 1768
1932 1647
1929 791
1926 -1414
1923 387
1920 639
1917 77
1914 1717
1911 167
1908 354
1905 -144
1902 532
1899 -1391
1896 115
1893 947
1890 -2011
1887 302
1884 898
1881 1374
1878 90
1875 -788
1872 0
1869 1970
1866 1040
1863 1307
1860 931
1857 -1107
1854 2014
1851 -1709
1848 -1352
1845 -821
1842 1982
1839 -1571
1836 -1178
1833 883
1830 -1591
1827 -2037
1824 -1871
1821 -1618
1818 -1972
1815 -347
1812 -1088
1809 -492
1806 -1470
1803 -2006
1800 -716
1797 1594
1794 405
1791 749
1788 1539
1785 -873
1782 1710
1779 1558
1776 -199
1773 1171
1770 1376
1767 -1515
1764 -743
1761 26
1758 -1856
1755 321
1752 -1238
1749 572
1746 -579
1743 -275
1740 -1529
1737 918
1734 1107
1731 -788
1728 -226
1725 -1412
1722 -1110
1719 690
1716 1424
1713 -1885
1710 -282
1707 269
1704 1763
1701 1251
1698 -788
1695 695
1692 1738
1689 -821
1686 1864
1683 195
1680 1105
1677 250
1674 -945
1671 909
1668 222
1665 262
1662 1834
1659 -2017
1656 293
1653 -1587
1650 784
1647 1592
1644 739
1641 1365
1638 -553
1635 -793
1632 345
1629 9
1626 -1548
1623 1587
1620 -455
1617 -964
1614 -114
1611 -1377
1608 259
1605 -11
1602 1739
1599 927
1596 -840
1593 87
1590 1280
1587 1678
1584 560
1581 -1782
1578 736
1575 943
1572 197
1569 -429
1566 413
1563 1994
1560 -1014
1557 1652
1554 -182
1551 910
1548 -1293
1545 -1510
1542 1358
1539 -108
1536 -671
1533 461
1530 -1155
1527 -1270
1524 370
1521 -394
1518 1495
1515 95
1512 730
1509 -706
1506 -13
1503 -1733
1500 -215
1497 693
1494 352
1491 1903
1488 -51
1485 -1366
1482 -1155
1479 -29
1476 -1787
1473 -1787
1470 1664
1467 -9
1464 1364
1461 1216
1458 1465
1455 -1256
1452 -427
1449 -277
1446 -771
1443 492
1440 -1655
1437 -172
1434 -693
1431 -438
1428 490
1425 1918
1422 409
1419 -1015
1416 -1943
1413 1070
1410 55
1407 1748
1404 -1346
1401 -1052
1398 -920
1395 470
1392 175
1392 BOTTOMOFSTACK

2034 845
2031 1629
2028 627
2025 2025
2022 -113
2019 -1007
2016 -816
2013 170
2010 -1805
2007 492
2004 -1444
2001 1690
1998 1124
1995 -1760
1992 1259
1989 -764
1986 856
1983 1108
1980 111
1977 805
1974 1133
1971 884
1968 121
1965 120
1962 835
1959 1293
1956 1960
1953 1313
1950 -1737
1947 839
1944 -748
1941 1709
1938 1794
1935 -751
1932 694
1929 431
1926 462
1923 1023
1920 656
1917 -1307
1914 131
1911 253
1908 324
1905 934
1902 -767
1899 -2015
1896 253
1893 1283
1890 557
1887 1867
1884 -1175
1881 412
1878 -184
1875 1603
1872 -1696
1869 -1858
1866 899
1863 -106
1860 -1298
1857 -1325
1854 -650
1851 -643
1848 -1231
1845 -390
1842 1142
1839 -1233
1836 -895
1833 792
1830 991
1827 -134
1824 1296
1821 -1549
1818 35
1815 563
1812 1797
1809 725
1806 -1806
1803 -931
1800 877
1797 -1286
1794 1981
1791 348
1788 -654
1785 -394
1782 790
1779 -1947
1776 168
1773 -70
1770 -1262
1767 1651
1764 -85
1761 -8
1758 -852
1755 -1517
1752 759
1749 1619
1746 1590
1743 -1294
1740 -897
1737 -1267
1734 -1603
1731 -943
1728 275
1725 -1485
1722 -2045
1719 1827
1719 BOTTOMOFSTACK

2049 129
2046 315
2043 1007
2040 789
2037 2037
2034 0
2031 518
2028 1547
2025 772
2022 281
2022 BOTTOMOFSTACK

