2034 507
2031 1500
2028 1
2025 2025
2022 1599
2019 1314
2016 1596
2013 -101
2010 -1064
2007 -1235
2004 1649
2001 310
1998 -889
1995 -1475
1992 -819
1989 151
1986 1969
1983 1779
1980 78
1977 -1303
1974 -197
1971 -1743
1968 939
1965 1588
1962 -828
1959 1020
1956 259
1953 -1650
1950 -1077
1947 1329
1944 1124
1941 -866
1938 -299
1935 908
1932 -1478
1929 1687
1926 -305
1923 525
1920 -224
1917 550
1914 1545
1911 -1922
1908 1100
1905 1555
1902 -2031
1899 439
1896 -359
1893 -293
1890 -1344
1887 -474
1884 780
1881 525
1878 1692
1875 367
1872 -767
1869 -7
1866 -1088
1863 706
1860 45
1857 -556
1854 208
1851 -549
1848 -956
1845 549
1842 -2043
1839 671
1836 493
1833 -1328
1830 412
1827 -844
1824 272
1821 -162
1818 -803
1815 -1829
1812 1053
1809 -1550
1806 1654
1803 1207
1800 -212
1797 1331
1794 -692
1791 -497
1788 -215
1785 1959
1782 655
1779 1382
1776 880
1773 -503
1770 1200
1767 -1310
1764 1406
1761 -366
1758 -396
1755 -2007
1752 -13
1749 -426
1746 1046
1743 1539
1740 1636
1737 1732
1734 -1290
1731 -630
1728 -763
1725 674
1722 2002
1719 -716
1716 217
1713 1532
1710 731
1707 -949
1704 641
1701 -1593
1698 499
1695 -224
1692 -1240
1689 799
1686 -1391
1683 -1288
1680 -477
1677 -228
1674 -1691
1671 -935
1668 -181
1665 1703
1662 1837
1659 775
1656 2022
1653 -1100
1650 189
1647 -1876
1644 -1136
1641 -1610
1638 -1731
1635 1945
1632 -463
1629 -782
1626 1749
1623 1998
1620 -127
1617 -582
1614 -514
1611 -1477
1608 587
1605 -132
1602 -852
1599 378
1596 1948
1593 496
1590 1453
1587 -617
1584 -2033
1581 -406
1578 -437
1575 756
1572 -1354
1569 -1886
1566 603
1563 -374
1560 -1614
1557 2041
1554 -1083
1551 -1790
1548 -1342
1548 BOTTOMOFSTACK

2034 1122
2031 1232
2028 1458
2025 1657
2022 180
2019 2019
2016 1786
2013 491
2010 -163
2007 1331
2004 1331
2001 1857
1998 -131
1995 -1515
1992 -35
1989 1075
1986 -540
1983 1695
1980 157
1977 464
1974 -1352
1971 -241
1968 559
1965 -693
1962 -1664
1959 -941
1956 -1375
1953 865
1950 1000
1947 -2039
1944 38
1941 -1847
1938 -724
1935 -17
1932 371
1929 -1321
1926 -2033
1923 -1523
1920 426
1917 331
1917 BOTTOMOFSTACK

