2013 511
2010 1259
2007 5
2004 2004
2001 1161
1998 281
1995 -19
1992 135
1989 -1911
1986 -46
1983 554
1980 1621
1977 -1076
1974 -1608
1971 2003
1968 -1137
1965 -1032
1962 1115
1959 881
1956 1147
1953 -1462
1950 1829
1947 882
1944 1625
1941 -1800
1938 -875
1935 -1022
1932 311
1929 -823
1926 536
1923 -215
1920 -1687
1917 972
1914 -1532
1911 926
1908 1168
1905 -430
1902 660
1899 -404
1896 -1805
1893 1577
1890 -622
1887 787
1884 -1183
1881 -1202
1878 -1527
1875 -198
1872 1145
1869 540
1866 899
1863 1056
1860 1489
1857 -1855
1854 485
1851 1795
1848 -739
1845 914
1842 1902
1839 1187
1836 1991
1833 1759
1830 323
1827 418
1824 -1435
1821 1170
1818 1927
1815 -146
1812 -953
1809 -1383
1806 -284
1803 1940
1800 268
1797 219
1794 425
1791 -1113
1788 -2013
1785 1195
1782 891
1779 1380
1776 575
1773 -1854
1770 1199
1767 -856
1764 1143
1761 -389
1758 -84
1755 643
1752 -688
1749 -1987
1746 1560
1743 -469
1740 -232
1737 -1389
1734 1321
1731 -1843
1728 1755
1725 -1642
1722 -199
1719 -176
1716 1279
1713 859
1713 BOTTOMOFSTACK

2019 295
2016 675
2013 172
2010 165
2007 2007
2004 0
2001 231
1998 -1462
1995 -1352
1992 1635
1989 424
1986 135
1983 -1065
1980 -302
1977 -1860
1974 1625
1971 1839
1968 -611
1965 2028
1962 -403
1959 1791
1956 -1552
1953 1834
1950 1514
1947 1847
1944 73
1941 1986
1938 -1401
1935 551
1932 -770
1929 1106
1926 -1784
1923 939
1920 646
1917 -1087
1914 -1623
1911 -2029
1908 -1132
1905 1149
1902 -1766
1899 390
1896 -767
1893 -1433
1890 -483
1887 1123
1884 1877
1881 -514
1878 -1751
1875 -511
1872 1433
1869 50
1866 -406
1863 1090
1860 1828
1857 -1188
1854 409
1851 -1866
1848 1254
1845 944
1842 261
1839 2019
1836 441
1833 1892
1830 -842
1827 -19
1824 -823
1821 -479
1818 -1735
1815 -1370
1812 -742
1809 262
1806 -870
1803 1877
1800 -275
1797 1981
1794 -175
1791 910
1788 -27
1785 308
1782 -666
1779 1638
1776 -722
1773 -1852
1770 -925
1767 -910
1764 -1385
1761 -187
1758 -1246
1755 -752
1752 -364
1749 26
1746 1151
1743 -603
1740 -217
1737 1071
1734 -1352
1731 411
1728 -651
1725 -1325
1722 1012
1719 -896
1716 1123
1713 362
1710 -899
1707 -1043
1704 822
1701 1366
1698 1003
1695 1911
1692 545
1689 -281
1686 1160
1683 1818
1680 251
1677 1886
1674 -1983
1671 -1841
1668 -1931
1668 BOTTOMOFSTACK

2010 995
2007 330
2004 2004
2001 0
1998 -73
1995 1536
1992 390
1989 505
1986 294
1983 620
1980 -2001
1977 1985
1974 -788
1971 1535
1968 -1904
1965 759
1962 632
1959 1671
1956 1137
1953 1400
1950 1833
1947 -1576
1944 -276
1941 -336
1938 232
1935 302
1932 101
1929 1508
1926 969
1923 335
1920 1407
1917 1453
1914 360
1911 -474
1908 1590
1905 2012
1902 1754
1899 -726
1896 1497
1893 -1265
1890 0
1887 -172
1884 -1420
1881 -73
1878 -767
1875 -663
1872 -1900
1869 -2005
1866 -230
1863 -148
1860 -1412
1857 1904
1854 -673
1851 -121
1848 446
1845 995
1842 344
1839 812
1836 -1226
1833 9
1830 -1107
1827 -1899
1824 -2025
1821 -2000
1818 -1283
1815 -1700
1812 226
1809 220
1806 -1056
1803 1677
1800 -1817
1797 -1206
1794 1475
1791 1932
1788 -365
1785 -110
1782 -873
1779 -475
1776 1170
1773 1850
1770 1934
1767 -244
1764 -1483
1761 -1898
1758 0
1755 621
1752 282
1749 -1811
1746 -1732
1743 1047
1740 1903
1737 131
1734 -1807
1731 2000
1728 -576
1725 -1994
1722 976
1719 -1291
1716 -1864
1713 1296
1710 -1503
1707 650
1704 -1528
1701 -532
1698 -801
1695 -106
1692 -1660
1689 281
1686 332
1683 986
1680 1330
1677 648
1674 1375
1671 -1852
1668 717
1665 1000
1662 -1064
1659 -896
1656 357
1653 -1448
1650 1899
1647 326
1644 1956
1641 564
1638 1502
1635 -47
1632 338
1629 -1497
1626 1487
1623 -2035
1620 -31
1617 1917
1614 -507
1611 1517
1608 333
1605 390
1602 -1523
1599 1819
1596 -593
1593 -1140
1590 1519
1587 -1652
1584 524
1581 1330
1578 541
1575 1911
1572 1965
1569 -455
1566 1378
1563 -1481
1560 -1281
1557 1742
1554 172
1551 685
1548 -578
1548 BOTTOMOFSTACK

2025 490
2022 453
2019 580
2016 1136
2013 507
2010 2010
2007 617
2004 595
2001 -1132
1998 313
1995 796
1992 245
1989 -651
1986 469
1983 1772
1980 362
1977 -1584
1974 -180
1971 1042
1968 817
1965 449
1962 906
1959 -1199
1956 -1465
1953 1092
1950 -1066
1947 -1116
1944 -709
1941 -997
1938 -1306
1935 -494
1932 1306
1929 121
1926 1493
1923 -958
1920 -1374
1917 1379
1914 -61
1911 1257
1908 -2036
1905 -145
1902 1255
1899 1606
1896 1552
1893 885
1890 1978
1887 -1772
1884 -1819
1881 915
1878 228
1875 902
1872 123
1869 -1401
1866 -1161
1863 -1691
1860 -1327
1857 1441
1854 741
1851 2018
1848 -599
1845 1614
1842 -1886
1839 1419
1836 -919
1833 360
1830 1797
1827 1594
1824 1587
1821 527
1818 -1453
1815 385
1812 -1112
1809 -1622
1809 BOTTOMOFSTACK

2034 1920
2031 759
2028 1096
2025 1233
2022 696
2019 2019
2016 1496
2013 223
2010 -1633
2007 -1598
2004 291
2001 -224
1998 -1990
1995 -618
1992 -1207
1989 1689
1986 1791
1983 500
1980 1820
1977 -1331
1974 -886
1971 1093
1968 -2032
1965 -509
1962 682
1959 1813
1956 361
1953 1544
1950 -341
1947 -1022
1944 -1435
1941 -559
1938 1428
1935 1382
1932 1832
1929 -1140
1926 619
1923 -242
1920 -1188
1917 -1239
1914 -346
1911 -995
1908 -257
1905 854
1902 479
1899 -2037
1896 -1544
1893 -256
1890 -905
1887 -1019
1884 -1883
1881 18
1878 361
1875 34
1872 -802
1869 304
1866 683
1863 -621
1860 -705
1857 1608
1854 1178
1851 1519
1848 894
1845 1888
1842 1016
1839 1026
1836 1810
1833 1331
1830 377
1827 901
1824 -995
1821 216
1818 338
1815 228
1812 948
1809 -1746
1806 308
1803 -423
1800 -1141
1797 272
1794 -931
1791 -976
1788 346
1785 767
1782 -60
1779 832
1776 695
1773 1886
1770 -1001
1767 -112
1764 1333
1761 701
1758 1554
1755 794
1752 1539
1749 1301
1746 1083
1743 -281
1740 281
1737 -1556
1734 -1708
1731 -574
1728 -1989
1725 710
1722 -419
1719 -2012
1716 1877
1713 838
1710 238
1707 -1985
1704 -248
1701 1491
1698 1322
1695 -1030
1692 188
1689 -1182
1686 -1962
1683 1016
1680 -492
1677 1881
1674 1681
1671 -982
1668 1307
1665 -1617
1662 1298
1659 -665
1656 -1037
1653 -490
1650 -808
1647 1170
1644 1997
1641 1608
1638 -214
1635 -756
1632 220
1629 -1841
1626 1303
1623 1600
1620 1651
1617 1893
1614 -1985
1611 971
1608 -1972
1605 708
1602 385
1599 103
1596 -873
1593 -275
1590 1797
1587 -559
1584 -1516
1581 -1252
1578 -906
1575 463
1572 246
1569 1284
1566 1427
1563 -175
1560 -665
1560 BOTTOMOFSTACK

2031 298
2028 1335
2025 867
2022 2022
2019 -1177
2016 634
2013 -1861
2010 -362
2007 -1137
2004 598
2001 -1541
1998 278
1995 84
1992 1524
1989 957
1986 1152
1983 -1720
1980 -6
1977 1765
1974 -742
1971 1554
1968 -7
1965 1729
1962 -1412
1959 -2004
1956 -690
1953 -194
1950 -296
1947 699
1944 -1674
1941 -700
1938 -88
1935 -839
1932 -322
1929 1165
1926 426
1923 -1899
1920 16
1917 1136
1914 191
1911 -1168
1908 1987
1905 279
1902 -1418
1899 -1687
1896 1803
1893 -768
1890 1080
1887 1898
1884 -1467
1884 BOTTOMOFSTACK

2004 398
2001 1047
1998 1998
1995 1991
1992 91
1989 239
1986 -119
1983 1363
1980 423
1977 -1386
1974 -852
1971 1983
1968 1598
1965 157
1962 1327
1959 -760
1956 1802
1953 1461
1950 61
1947 -1737
1944 -1354
1941 1988
1938 90
1935 1996
1932 1777
1929 107
1926 84
1923 -1556
1920 -1008
1917 479
1914 -401
1911 1906
1908 -553
1905 -730
1902 -1442
1899 1288
1896 -1160
1893 1368
1890 -1313
1887 -1458
1884 -1757
1881 -139
1878 1759
1875 -298
1872 1999
1869 -185
1866 1270
1863 815
1860 148
1857 1175
1854 184
1851 -542
1848 -1904
1845 -313
1842 -1346
1839 737
1836 1911
1833 384
1830 1745
1827 -1947
1824 -642
1821 -1847
1818 -1834
1815 1045
1812 -619
1809 432
1806 718
1803 -1717
1800 1978
1797 -1712
1794 1265
1791 -415
1788 1751
1785 852
1782 -391
1779 1105
1779 BOTTOMOFSTACK

2010 1879
2007 1239
2004 2004
2001 -1077
1998 -428
1995 -15
1992 1978
1989 -1527
1986 905
1983 740
1980 514
1977 -241
1974 -903
1971 1172
1968 1407
1965 1083
1962 1546
1959 105
1956 410
1953 -322
1950 167
1947 1409
1944 418
1941 878
1938 -1510
1935 -1283
1932 -1889
1929 -1679
1926 -141
1923 609
1920 -1373
1917 525
1914 1884
1911 137
1908 -580
1905 1146
1902 280
1899 -272
1896 -195
1893 -668
1890 550
1887 -316
1884 -1776
1881 707
1878 -1108
1875 1545
1872 284
1869 -194
1866 -134
1863 -1220
1860 882
1857 1441
1854 -270
1851 293
1848 -120
1845 1396
1842 -753
1839 -1010
1836 320
1833 1109
1830 481
1827 92
1824 873
1821 -1035
1818 -583
1815 -1718
1812 316
1809 -1550
1806 -686
1803 -1669
1800 -308
1797 -664
1794 1710
1791 -835
1788 -381
1785 -468
1782 1886
1779 8
1776 -131
1773 1890
1770 795
1767 -1132
1764 165
1761 1395
1758 -1377
1755 1793
1752 -698
1749 1001
1746 642
1743 1060
1740 -708
1737 772
1734 -286
1731 2027
1728 -2022
1725 1244
1722 -1782
1719 1733
1716 74
1713 329
1710 -1968
1707 1444
1707 BOTTOMOFSTACK

2040 836
2037 757
2034 1454
2031 1384
2028 1431
2025 2025
2025 BOTTOMOFSTACK

2016 635
2013 1158
2010 453
2007 165
2004 1584
2001 2001
1998 -434
1995 -652
1992 576
1989 1202
1986 -1287
1983 651
1980 -252
1977 -918
1974 261
1971 -999
1968 -1913
1965 -1515
1962 -1222
1959 -90
1956 1000
1953 -100
1950 223
1947 -1438
1944 850
1941 750
1938 1176
1935 -1309
1932 1989
1929 -1939
1926 -115
1923 -872
1920 -308
1917 1525
1914 766
1911 -1698
1908 -757
1905 -370
1905 BOTTOMOFSTACK

