2028 1952
2025 19
2022 2022
2019 1202
2016 1074
2013 92
2010 -694
2007 1124
2004 -1045
2001 -1470
1998 1310
1995 -547
1992 1766
1989 -1944
1986 -83
1983 822
1980 301
1977 1947
1974 1182
1971 -460
1968 -1025
1965 1790
1962 1526
1959 732
1956 41
1953 1717
1950 -32
1947 -228
1944 1790
1941 -1248
1938 -751
1935 1384
1932 841
1929 811
1926 1819
1923 -1333
1920 -415
1917 2014
1914 1224
1911 -481
1908 -634
1905 -627
1902 738
1899 -1428
1896 1712
1893 -1675
1890 1493
1887 -1477
1884 -271
1881 1376
1878 25
1878 BOTTOMOFSTACK

2019 1833
2016 814
2013 204
2010 2010
2007 1455
2004 854
2001 -467
1998 -1531
1995 106
1992 441
1989 1961
1986 -1359
1983 -21
1980 -1485
1977 -1235
1974 470
1971 896
1968 1843
1965 381
1962 359
1959 565
1956 -1368
1953 1465
1950 -1602
1947 -1598
1944 386
1941 -1627
1938 -413
1935 -761
1932 697
1929 -1460
1926 1187
1923 1534
1920 -2
1917 -990
1914 -710
1911 2000
1908 1117
1905 -187
1902 1510
1899 243
1896 422
1893 -723
1890 832
1887 -1032
1884 837
1881 342
1878 1201
1875 199
1872 628
1869 1863
1866 865
1863 -1805
1860 1954
1857 115
1854 -150
1851 -1102
1848 -1856
1845 -1300
1842 194
1839 1259
1836 1551
1833 -183
1830 -560
1827 470
1824 1020
1821 159
1818 -870
1815 1190
1812 -1122
1809 1494
1806 -1255
1803 1331
1800 -436
1797 887
1794 1682
1791 -1388
1788 -1309
1785 -671
1782 1728
1779 1736
1776 1505
1773 953
1770 -201
1767 -1288
1764 1464
1761 -1722
1758 1048
1755 -1426
1752 -734
1749 -1373
1746 1470
1743 -1772
1740 1142
1737 889
1734 -127
1731 -883
1728 394
1725 452
1722 -1155
1719 -1293
1716 76
1713 -378
1710 337
1707 -1813
1704 763
1701 1031
1698 248
1695 803
1692 -1539
1689 973
1686 53
1683 1362
1680 0
1677 -231
1674 705
1671 696
1668 1168
1665 -1143
1662 -1829
1659 -1822
1656 -1973
1653 -954
1650 691
1647 -422
1644 1416
1641 -935
1638 135
1635 -2018
1632 -1873
1629 1519
1626 -768
1623 828
1620 -1571
1617 -356
1614 -762
1611 998
1608 -1165
1605 335
1602 1974
1599 -902
1596 426
1593 9
1590 -44
1587 895
1584 1866
1581 2013
1578 2025
1575 -1282
1572 -774
1569 913
1566 -1569
1563 -557
1560 1352
1560 BOTTOMOFSTACK

2028 810
2025 977
2022 2013
2019 396
2016 2016
2013 1494
2010 328
2007 -2008
2004 767
2001 -2032
1998 504
1995 -1969
1992 414
1989 149
1986 1326
1983 -298
1980 -486
1977 -1776
1974 811
1971 1091
1968 -1439
1965 -1681
1962 -209
1959 -1654
1956 -700
1953 620
1950 2042
1947 -1183
1944 1105
1941 -259
1938 -1304
1935 1295
1932 106
1929 422
1926 633
1923 298
1920 -314
1917 692
1914 -820
1911 1427
1908 -1677
1905 -455
1902 1484
1899 625
1896 822
1893 -1499
1890 -667
1887 381
1884 425
1881 1786
1878 -469
1875 704
1872 -646
1869 -597
1866 801
1863 -864
1860 -1745
1857 1266
1854 1336
1851 1591
1848 1185
1845 840
1842 -1564
1839 -1942
1836 -1830
1833 511
1830 -1184
1827 1255
1824 -642
1821 -1447
1818 1998
1815 -1728
1812 -1697
1809 622
1806 531
1803 -1678
1800 551
1797 -173
1794 -829
1791 2040
1788 -1232
1785 1851
1782 -1378
1779 -983
1776 -1558
1773 1126
1770 799
1767 2007
1764 639
1761 -666
1758 -918
1755 -1498
1752 1683
1749 -1911
1746 -1709
1743 -310
1740 -833
1737 -1680
1734 -138
1731 -1664
1728 309
1725 1209
1722 2035
1719 -1797
1716 1671
1713 -964
1710 -995
1707 993
1704 -77
1701 -1770
1698 444
1695 1964
1692 -497
1689 -1128
1686 1616
1683 13
1680 1161
1677 863
1674 -403
1671 74
1668 1200
1665 1818
1662 -607
1659 -1346
1656 1005
1653 1182
1650 -895
1647 -733
1644 -488
1641 933
1638 -187
1635 -627
1632 1151
1629 -904
1626 -1704
1623 -88
1620 257
1617 1542
1614 -1146
1611 1847
1608 961
1605 1803
1602 -1350
1599 -970
1596 -1515
1593 906
1590 986
1587 2028
1584 993
1581 -2030
1578 -1057
1575 1618
1572 -460
1569 -266
1566 76
1563 1086
1560 -292
1557 -58
1554 550
1551 -1620
1548 -1068
1545 1025
1542 32
1539 1114
1536 5
1533 -1005
1530 1021
1527 -233
1524 1291
1521 386
1518 284
1515 -2040
1512 -1782
1509 1572
1506 -793
1503 -1928
1500 371
1497 1862
1494 1905
1491 -460
1488 1599
1485 1656
1482 946
1479 1222
1476 -969
1473 1157
1470 284
1467 -929
1464 -1487
1461 1295
1458 758
1455 -1982
1452 19
1449 -251
1446 -1862
1443 464
1440 365
1437 1149
1434 292
1431 235
1428 -1898
1425 -51
1422 1167
1419 -383
1416 -1225
1413 -1928
1410 -1207
1407 483
1404 -107
1404 BOTTOMOFSTACK

2022 447
2019 885
2016 576
2013 2013
2010 361
2007 955
2004 -1434
2001 612
1998 449
1995 -1076
1992 256
1989 1212
1986 1181
1983 512
1980 1393
1977 -1535
1974 -1043
1971 1074
1968 1317
1965 -689
1962 1680
1959 -564
1956 1307
1953 682
1950 1531
1947 16
1944 1494
1941 644
1938 -78
1935 743
1932 486
1929 -1919
1926 -1400
1923 -791
1920 -404
1917 -1976
1914 -1226
1911 -1363
1908 -649
1905 17
1902 1184
1899 -1297
1896 1798
1893 620
1890 1366
1887 1373
1884 657
1881 -211
1878 -534
1875 -1377
1872 -453
1869 1903
1866 1528
1863 -805
1860 1691
1857 967
1854 1429
1851 300
1848 1428
1845 428
1842 -1608
1839 1526
1836 -1823
1833 -1519
1830 830
1827 -1973
1824 -270
1821 -1801
1818 -1323
1815 1048
1812 -710
1809 -866
1806 1567
1803 170
1800 -146
1797 80
1794 -673
1791 201
1788 -739
1785 -1700
1782 1062
1779 -312
1776 1945
1773 320
1770 -150
1767 948
1764 652
1761 434
1758 -161
1755 351
1752 -1863
1749 665
1746 337
1743 -797
1740 263
1737 -1015
1734 -791
1731 -2044
1728 -1519
1725 1619
1722 516
1719 46
1716 -1063
1713 1191
1710 -607
1707 1663
1704 1150
1701 137
1698 1444
1695 -896
1692 1974
1689 1011
1686 79
1683 80
1680 1658
1677 -2044
1674 1292
1671 627
1668 -701
1665 -1406
1665 BOTTOMOFSTACK

2025 1925
2022 570
2019 759
2016 2016
2013 -1475
2010 824
2007 -1661
2004 1667
2001 -592
2001 BOTTOMOFSTACK

2022 842
2019 927
2016 2016
2013 -959
2010 -1232
2007 -1182
2004 -538
2001 2007
1998 -1473
1995 -151
1992 1500
1989 313
1986 1831
1983 -1543
1980 2038
1977 -1237
1974 -1672
1971 -721
1968 -151
1965 583
1962 -60
1959 -1135
1956 1025
1953 1501
1950 1540
1947 -9
1944 17
1941 -1730
1938 -1126
1935 -674
1932 -843
1929 1474
1926 -867
1923 1767
1920 -1578
1917 -1637
1914 756
1911 -1036
1908 -1876
1905 -11
1902 -491
1899 1487
1896 594
1893 -1805
1890 147
1887 -142
1884 -1096
1881 678
1878 -1874
1875 599
1872 1716
1869 1055
1866 399
1863 1142
1860 -364
1857 -69
1854 -560
1851 262
1848 722
1845 -105
1842 1008
1839 1024
1836 -1138
1833 -2032
1830 -1165
1827 1965
1824 1063
1821 184
1818 -1053
1815 -445
1812 111
1809 -1346
1806 143
1803 578
1800 -1097
1797 -1712
1794 -1582
1791 255
1788 1453
1785 91
1782 972
1779 151
1776 -1586
1773 -425
1770 -1884
1767 758
1764 1785
1761 -313
1758 -69
1755 243
1752 -59
1749 961
1746 239
1743 -1436
1740 211
1737 935
1734 -1269
1731 -244
1728 -238
1725 976
1722 356
1719 747
1716 -1039
1713 226
1710 -1134
1707 -39
1704 -1795
1701 1120
1698 640
1695 1916
1692 643
1689 929
1686 -1190
1683 -1063
1680 -843
1677 809
1674 580
1671 1974
1668 911
1665 1967
1662 1615
1659 1272
1656 -716
1653 1053
1653 BOTTOMOFSTACK

2034 732
2031 1638
2028 1684
2025 687
2022 1083
2019 2019
2016 331
2013 -701
2010 990
2007 -1392
2004 987
2001 -46
1998 489
1995 2041
1992 -618
1989 -1397
1986 -1509
1983 1588
1980 -1941
1977 1644
1974 -178
1971 -1177
1968 1612
1965 728
1962 -938
1959 925
1956 -442
1953 640
1950 -1490
1947 -647
1944 331
1941 1574
1941 BOTTOMOFSTACK

2010 692
2007 1663
2004 1056
2001 1269
1998 1998
1995 836
1992 -610
1989 1879
1986 1958
1983 1573
1980 -1468
1977 -1563
1974 -2029
1971 1612
1968 872
1965 -206
1962 903
1959 771
1956 -1163
1953 1735
1950 66
1947 1607
1944 -1133
1941 -115
1938 911
1935 1230
1932 185
1929 -358
1926 1247
1923 331
1920 1172
1917 608
1914 1361
1911 1926
1908 -1058
1905 -1203
1902 -280
1899 -1793
1896 160
1893 -1831
1890 488
1887 1156
1884 -299
1881 1674
1878 -456
1875 -771
1872 -665
1869 -977
1866 -825
1863 -824
1860 52
1857 1221
1854 1398
1851 1626
1848 -233
1845 -2036
1842 133
1839 1413
1836 -301
1833 702
1830 1158
1827 1069
1824 -1140
1821 2010
1818 -303
1815 1763
1812 1005
1809 -1385
1806 -1365
1803 -823
1800 237
1797 -1849
1794 790
1791 1509
1788 1668
1785 -1832
1782 -1748
1779 1763
1776 -1708
1773 -793
1770 -1912
1767 1649
1764 606
1761 -1282
1758 -1078
1755 -279
1752 -1442
1749 2022
1746 1301
1743 -636
1740 539
1737 -125
1734 -1033
1731 -1971
1728 1125
1725 -1406
1722 971
1719 -1012
1716 77
1713 1680
1710 1526
1707 1279
1704 -1662
1701 -446
1698 -1734
1695 -730
1692 1443
1689 -1389
1686 -1755
1683 1502
1680 891
1677 -586
1674 -469
1671 0
1668 1984
1665 -154
1662 1188
1659 -1045
1656 -636
1653 1676
1650 -1017
1647 320
1644 -1841
1641 1958
1638 -681
1635 1491
1632 919
1629 -394
1626 -1020
1623 -1077
1620 1665
1617 -1774
1614 -824
1611 1277
1608 -1344
1605 506
1602 619
1599 2015
1596 -1085
1593 -1309
1590 623
1587 -1086
1584 622
1581 -516
1578 404
1578 BOTTOMOFSTACK

2037 316
2034 409
2031 1425
2028 2028
2028 BOTTOMOFSTACK

2046 178
2043 1454
2040 8
2037 1599
2034 2034
2031 -425
2028 -1885
2025 954
2022 -988
2019 -1339
2016 -1524
2013 1188
2010 -1104
2007 -1204
2004 1373
2001 -1490
1998 -1692
1995 966
1992 459
1989 -1467
1986 -441
1983 -1168
1980 -1353
1977 1591
1974 -115
1971 1440
1968 1667
1965 -839
1962 979
1959 -1169
1956 -265
1953 756
1950 -1931
1947 -924
1944 1454
1941 -961
1938 -32
1935 1331
1932 -1073
1929 422
1926 -1271
1923 932
1920 -2037
1917 -1635
1914 -695
1911 1316
1908 -1822
1905 -1538
1902 -2047
1899 1328
1896 -1246
1893 -657
1890 1951
1887 -1483
1884 -748
1881 -1656
1878 -1405
1875 800
1872 22
1869 380
1866 1288
1863 1613
1860 -1261
1857 -919
1854 -1808
1851 0
1848 -1732
1845 1224
1842 -1311
1839 897
1836 -1843
1833 1898
1830 1413
1827 -970
1824 -85
1821 -1221
1818 -1613
1815 -1986
1812 -1441
1809 -1479
1806 -36
1803 1003
1800 -1659
1797 -1922
1794 872
1791 -533
1788 1433
1785 299
1782 1972
1779 -1662
1776 534
1773 1936
1770 -2025
1767 -133
1764 -1371
1761 -771
1758 -1785
1755 -1276
1752 -731
1749 1340
1746 -1818
1743 1783
1740 -1189
1737 -1074
1734 589
1731 -1506
1728 776
1725 365
1722 9
1719 360
1716 648
1713 -1255
1710 704
1707 -795
1704 -1295
1701 103
1698 478
1695 -207
1692 922
1689 1738
1686 -1531
1683 802
1680 1765
1677 -431
1674 -1308
1671 711
1668 -267
1665 390
1662 -1248
1659 -977
1656 485
1653 608
1650 898
1647 1715
1644 -108
1641 993
1638 1652
1635 -32
1632 -1721
1629 2007
1626 -1451
1623 -270
1620 -1123
1617 -993
1614 -1058
1611 562
1608 351
1605 -607
1602 -271
1599 -594
1596 37
1593 1661
1590 604
1587 811
1584 860
1581 1754
1578 862
1575 1702
1572 311
1569 1500
1566 -554
1563 446
1560 -636
1557 -589
1554 65
1551 433
1548 -396
1545 980
1542 -1251
1539 -1926
1536 -137
1533 -94
1530 69
1527 1970
1524 -2046
1521 -378
1518 -367
1515 -1103
1512 334
1512 BOTTOMOFSTACK

