2019 2012
2016 10
2013 2013
2010 1879
2007 -415
2004 368
2001 253
1998 1602
1995 1323
1992 1148
1989 -992
1986 -1961
1983 1578
1980 -1759
1977 1595
1974 -1416
1971 323
1968 -253
1965 1826
1962 -1885
1959 594
1956 24
1953 -1103
1950 540
1947 -1915
1944 -1953
1941 -1877
1938 62
1935 -2021
1932 1133
1929 1558
1926 -80
1923 -484
1920 1569
1917 -1767
1914 860
1911 -1120
1908 -947
1905 -141
1902 461
1899 -448
1896 1888
1893 561
1890 -1200
1887 -620
1884 -687
1881 32
1878 -1003
1875 -1116
1872 1882
1869 1679
1866 -1104
1863 -1023
1860 -178
1857 -211
1854 1414
1851 848
1848 -1479
1845 -844
1842 -725
1839 1649
1836 146
1833 474
1830 -202
1827 1670
1824 1897
1821 904
1818 -1861
1815 -604
1812 682
1809 -63
1806 -200
1803 2044
1800 723
1797 -1788
1794 440
1791 -2006
1788 1092
1785 76
1782 1301
1779 -252
1776 93
1773 -1040
1770 -1870
1767 1479
1764 0
1761 -375
1758 831
1755 -1673
1752 951
1749 -1797
1746 1342
1743 420
1740 433
1737 1223
1734 -426
1731 -1599
1728 -237
1725 -151
1722 -1228
1719 -2047
1716 70
1713 907
1710 1726
1707 1048
1704 319
1701 -1796
1698 -1693
1695 -449
1692 200
1689 258
1686 309
1683 -1734
1680 0
1677 413
1674 1608
1671 807
1668 -459
1665 1059
1662 1757
1659 -2007
1656 -1715
1653 -1057
1650 -1335
1647 1972
1644 -390
1641 -1572
1638 -755
1638 BOTTOMOFSTACK

2034 1063
2031 1325
2028 499
2025 174
2022 2022
2019 1344
2016 -1970
2013 1272
2010 -157
2007 884
2004 1701
2001 1271
1998 1160
1995 642
1992 -721
1989 1374
1986 -309
1983 -581
1980 -1117
1977 675
1974 -1144
1971 -812
1968 -468
1965 680
1962 1019
1959 1760
1956 -2010
1953 1830
1950 1988
1947 223
1944 657
1941 1310
1938 -1383
1935 -1676
1932 494
1929 -633
1926 -754
1923 -128
1920 -1488
1917 108
1914 -1326
1911 -113
1908 -1037
1905 94
1902 1388
1899 1004
1896 637
1893 -699
1890 1833
1887 13
1884 -1113
1881 1701
1878 1324
1875 1376
1872 -702
1869 894
1866 998
1863 -1661
1860 -1857
1857 1304
1854 -615
1851 1377
1848 -49
1845 1132
1842 1198
1839 1399
1836 718
1833 -1568
1830 -1194
1827 1616
1824 331
1821 -1834
1818 -71
1815 -1753
1812 -2009
1809 -505
1806 -161
1803 617
1800 -1427
1797 1488
1794 19
1791 -1164
1788 -960
1785 69
1782 -1652
1779 -1823
1776 -131
1773 -1365
1770 -322
1767 -2047
1764 1319
1761 -518
1758 127
1755 -731
1752 -1034
1749 1328
1746 1397
1743 1232
1740 -487
1737 1257
1734 1308
1731 1121
1728 266
1725 -1682
1722 1511
1719 943
1716 1027
1713 617
1710 -1587
1707 182
1704 2034
1701 949
1698 690
1695 1009
1692 -478
1689 1065
1686 -846
1683 675
1680 749
1677 643
1674 -1981
1671 -874
1668 -229
1665 -420
1662 1253
1659 -1484
1656 -1007
1653 -1980
1650 843
1647 995
1644 729
1641 -1234
1638 900
1635 -98
1632 100
1629 52
1626 346
1623 1225
1620 -815
1617 -408
1614 125
1611 1784
1608 1001
1605 792
1602 -1736
1599 1954
1596 867
1593 -1051
1590 -1313
1587 633
1584 -365
1581 224
1578 28
1575 -991
1572 502
1569 808
1566 1892
1563 -748
1560 314
1557 1006
1554 1342
1551 1188
1548 -122
1545 755
1542 852
1539 -634
1536 -966
1533 795
1530 -827
1527 -1155
1524 -195
1521 1259
1518 -1193
1515 -1751
1512 -1043
1509 -741
1506 208
1503 1600
1500 -447
1497 -676
1494 -560
1491 1809
1488 1127
1485 -722
1482 1232
1479 -411
1476 -931
1473 -875
1470 895
1467 -1295
1464 -1205
1461 -1391
1458 1496
1455 1401
1452 -281
1449 -1650
1446 1709
1443 -1601
1440 -1557
1440 BOTTOMOFSTACK

2019 73
2016 368
2013 372
2010 2010
2007 400
2004 -1185
2001 909
1998 -1823
1995 -371
1992 -2002
1989 -386
1986 1730
1983 146
1980 1788
1977 424
1974 468
1971 -33
1968 1178
1965 1757
1962 1851
1959 -1934
1956 -289
1953 -199
1950 46
1947 -654
1944 -32
1941 -1455
1938 -905
1935 -761
1932 155
1929 882
1926 -872
1923 782
1920 1151
1917 -843
1914 -1243
1911 23
1908 -1622
1905 593
1902 -848
1899 1030
1896 1969
1893 -691
1890 174
1887 1163
1884 -517
1881 -1073
1878 163
1875 -1401
1872 -1907
1869 1385
1866 57
1863 -175
1860 66
1857 823
1854 -1046
1851 -841
1848 -1889
1845 -775
1842 1317
1839 39
1836 -273
1833 1896
1830 1024
1827 -1344
1824 -345
1821 -1995
1818 2013
1815 1575
1812 197
1809 -1048
1806 -323
1803 1063
1800 1755
1797 1714
1794 844
1791 -631
1788 -1773
1785 -117
1782 1799
1779 37
1776 1173
1773 -196
1770 852
1767 -1132
1764 197
1761 -1090
1758 714
1755 -1843
1752 1618
1749 -1750
1746 -13
1743 -1927
1740 816
1737 -118
1734 1261
1731 945
1728 -111
1725 -588
1722 -1583
1719 -185
1716 737
1713 787
1710 680
1707 -1591
1704 496
1701 -1825
1698 -1983
1695 2029
1692 -329
1689 1032
1686 -819
1683 -1930
1680 954
1677 -10
1674 -1605
1671 -234
1668 -1501
1665 -1106
1662 -1495
1659 1092
1656 1346
1653 541
1650 999
1647 -816
1644 -205
1641 -1838
1638 2019
1635 739
1632 1652
1629 104
1626 1252
1623 710
1620 986
1617 -1374
1614 909
1611 -1816
1608 227
1605 1999
1602 -197
1599 -1363
1596 360
1593 934
1590 1610
1587 1443
1584 574
1581 296
1578 1325
1575 -1643
1572 -1010
1569 542
1566 -991
1563 115
1560 1589
1557 2043
1554 -423
1554 BOTTOMOFSTACK

2043 837
2040 1952
2037 543
2034 2034
2031 0
2028 327
2025 9
2022 -1958
2019 1255
2016 1996
2013 18
2010 -597
2007 461
2004 -1335
2001 -694
1998 1441
1995 523
1992 1615
1989 1784
1986 -1399
1983 5
1980 -581
1977 -970
1974 1435
1971 -937
1968 -146
1965 1088
1962 1653
1959 358
1956 -1602
1953 -1936
1950 -1989
1947 -984
1944 487
1941 -727
1938 394
1935 -141
1932 1663
1929 -1680
1926 375
1923 -339
1920 222
1917 -1106
1914 1006
1911 -1309
1908 1046
1905 -1230
1902 -302
1899 -463
1896 -1164
1893 -831
1890 1544
1887 1689
1884 -475
1881 840
1878 1366
1875 118
1872 122
1869 -617
1866 -1053
1863 488
1860 1849
1857 1407
1854 605
1851 -1681
1848 338
1845 -1905
1842 1743
1839 -706
1836 -1916
1833 -1307
1830 -43
1827 -951
1824 -971
1821 1961
1818 2029
1815 -1060
1812 661
1809 55
1806 -33
1803 -1238
1800 -1449
1797 -1961
1794 360
1791 -1219
1788 17
1785 -499
1782 -1629
1779 1260
1776 677
1773 -1374
1770 -130
1767 -865
1764 9
1761 497
1758 1299
1755 1868
1752 733
1749 1385
1746 1157
1743 2034
1740 688
1737 1108
1734 1033
1731 -692
1728 -869
1725 1061
1722 -1783
1719 -1144
1716 -1181
1713 678
1710 -959
1707 574
1704 705
1701 -1473
1698 1546
1695 1755
1692 1343
1689 142
1686 885
1683 773
1680 2037
1677 1253
1674 -12
1671 -193
1668 335
1665 1937
1662 98
1659 -1574
1656 1180
1653 1415
1650 1292
1647 -1410
1644 197
1641 -299
1638 1407
1635 815
1632 178
1629 -222
1626 77
1623 960
1620 -1284
1617 977
1614 15
1611 509
1608 1644
1605 1431
1602 1751
1599 -1939
1596 1867
1593 1586
1590 1935
1587 -1651
1584 1157
1581 1951
1578 631
1575 -1622
1572 -1888
1569 -305
1566 -998
1563 1400
1560 -821
1557 725
1554 -1007
1551 -881
1548 -861
1545 1914
1542 -505
1539 0
1536 -1307
1533 1801
1530 815
1527 1329
1524 -619
1521 -1341
1518 1796
1515 300
1512 -463
1509 -1354
1506 285
1503 540
1500 -1699
1497 299
1494 -1385
1491 -300
1488 342
1485 -425
1482 -1739
1479 43
1476 1140
1473 -1818
1470 -1686
1467 135
1464 -1232
1461 -1757
1458 1921
1455 -171
1452 -910
1449 1372
1446 654
1443 -1635
1440 292
1437 1937
1434 -334
1431 -25
1431 BOTTOMOFSTACK

2007 1402
2004 720
2001 2001
1998 0
1995 137
1992 -1958
1989 1170
1986 -877
1983 -628
1980 1422
1977 -114
1974 1852
1971 173
1968 1573
1965 1463
1962 1753
1959 -1163
1956 -2024
1953 431
1950 424
1947 1211
1944 -776
1941 372
1938 -480
1935 446
1932 1827
1929 1352
1926 -1441
1923 -2015
1920 693
1917 -347
1914 860
1911 -681
1908 -2002
1905 15
1902 -13
1899 1334
1896 -2037
1893 -1747
1890 869
1887 1878
1884 -2038
1881 -601
1878 584
1875 665
1872 -419
1869 -157
1866 -2006
1863 1566
1860 1011
1857 620
1854 -1167
1851 604
1848 -1228
1845 -236
1842 1374
1839 -1148
1836 -1530
1833 1917
1830 1135
1827 -871
1824 -253
1821 -1680
1818 653
1815 -2022
1812 -580
1809 876
1806 1489
1803 384
1800 1366
1797 1431
1794 -637
1791 -21
1788 -1398
1785 1022
1782 -95
1779 -1699
1776 1243
1773 902
1770 948
1770 BOTTOMOFSTACK

2049 923
2046 1951
2043 891
2040 2040
2040 BOTTOMOFSTACK

2049 68
2046 1516
2043 1086
2040 2040
2037 120
2034 237
2031 -681
2028 -1794
2025 -1293
2022 1263
2019 871
2016 -23
2013 668
2010 1847
2007 -1562
2004 751
2001 -1892
1998 223
1995 631
1992 -1791
1989 816
1986 1562
1983 -1167
1980 238
1977 129
1974 -393
1971 -865
1968 -1463
1965 973
1962 1024
1959 1076
1956 610
1953 -1763
1950 708
1947 -1335
1944 193
1941 764
1938 -1806
1935 93
1932 -1997
1929 907
1926 -769
1923 -1527
1920 236
1917 431
1914 1524
1911 1515
1908 1452
1905 630
1902 -1544
1899 -1337
1896 1070
1893 -598
1890 -818
1887 2023
1884 -2025
1881 -892
1881 BOTTOMOFSTACK

2007 2035
2004 1610
2001 1407
1998 1284
1995 1995
1992 1069
1989 912
1986 -1439
1983 -811
1980 -377
1977 -598
1974 1641
1971 827
1968 -128
1965 -1698
1962 105
1959 -1352
1956 12
1953 735
1950 -1453
1947 915
1944 621
1941 2003
1938 -648
1935 -163
1932 1297
1932 BOTTOMOFSTACK

