2013 737
2010 1748
2007 42
2004 2004
2001 1933
1998 -1672
1995 -902
1992 -1551
1989 94
1986 -2006
1983 1545
1980 -264
1977 71
1974 -840
1971 1788
1968 -835
1965 718
1962 -385
1959 -154
1956 -206
1953 -1763
1950 -1277
1947 -695
1944 271
1941 -1045
1938 1322
1935 740
1932 -67
1929 355
1926 894
1923 2007
1920 -1512
1917 787
1914 1352
1911 -1312
1908 -1056
1905 5
1902 -1641
1899 1887
1896 267
1893 -1035
1890 -177
1887 -1011
1884 215
1881 1184
1878 -350
1875 -1621
1872 77
1869 -477
1866 1002
1863 -1553
1860 -1956
1857 -1349
1854 1320
1851 1540
1848 -1073
1845 -566
1842 -153
1839 1537
1836 1655
1833 855
1830 -373
1827 281
1824 -1640
1821 -1756
1818 -1629
1815 500
1812 -752
1809 767
1806 -1871
1803 -1739
1800 -879
1797 1562
1794 1901
1791 12
1788 -1709
1785 992
1782 -404
1779 -39
1779 BOTTOMOFSTACK

2010 1309
2007 1894
2004 210
2001 2001
1998 1354
1995 1574
1992 -1146
1989 -1675
1986 603
1983 1675
1980 395
1977 1579
1974 474
1971 -72
1968 -1191
1965 -850
1962 42
1959 -279
1956 -1693
1953 170
1950 -1895
1947 448
1944 642
1941 1338
1938 79
1935 969
1932 220
1929 -572
1926 -924
1923 1659
1920 -1027
1917 1085
1914 -834
1911 -429
1908 1822
1905 -1428
1902 -1394
1899 -1174
1896 1029
1893 1963
1890 -24
1887 1826
1884 2001
1881 1218
1878 36
1875 -529
1872 -704
1869 -841
1866 978
1863 -586
1860 -1684
1857 -1576
1854 -424
1851 -955
1848 714
1845 692
1842 1491
1839 -920
1836 -865
1833 1100
1830 1919
1827 685
1824 -961
1821 -768
1818 1231
1815 -207
1812 1749
1809 396
1806 -1991
1803 -636
1800 -365
1797 0
1794 -1410
1791 -1583
1788 879
1785 -1834
1782 -1162
1779 -1798
1776 472
1773 1863
1770 1634
1767 710
1764 167
1761 112
1758 401
1755 -980
1752 -1031
1749 0
1746 2025
1743 -59
1740 -308
1737 1187
1734 -284
1731 -1895
1728 1448
1725 -563
1722 1862
1719 -345
1716 -381
1713 1249
1710 -1138
1707 1707
1704 -40
1701 1033
1698 1651
1695 9
1692 -1154
1689 -716
1686 -167
1683 73
1680 -1992
1677 -1552
1674 1906
1671 -56
1668 -424
1665 791
1662 -96
1659 265
1656 1704
1653 -879
1650 -739
1647 652
1644 1506
1641 251
1638 779
1635 -1293
1632 647
1629 1057
1626 -899
1623 1739
1620 -442
1617 1849
1614 799
1611 585
1608 1579
1605 -1815
1602 1692
1599 -207
1596 -1125
1593 -61
1590 -349
1587 -1036
1584 -652
1581 1597
1578 -618
1575 -326
1572 -1994
1569 -1279
1566 -1199
1563 217
1560 -713
1557 464
1554 1782
1551 -876
1548 -1718
1545 1202
1542 1315
1539 23
1536 877
1533 -939
1533 BOTTOMOFSTACK

2016 331
2013 372
2010 2010
2007 716
2004 -132
2001 290
1998 1905
1995 1006
1992 533
1989 -144
1986 -1899
1983 -1899
1980 -1277
1977 192
1974 1509
1971 -1792
1968 -1913
1965 1975
1962 -1796
1959 -922
1956 -1444
1953 1614
1950 2033
1947 -1455
1944 -1054
1941 -351
1938 398
1935 1677
1932 -524
1929 -24
1926 1172
1923 117
1920 496
1917 965
1914 -1979
1911 -1323
1908 -307
1905 725
1902 -1529
1899 -1868
1896 280
1893 -202
1890 -1525
1887 -1836
1884 -1569
1881 1062
1878 752
1875 -2013
1872 -639
1869 -1122
1866 -1463
1863 1392
1860 -1213
1857 700
1854 126
1851 1238
1848 1224
1845 -581
1842 -354
1839 -1259
1836 1138
1833 1198
1830 726
1827 273
1824 1503
1821 180
1818 898
1815 -1405
1812 79
1809 -1799
1806 0
1803 -290
1800 -269
1797 -690
1794 -1033
1791 66
1788 1280
1785 2035
1782 90
1779 -603
1776 -1646
1773 467
1770 2028
1767 -455
1764 -2007
1761 -683
1758 1824
1755 412
1752 -1965
1749 1875
1746 364
1743 1071
1740 -174
1737 -1795
1734 1731
1731 234
1728 -247
1725 -767
1722 -1412
1719 654
1716 1850
1713 -1382
1710 1828
1707 1541
1704 683
1701 1349
1698 -1635
1695 -2006
1692 1245
1689 -996
1686 -718
1683 1567
1680 -499
1677 -1622
1674 782
1671 834
1668 -1936
1665 1432
1662 -1671
1659 440
1656 -1847
1653 -1677
1650 1606
1647 -934
1644 -1385
1641 -1349
1638 624
1635 1679
1632 -383
1629 263
1626 264
1623 -1552
1620 -1193
1617 43
1614 -1
1611 1366
1608 1917
1605 1865
1602 1917
1599 -294
1596 1890
1593 -1274
1590 1927
1587 299
1584 839
1581 1521
1578 298
1575 288
1572 1523
1569 1576
1566 -1544
1563 1370
1560 -529
1557 -508
1554 128
1551 856
1548 576
1545 1485
1542 1376
1539 -1121
1536 -1702
1533 23
1530 -1504
1527 1603
1524 1492
1521 1679
1518 -542
1515 1532
1512 305
1509 520
1506 752
1503 -1118
1500 1368
1497 515
1494 -783
1491 -1723
1488 -105
1485 -637
1482 706
1479 -1165
1476 -760
1473 -1478
1470 1821
1467 837
1464 441
1461 -265
1458 856
1455 188
1452 1585
1449 1038
1446 -401
1443 103
1440 -868
1437 1328
1434 861
1431 1201
1428 -1839
1425 659
1422 511
1419 -438
1416 1935
1413 -1919
1410 -22
1407 1628
1404 -1988
1401 506
1398 -1055
1395 -1268
1392 -1682
1389 -1860
1386 -885
1383 1341
1380 -1884
1377 -62
1374 70
1371 181
1368 1915
1365 840
1362 -620
1359 1064
1356 1917
1353 1557
1350 -919
1347 -453
1344 952
1341 -1476
1338 -612
1335 775
1335 BOTTOMOFSTACK

2031 1880
2028 1947
2025 214
2022 525
2019 2019
2016 -1817
2013 222
2010 1523
2007 1087
2004 1323
2001 671
1998 -2041
1995 1733
1992 -589
1989 452
1986 -625
1983 -1565
1980 -1964
1977 -1196
1974 1981
1971 1437
1968 -2030
1965 -1565
1962 -958
1959 1486
1956 -28
1953 -1958
1950 -212
1947 235
1944 1335
1941 -197
1938 -752
1935 1038
1932 131
1929 -1406
1926 203
1923 1438
1920 -781
1917 -811
1914 1576
1911 7
1908 1571
1905 -1341
1902 422
1899 -763
1896 1208
1893 890
1890 -2014
1887 1134
1884 -1648
1881 -1099
1878 730
1875 1318
1872 89
1869 1675
1866 388
1863 1604
1860 1335
1857 -1346
1854 -1354
1851 -780
1848 461
1845 1393
1842 2031
1839 -869
1836 479
1833 -364
1830 -1531
1827 443
1824 629
1821 -1050
1818 55
1815 -21
1812 1611
1809 1141
1806 784
1803 772
1800 -1153
1797 1241
1794 -818
1791 1091
1788 -890
1785 221
1782 -966
1779 2024
1776 -240
1773 -1816
1770 -1311
1767 209
1764 -1828
1761 662
1758 1039
1755 995
1752 -1861
1749 1892
1746 -1205
1743 -1962
1740 594
1737 -781
1734 1407
1731 1000
1728 972
1725 1851
1722 1420
1719 160
1716 -1889
1713 1080
1710 -503
1707 526
1704 758
1701 -1713
1698 -845
1695 1182
1692 1521
1689 0
1686 -1698
1683 -1561
1680 -382
1677 1232
1674 -1276
1671 -1014
1668 -263
1665 -56
1662 402
1659 -1291
1656 -1959
1653 823
1650 -1127
1647 -1761
1644 1121
1641 1974
1638 827
1635 1303
1632 1785
1629 -55
1626 1134
1623 -1541
1620 1436
1617 -883
1614 -153
1611 -895
1608 1990
1605 345
1602 -1679
1599 -524
1596 -303
1593 -1634
1590 37
1587 685
1584 841
1581 97
1578 346
1575 -1183
1572 312
1569 587
1566 -481
1563 998
1560 1974
1557 1532
1557 BOTTOMOFSTACK

2052 1739
2049 293
2046 248
2043 681
2040 2040
2037 44
2034 1710
2031 -1621
2028 1465
2025 -1256
2022 1026
2019 -1486
2016 -1894
2013 361
2010 1840
2007 -832
2004 1036
2001 964
1998 1355
1995 437
1992 1530
1989 279
1986 726
1983 -1983
1980 -1658
1977 1775
1974 1449
1971 -497
1968 -1082
1965 -1894
1962 -685
1959 1385
1956 1937
1953 -1857
1950 -1631
1947 60
1944 588
1941 653
1938 1608
1935 -2001
1932 1341
1929 -336
1926 -1198
1923 1946
1920 -1453
1917 -845
1914 -17
1911 -165
1908 -496
1905 -1591
1902 413
1899 1811
1899 BOTTOMOFSTACK

2046 1253
2043 852
2040 2040
2037 -540
2034 -1911
2031 -1517
2028 1587
2025 155
2022 -266
2019 392
2016 438
2013 -980
2010 -1428
2007 -1259
2004 1910
2001 670
1998 469
1995 233
1992 1140
1989 1662
1986 1655
1983 1096
1980 2040
1977 -1351
1974 -176
1971 182
1968 -1017
1965 554
1962 329
1959 -954
1956 -1127
1953 -1283
1950 -474
1947 809
1944 1517
1941 1395
1938 -1636
1935 436
1932 -88
1929 -954
1926 1895
1923 -708
1920 992
1917 -97
1914 -1118
1911 1140
1908 -141
1905 -1848
1902 341
1899 -772
1896 -1950
1893 1420
1890 -1570
1887 -1359
1884 1450
1881 597
1878 1147
1875 992
1872 -2004
1869 1012
1866 -1359
1863 -898
1860 -572
1857 -169
1854 -1394
1851 746
1848 127
1845 -1766
1842 -710
1839 -407
1836 -1949
1833 -1180
1830 -1319
1827 -1293
1824 -1645
1821 692
1818 1295
1815 1822
1812 -522
1809 876
1809 BOTTOMOFSTACK

