2025 1434
2022 322
2019 1674
2016 29
2013 2013
2010 0
2007 488
2004 362
2001 -1888
1998 -1262
1995 348
1992 -1978
1989 2006
1986 1848
1983 515
1980 -1961
1977 -1974
1974 948
1971 831
1968 1848
1965 384
1962 1747
1959 -901
1956 -1713
1953 250
1950 -1598
1947 1532
1944 -1353
1941 1635
1938 -1213
1935 360
1932 -1214
1929 796
1926 -1495
1923 799
1920 1487
1917 1272
1914 9
1911 -1984
1908 1709
1905 48
1902 1348
1899 1849
1896 -1249
1893 -660
1890 -1336
1887 1737
1884 -827
1881 -1642
1878 -1585
1875 1502
1872 -1729
1869 640
1866 -1796
1863 -63
1860 746
1857 -2012
1854 -54
1851 -1266
1848 1133
1845 269
1842 -1361
1839 -433
1836 -1243
1833 -1349
1830 1792
1827 -2024
1824 1640
1821 1349
1818 -1801
1815 -1313
1812 -1187
1809 -871
1806 55
1803 -1368
1800 -343
1797 976
1794 -2021
1791 -580
1788 1366
1785 1442
1782 452
1779 1899
1776 -1766
1773 996
1770 -1306
1767 -1199
1764 -653
1761 -1953
1758 -916
1755 375
1752 -442
1749 1947
1746 -1905
1743 -1733
1740 1672
1737 957
1734 1037
1731 938
1728 1723
1725 941
1722 1990
1719 1359
1716 1263
1713 -886
1710 1895
1707 -1600
1704 1992
1701 -1506
1698 -383
1695 -375
1692 -1928
1689 -1667
1686 1733
1683 1596
1680 812
1677 61
1674 -545
1674 BOTTOMOFSTACK

2022 513
2019 216
2016 2016
2013 2030
2010 885
2007 144
2004 954
2001 38
1998 1458
1995 -1424
1992 -180
1989 428
1986 -1300
1983 150
1980 -282
1977 -751
1974 606
1971 1479
1968 -1725
1965 -255
1962 1378
1959 80
1956 1484
1953 331
1950 1077
1947 -835
1944 670
1941 1189
1938 -656
1935 -1482
1932 994
1929 -1685
1926 199
1923 337
1920 -171
1917 -1667
1914 1598
1911 1568
1908 579
1905 1875
1902 -1813
1899 880
1896 -1876
1893 1883
1890 622
1887 -720
1884 -885
1881 1512
1878 1761
1875 -1857
1872 86
1869 634
1866 -1
1863 -1214
1860 1180
1857 1150
1854 -45
1851 1304
1848 311
1845 1717
1842 -735
1839 -1332
1836 697
1833 -666
1830 149
1827 -27
1824 971
1821 243
1818 -1903
1815 2
1812 1001
1809 515
1806 650
1803 -377
1800 -1336
1797 -675
1794 1370
1791 -94
1788 2002
1785 1554
1782 -1538
1779 2017
1776 1157
1773 499
1770 2043
1767 1403
1764 -1476
1761 1713
1758 1381
1755 940
1752 -1443
1749 -1705
1746 -1349
1743 -1279
1740 -866
1737 -1295
1734 258
1731 -94
1728 -1994
1725 -1493
1722 -1504
1719 47
1716 -1516
1713 696
1710 1267
1707 1115
1704 -1282
1701 7
1698 1437
1695 -647
1692 329
1689 1708
1686 -266
1683 -584
1680 2031
1677 -2020
1674 -535
1671 865
1668 -20
1665 461
1662 244
1659 1565
1656 -1662
1653 -1601
1650 -909
1647 -1581
1644 363
1641 -419
1638 873
1635 186
1632 1852
1629 -1843
1626 1831
1623 -1088
1620 -1516
1617 1389
1614 -451
1614 BOTTOMOFSTACK

2043 1035
2040 279
2037 237
2034 830
2031 408
2028 2028
2025 1400
2022 -29
2019 -251
2016 -1826
2013 -519
2010 -1468
2007 497
2004 -567
2001 -1141
1998 -1228
1995 688
1995 BOTTOMOFSTACK

2016 1146
2013 1186
2010 573
2007 2007
2004 -492
2001 905
1998 -634
1995 -1373
1992 210
1989 1453
1986 653
1983 1399
1980 -1720
1977 1232
1974 1663
1971 838
1968 -1569
1965 1365
1962 1225
1959 -1845
1956 1511
1953 165
1950 -72
1947 1835
1944 -1972
1941 1039
1938 -539
1935 -1065
1932 -966
1929 1354
1926 -900
1923 -1512
1920 960
1917 877
1914 -1552
1911 993
1908 1418
1905 -729
1902 -1201
1899 -369
1896 1614
1893 1980
1890 -72
1887 1625
1884 1885
1881 -1433
1878 -837
1875 -255
1872 1671
1869 -1101
1866 -1699
1863 26
1860 1061
1857 1303
1854 109
1851 237
1848 193
1845 -1435
1842 302
1839 -1576
1836 1644
1833 -893
1830 -388
1827 -840
1824 390
1821 1894
1818 1797
1815 347
1812 188
1809 -692
1806 286
1803 -279
1800 1919
1797 -1918
1794 -1033
1791 1213
1788 -1391
1785 1734
1782 1961
1779 -1859
1776 -177
1773 -484
1770 -354
1767 -248
1764 -1146
1761 1724
1758 1694
1755 1816
1752 -808
1749 -1464
1746 -1981
1743 563
1740 217
1737 -1289
1734 1002
1731 1506
1728 -929
1725 2024
1722 -1724
1719 1174
1716 1953
1713 -1958
1710 -573
1707 -345
1704 1814
1701 1203
1698 -1427
1695 898
1692 499
1689 -1594
1686 492
1683 1696
1680 722
1677 -591
1674 -1672
1671 608
1668 2032
1665 1154
1662 806
1659 -474
1656 -1305
1653 -1076
1650 -547
1647 2032
1644 -558
1641 1245
1638 -1111
1635 1231
1632 -1037
1629 -565
1626 1652
1623 -1400
1620 1348
1617 696
1614 -1692
1611 -1296
1608 890
1605 366
1605 BOTTOMOFSTACK

2007 594
2004 771
2001 2001
1998 -49
1995 -435
1992 45
1989 -1051
1986 1067
1983 -1142
1980 -578
1977 -1593
1974 -616
1971 692
1968 439
1965 -826
1962 407
1959 506
1956 -1690
1953 -1013
1950 6
1947 -105
1944 -1681
1941 -1491
1938 -1156
1935 740
1932 -1096
1929 -1515
1926 -637
1923 1892
1920 72
1917 668
1914 1474
1911 -1114
1908 1770
1905 1778
1902 600
1899 632
1896 1838
1893 -1431
1890 858
1887 1607
1884 -1163
1881 -69
1878 865
1875 -1261
1872 329
1869 -312
1866 497
1863 -541
1860 399
1857 -325
1854 889
1851 -1847
1848 -1207
1845 -1946
1842 2004
1839 -54
1836 1624
1833 -415
1830 1954
1827 113
1824 1071
1821 1421
1818 -946
1815 -696
1812 1921
1809 849
1806 1746
1803 -1722
1800 1443
1797 -706
1794 -838
1794 BOTTOMOFSTACK

