2049 404
2046 1106
2043 1128
2040 812
2037 38
2034 2034
2031 -661
2028 1360
2025 -709
2022 -1615
2019 -143
2016 -908
2013 -1488
2010 784
2007 1048
2004 -1451
2001 1932
1998 -1571
1995 -1392
1992 -908
1989 428
1986 -79
1983 933
1980 1643
1977 1947
1974 -287
1971 1711
1968 1015
1965 547
1962 -316
1959 -340
1956 -1018
1953 -1914
1950 1721
1947 1179
1944 1425
1941 -1505
1938 -975
1935 729
1932 405
1929 -1260
1926 754
1923 1602
1920 -1851
1917 -1237
1914 673
1911 -856
1908 -1015
1905 -1462
1905 BOTTOMOFSTACK

2049 1074
2046 40
2043 231
2040 2040
2037 0
2034 -1585
2031 -1299
2028 -818
2025 -933
2022 1446
2019 910
2016 -763
2013 1202
2010 -404
2007 -1467
2004 -1913
2001 -746
1998 450
1995 1004
1992 500
1989 514
1986 1387
1983 -1186
1980 -1375
1977 -96
1974 1264
1971 1409
1968 -1222
1965 40
1962 -2020
1959 1106
1956 155
1953 -566
1950 583
1947 -1053
1944 -689
1941 1480
1938 1578
1935 -530
1932 862
1929 -1825
1926 -410
1923 795
1920 -1258
1917 -1745
1914 501
1911 -344
1908 1571
1905 54
1902 1689
1899 -1529
1896 834
1893 -1199
1890 282
1887 1226
1884 -1819
1881 1954
1878 -790
1875 -1819
1872 1540
1869 -1985
1866 -1886
1863 -1044
1860 201
1857 573
1854 -156
1851 -798
1848 -1149
1845 -1081
1842 1266
1839 -1220
1836 282
1833 -729
1830 1011
1827 1253
1824 -1454
1821 892
1818 -1081
1815 1683
1812 -539
1809 -1624
1806 -1389
1803 -1013
1800 -1707
1797 -252
1794 1069
1791 -191
1788 -1226
1785 -236
1782 -845
1779 -1666
1776 -1794
1773 809
1770 -1049
1767 -1051
1764 1734
1761 181
1758 9
1755 1491
1752 1959
1749 -1932
1746 -1661
1743 1681
1740 -378
1737 1200
1734 574
1731 -1107
1728 1765
1725 -1700
1722 -191
1719 -183
1716 981
1713 -1356
1710 825
1707 1058
1704 323
1701 -530
1698 1960
1695 -827
1692 -1858
1689 -1565
1686 -1357
1683 -275
1680 18
1677 939
1674 1490
1671 -1640
1668 541
1665 825
1662 -1406
1659 1495
1656 485
1653 588
1650 -893
1647 -1119
1644 -1104
1641 -326
1638 -1598
1635 1552
1632 1326
1629 144
1626 -1751
1623 -841
1620 -1035
1617 1838
1614 217
1611 -342
1608 1966
1605 -1476
1602 -279
1599 -1140
1596 -1709
1593 319
1590 -1149
1587 -1251
1584 -1893
1584 BOTTOMOFSTACK

2016 355
2013 2007
2010 1839
2007 689
2004 396
2001 2001
1998 1562
1995 1594
1992 -1531
1989 -763
1986 1429
1983 606
1980 415
1977 1312
1974 905
1971 1917
1968 -441
1965 272
1962 -1395
1959 -1976
1956 -497
1953 920
1950 1128
1947 1949
1944 741
1941 20
1938 1303
1935 -1085
1932 -991
1929 1008
1926 -1036
1923 235
1920 -284
1917 -1701
1914 69
1911 613
1908 -385
1905 -803
1902 -522
1899 -1999
1896 1138
1893 965
1890 -1873
1887 1495
1884 -1753
1881 1785
1878 301
1875 -1460
1872 -915
1869 -1618
1866 1998
1863 976
1860 13
1857 1574
1857 BOTTOMOFSTACK

2031 568
2028 1004
2025 597
2022 2022
2019 1341
2016 352
2013 -662
2010 -548
2007 1684
2004 186
2001 -2023
1998 748
1995 369
1992 1369
1989 -585
1986 712
1983 1735
1980 1746
1977 1164
1974 -408
1971 -733
1968 356
1965 1857
1962 1285
1959 1996
1956 -1839
1953 -1848
1950 -559
1947 1314
1944 1454
1941 -451
1938 -443
1935 -1164
1932 -679
1929 -1869
1926 310
1923 1089
1920 1678
1917 -1791
1914 -953
1911 -1406
1908 792
1905 397
1902 -1634
1899 680
1896 -638
1896 BOTTOMOFSTACK

2025 812
2022 1374
2019 1299
2016 1414
2013 795
2010 2010
2007 -775
2004 986
2001 -739
1998 -963
1995 111
1992 883
1989 -132
1986 715
1983 1697
1980 -1569
1977 -884
1974 -1075
1971 -219
1968 -390
1965 -413
1962 -1138
1959 1179
1956 -216
1953 -963
1950 1875
1947 1389
1944 1250
1941 401
1938 1787
1935 1223
1932 -1864
1929 -249
1926 583
1923 -63
1920 528
1917 170
1914 -273
1911 -959
1908 506
1905 268
1902 1407
1899 -1623
1896 1744
1893 1292
1890 863
1887 703
1884 528
1881 -1510
1878 1985
1875 638
1872 -48
1869 1722
1866 1538
1863 -822
1860 -591
1857 -587
1854 -1896
1851 462
1848 -471
1845 1979
1842 -1981
1839 1631
1836 -89
1833 -1923
1830 1659
1827 -909
1824 134
1821 1397
1818 -901
1815 -174
1812 498
1809 -590
1806 869
1803 -1414
1800 -812
1797 -355
1794 -970
1791 281
1788 591
1785 382
1782 1984
1779 1467
1776 1074
1773 963
1770 -367
1767 1515
1764 -2017
1761 -2038
1758 297
1755 -1088
1752 -553
1749 -1235
1746 -1698
1743 -383
1740 -1601
1737 1082
1734 888
1731 61
1728 156
1725 1687
1722 1744
1719 1886
1716 -338
1713 -664
1710 558
1707 1506
1704 628
1701 -1905
1698 537
1695 -509
1692 -666
1689 -373
1686 886
1683 -293
1680 1928
1677 -1470
1674 -1380
1671 -1407
1668 -1628
1665 958
1662 1456
1659 -1797
1656 -1262
1653 1366
1650 -635
1647 -174
1644 -626
1641 -706
1638 1366
1635 -1023
1632 389
1629 1482
1626 -515
1623 652
1620 -1280
1617 1653
1614 -1606
1611 -1969
1608 -871
1605 -963
1602 -1756
1599 -2016
1599 BOTTOMOFSTACK

2028 462
2025 1589
2022 1354
2019 972
2016 2016
2013 0
2010 1658
2007 1445
2004 648
2001 777
1998 1552
1995 2023
1992 -330
1989 887
1986 1765
1983 887
1980 -1942
1977 -460
1974 677
1971 -480
1968 -1361
1965 -1605
1962 -1079
1959 1898
1956 -1691
1953 309
1950 -964
1947 -1994
1944 212
1941 2005
1938 1621
1935 -1855
1932 -570
1929 -40
1926 -160
1923 1571
1920 853
1917 1621
1914 301
1911 -1677
1908 -2022
1905 919
1902 -1692
1899 -1250
1896 1388
1893 -1629
1890 152
1887 1773
1884 -1430
1881 767
1878 1335
1875 -35
1872 1614
1869 -534
1866 359
1863 -1901
1860 -878
1857 623
1854 -843
1851 1185
1848 1767
1845 1339
1842 988
1839 -181
1836 1591
1833 -402
1830 -602
1827 -891
1824 383
1821 -1873
1818 1560
1815 -139
1812 -999
1809 1856
1806 -1825
1803 542
1800 89
1797 -2017
1794 -1737
1791 1669
1788 -882
1785 25
1782 -7
1779 696
1776 1478
1773 -1980
1770 737
1767 -222
1764 1298
1761 1755
1758 619
1755 -236
1752 395
1749 -300
1746 0
1743 -209
1740 -158
1737 982
1734 1421
1731 -802
1728 -1274
1725 -208
1722 1929
1719 -1110
1716 -1279
1713 -1639
1710 -1234
1707 1961
1704 -1609
1701 1985
1698 1456
1695 -1363
1692 1137
1689 1852
1686 -1937
1683 946
1680 -1887
1677 1993
1674 -1366
1671 1528
1668 1923
1665 1948
1662 -246
1659 1886
1656 -172
1653 -762
1650 1452
1647 1212
1644 1858
1641 484
1638 -2002
1635 -1286
1632 1223
1629 -449
1626 931
1623 1302
1620 -1376
1617 -289
1614 369
1611 -1429
1608 252
1605 -286
1602 -929
1599 649
1596 917
1593 1524
1590 -1293
1587 -503
1584 -849
1581 -1894
1578 -50
1575 -411
1572 -1143
1569 -2006
1566 -1351
1563 1383
1560 -901
1557 820
1554 444
1551 1778
1548 469
1545 -221
1542 1595
1539 -443
1536 -1186
1533 -1195
1530 -1558
1527 -1369
1524 829
1521 1454
1518 -509
1515 1049
1512 -714
1509 257
1506 -1534
1503 -966
1500 -549
1497 423
1494 1227
1491 338
1488 628
1485 -1859
1482 1087
1479 1749
1476 -83
1473 872
1470 -1924
1467 -862
1464 -1337
1461 -1554
1458 -1062
1455 -1568
1452 1952
1449 1000
1446 -588
1443 -964
1440 -452
1437 -1219
1434 -265
1431 1523
1431 BOTTOMOFSTACK

