2016 2038
2013 1718
2010 376
2007 20
2004 2004
2001 1329
1998 -256
1995 1292
1992 -1503
1989 -1843
1986 335
1983 194
1980 860
1977 1371
1974 1022
1971 1568
1968 0
1965 1432
1962 -1745
1959 -189
1956 676
1953 1331
1950 14
1947 -107
1944 1944
1941 524
1938 1638
1935 1919
1932 -1303
1929 -1090
1926 803
1923 529
1920 -1870
1917 -1208
1914 1881
1911 -815
1908 -262
1905 -1305
1902 -934
1899 -1791
1896 1682
1893 -883
1890 1564
1887 22
1884 1078
1881 1512
1878 -1762
1875 -1968
1872 1968
1869 -229
1866 -272
1863 1497
1860 -496
1857 1758
1854 119
1851 80
1848 0
1845 1528
1842 642
1839 1576
1836 942
1833 1032
1830 -1498
1827 -1878
1824 -636
1821 -1049
1818 1864
1815 856
1812 -2033
1809 -194
1806 673
1803 -1862
1800 1014
1797 -851
1794 765
1791 -1437
1788 -32
1785 -218
1782 1794
1779 9
1776 1962
1773 1828
1770 1815
1767 1637
1764 490
1761 -1474
1758 -728
1755 1652
1752 101
1749 1204
1746 1784
1743 -1747
1740 1847
1737 -2006
1734 -1419
1731 557
1728 -1804
1725 -405
1722 1473
1719 -395
1716 -1614
1713 -1314
1710 129
1707 1008
1704 -1897
1701 413
1698 1021
1695 -2011
1692 -107
1689 574
1686 -1718
1683 1045
1680 -1796
1677 -314
1674 -539
1671 1852
1668 1127
1665 329
1662 547
1659 -987
1656 744
1653 1571
1650 1356
1647 -1545
1644 1881
1641 -1134
1638 -1317
1635 -1146
1632 721
1629 -1669
1626 1211
1623 -596
1620 -970
1617 -1355
1614 -1114
1611 693
1608 402
1605 1205
1602 -2011
1599 -697
1596 -1503
1593 -1431
1590 -432
1587 -1553
1584 1722
1581 767
1578 555
1575 1298
1572 -103
1569 343
1566 -970
1563 -1119
1560 -350
1557 150
1554 1556
1551 -424
1551 BOTTOMOFSTACK

