2031 606
2028 44
2025 2025
2022 584
2019 -786
2016 -679
2013 466
2010 1090
2007 -1296
2004 -1834
2001 1391
1998 -1984
1995 1834
1992 626
1989 1412
1986 1667
1983 -206
1980 -145
1977 372
1974 -653
1971 -1896
1968 -513
1965 1468
1962 -1282
1959 -981
1956 -759
1953 -1840
1950 1673
1947 1479
1944 40
1941 -1674
1938 1078
1935 1850
1932 -760
1929 330
1926 1115
1923 -666
1920 1069
1920 BOTTOMOFSTACK

2022 142
2019 599
2016 231
2013 225
2010 2010
2007 -389
2004 1868
2001 -351
1998 -237
1995 -1008
1992 -660
1989 -184
1986 276
1983 -1600
1980 912
1977 235
1974 446
1971 -1937
1968 1919
1965 1350
1962 1070
1959 776
1956 567
1953 -1393
1950 -748
1947 -783
1944 1274
1941 -999
1938 366
1935 1276
1932 -1548
1929 1839
1926 1870
1923 1542
1920 1473
1917 -264
1914 -1135
1911 -1314
1908 857
1905 1533
1902 289
1899 -1709
1896 -891
1893 1213
1890 1553
1887 -968
1884 1071
1881 324
1878 -697
1875 -513
1872 274
1869 1383
1866 -574
1863 -935
1860 67
1857 -947
1854 139
1851 -1342
1848 -2021
1845 1318
1842 -1836
1839 -960
1836 -1112
1833 -887
1830 -293
1827 1431
1824 -746
1821 55
1818 595
1815 1951
1812 923
1809 79
1806 -937
1803 1855
1800 241
1797 -1826
1794 -1612
1791 468
1788 -395
1785 62
1782 -1179
1779 49
1776 -878
1773 1600
1770 725
1767 1551
1764 741
1761 -662
1758 1725
1755 -1147
1752 607
1749 1653
1746 -13
1743 1753
1740 -1619
1737 -561
1734 -285
1731 552
1728 -1555
1725 1508
1722 48
1719 1823
1716 -312
1713 1575
1710 -413
1707 1488
1704 -275
1701 344
1698 -836
1695 -1760
1692 803
1689 623
1686 -1465
1683 -1730
1680 -605
1677 -617
1674 -5
1671 341
1668 735
1665 1879
1662 -638
1659 432
1656 -1708
1653 -1340
1650 393
1647 -1528
1644 1965
1641 -1855
1638 589
1635 -149
1632 -1486
1629 827
1626 1147
1626 BOTTOMOFSTACK

2046 1935
2043 1598
2040 262
2037 1374
2034 405
2031 2031
2028 357
2025 619
2022 1022
2019 1285
2016 158
2013 1599
2010 842
2007 -1429
2004 541
2001 -1862
1998 1964
1995 -1621
1992 1218
1989 1868
1986 796
1983 1850
1980 -637
1977 -1502
1974 -1442
1971 782
1968 -1404
1965 -795
1962 1303
1959 -783
1956 -522
1953 -1684
1950 -1340
1947 -1195
1944 -960
1941 125
1938 1259
1935 -968
1932 1523
1929 1679
1926 298
1923 -627
1920 -1418
1917 -1076
1914 -1173
1911 -851
1908 1971
1905 1724
1902 1476
1899 -1529
1896 835
1893 -864
1890 -524
1887 -1090
1884 -1998
1881 1432
1878 1908
1875 -1750
1872 1538
1869 1804
1866 9
1863 -1689
1860 -220
1857 -957
1854 1242
1851 4
1848 -1222
1845 650
1842 -995
1839 -72
1836 -1728
1833 1913
1830 722
1827 744
1824 1041
1821 -518
1818 -1536
1815 1908
1812 -920
1809 -399
1806 1521
1803 -999
1800 1818
1797 101
1794 534
1791 191
1788 -1373
1785 1646
1782 -1249
1779 1718
1776 1984
1773 -1449
1770 -1494
1767 583
1764 -1296
1761 -170
1758 725
1755 -792
1752 663
1749 1118
1746 -1352
1743 -108
1740 1599
1737 1685
1734 -1446
1731 983
1728 -1038
1725 1401
1722 917
1719 1631
1716 130
1713 -377
1710 -656
1707 1857
1704 -2016
1701 29
1698 -1074
1695 1814
1692 -1499
1689 621
1689 BOTTOMOFSTACK

2007 1551
2004 1883
2001 597
1998 1998
1995 1414
1992 1269
1989 -1442
1986 1390
1983 1751
1980 1026
1977 -744
1974 -79
1971 -245
1968 832
1965 -327
1962 347
1962 BOTTOMOFSTACK

2013 1543
2010 378
2007 666
2004 777
2001 2001
1998 1033
1995 -1214
1992 1330
1989 -1813
1986 1877
1983 1899
1980 1628
1977 1470
1974 477
1971 -1806
1968 1328
1965 1465
1962 -472
1959 -329
1956 1042
1953 -1453
1950 1620
1947 1968
1944 -1569
1941 775
1938 1358
1935 -1085
1932 1766
1929 -156
1926 -1182
1923 1437
1920 1249
1917 -1293
1914 -1498
1911 1590
1908 1014
1905 522
1902 -679
1899 -1048
1896 1166
1893 -1507
1890 1299
1887 1339
1884 -1330
1881 -1539
1878 -175
1875 -780
1872 -1491
1869 -884
1866 -1980
1863 -1968
1860 359
1857 -223
1854 -142
1851 1252
1848 -325
1845 -1288
1842 -766
1839 -461
1836 1849
1833 -657
1830 -387
1827 -681
1824 171
1821 -743
1818 -1895
1815 -233
1812 -30
1809 -468
1806 1768
1803 2026
1800 -613
1797 -724
1794 710
1791 -248
1788 523
1785 -1602
1782 -1389
1779 -1187
1776 -204
1773 -822
1770 1224
1767 -1062
1764 26
1761 -806
1758 -1174
1755 -1243
1752 -767
1749 -524
1746 256
1743 1578
1740 301
1737 -1166
1734 -575
1731 1158
1728 638
1725 -63
1722 1572
1719 784
1716 99
1713 441
1710 -425
1707 447
1704 890
1701 -1862
1698 844
1695 1687
1692 326
1692 BOTTOMOFSTACK

