2013 1574
2010 23
2007 2007
2004 -1916
2001 1593
1998 -1889
1995 1016
1992 -1076
1989 1406
1986 20
1983 -1235
1980 -418
1977 1343
1974 841
1971 -959
1968 1838
1965 887
1962 1758
1959 411
1956 -1111
1953 1676
1950 1135
1947 -854
1944 1634
1941 -401
1938 -470
1935 192
1932 -1536
1929 -2035
1926 868
1923 -1371
1920 691
1917 -452
1914 1798
1911 1350
1908 -1005
1905 1200
1902 901
1899 1913
1896 -794
1893 1706
1890 -325
1887 -1735
1884 1889
1881 -2016
1878 1492
1875 1160
1872 -1724
1869 -326
1866 71
1863 -1608
1860 -675
1857 1755
1854 905
1851 666
1848 53
1845 -1701
1842 -1929
1839 -46
1836 -115
1833 1510
1830 -391
1827 1065
1824 -1788
1821 -999
1818 1696
1815 1971
1812 1799
1809 -939
1806 1533
1806 BOTTOMOFSTACK

