2004 87
2001 13
1998 1998
1995 941
1992 -394
1989 690
1986 1099
1983 -1891
1980 118
1977 -1931
1974 -2047
1971 -273
1968 -32
1965 -61
1962 1870
1959 4
1956 870
1953 -1576
1950 556
1947 1520
1944 -1151
1941 1490
1938 -1856
1935 997
1932 375
1929 -660
1926 -196
1923 -1118
1920 -1405
1917 1318
1914 -861
1911 -1416
1908 54
1905 -514
1902 1415
1899 1801
1896 -437
1893 1275
1890 449
1887 -1386
1884 -1670
1881 -750
1878 242
1875 -510
1872 -209
1869 315
1869 BOTTOMOFSTACK

2007 202
2004 186
2001 2001
1998 -921
1995 2024
1992 -1538
1989 78
1986 1684
1986 BOTTOMOFSTACK

2010 801
2007 1537
2004 1702
2001 1605
1998 357
1995 1995
1992 -1365
1989 -1269
1986 103
1983 1900
1980 921
1977 278
1974 303
1971 1332
1968 458
1965 -657
1962 304
1959 429
1956 1249
1953 1283
1950 282
1947 -912
1944 1961
1941 -921
1938 -1978
1935 833
1932 -1160
1929 1045
1926 766
1923 1835
1920 3
1917 1036
1914 -1831
1911 532
1908 -1745
1905 -1651
1902 1541
1899 69
1896 -348
1893 498
1890 -754
1887 -412
1884 59
1881 -1979
1878 -628
1875 1246
1872 -1236
1869 1876
1866 1457
1863 948
1860 -13
1857 562
1854 -388
1851 1736
1848 1384
1845 834
1842 1385
1839 -1767
1836 -1873
1833 -1509
1830 -2005
1827 -317
1824 -1033
1821 384
1818 1271
1815 -1314
1812 -1412
1809 724
1806 -376
1803 1612
1800 -1110
1797 -453
1794 -657
1791 1796
1788 -340
1785 485
1782 565
1779 1910
1776 -1910
1776 BOTTOMOFSTACK

2013 1195
2010 950
2007 534
2004 2004
2001 -1033
1998 -6
1995 -1120
1992 -1510
1989 -1000
1986 -1290
1983 -348
1980 -1268
1977 365
1974 -154
1971 -1111
1968 -1391
1965 601
1962 -1220
1959 -1568
1956 334
1953 -1599
1950 -1703
1947 1997
1944 1209
1941 1925
1938 1190
1935 -105
1932 1636
1929 -426
1926 1301
1923 -999
1920 -861
1917 -276
1914 1199
1911 1865
1908 -1862
1905 332
1902 0
1899 -1865
1896 45
1893 511
1890 -1354
1887 -598
1884 -1488
1881 -385
1878 -1501
1875 -1865
1872 -215
1869 -810
1866 -1109
1863 -1556
1860 -803
1857 1920
1854 -476
1851 1250
1848 316
1845 -1851
1842 83
1839 821
1836 779
1833 -1136
1830 609
1827 919
1824 -19
1821 906
1818 -773
1815 -1287
1812 1659
1809 -867
1806 -3
1803 -1417
1800 601
1797 1920
1794 -1309
1791 -1368
1788 1705
1785 -1485
1782 -1635
1779 1786
1776 -864
1773 494
1770 -285
1767 559
1764 -1556
1761 883
1758 -1508
1755 708
1752 -1920
1749 -795
1746 -838
1743 205
1740 1759
1737 -2006
1734 -53
1731 -638
1728 -1810
1725 1862
1722 1195
1719 1889
1716 -1934
1713 -1701
1710 -780
1707 -1645
1704 427
1701 -1343
1698 805
1695 338
1692 -227
1689 -1470
1686 1736
1683 -296
1680 30
1677 516
1674 -183
1671 -1442
1668 -1300
1665 -735
1662 1867
1659 -1378
1656 -124
1653 -1103
1650 1428
1647 148
1644 -225
1641 1126
1638 361
1635 -626
1632 -1540
1629 993
1626 1047
1623 207
1620 -750
1617 0
1614 -932
1611 -1984
1608 -1929
1605 1843
1602 745
1599 890
1596 416
1593 1857
1590 1213
1587 1329
1584 1334
1581 475
1578 1456
1575 -2024
1572 -935
1569 1885
1566 -1495
1563 1766
1560 -920
1557 793
1554 -1912
1551 265
1548 722
1545 940
1542 1186
1539 -1692
1536 -1314
1533 1827
1530 -1580
1527 -6
1524 -1756
1521 1403
1518 -1969
1515 294
1512 354
1509 424
1506 -1720
1503 1140
1500 -275
1497 1610
1494 -1451
1491 -1194
1488 1075
1485 -444
1482 -1766
1479 1344
1476 323
1473 -25
1470 -1304
1467 -850
1464 340
1461 -1411
1458 -48
1455 -701
1452 235
1449 438
1446 -1532
1443 -630
1440 -1795
1437 478
1434 606
1431 -1052
1428 -54
1425 1273
1422 494
1419 694
1416 304
1413 169
1410 -824
1407 1218
1404 -1591
1401 -423
1398 1033
1395 -966
1392 1348
1389 229
1386 779
1383 -1758
1380 1366
1377 -1257
1374 -810
1371 -970
1368 910
1365 1191
1362 73
1359 -1566
1356 -1876
1353 -1358
1350 -137
1347 342
1344 -1865
1341 -856
1338 -119
1335 -1794
1332 -1925
1329 1084
1326 1788
1323 42
1320 -236
1317 116
1314 987
1311 149
1308 1039
1305 1891
1305 BOTTOMOFSTACK

2010 1211
2007 1718
2004 1434
2001 696
1998 1998
1995 -911
1992 -758
1989 -710
1986 499
1983 1624
1980 -34
1977 -981
1974 1969
1971 1486
1968 -1522
1965 -616
1962 1444
1959 -902
1956 -206
1953 1508
1950 1306
1947 761
1944 278
1941 1763
1938 -1113
1935 855
1932 216
1929 -1671
1926 -1523
1923 475
1920 1723
1917 280
1914 495
1911 1577
1908 -1070
1905 1322
1902 -1131
1899 -159
1896 -58
1893 1109
1890 366
1887 -40
1884 1887
1881 -55
1878 1464
1875 1350
1872 1620
1869 1814
1866 -1224
1863 789
1860 -416
1857 -1755
1854 1149
1851 1273
1848 -785
1845 -346
1842 667
1839 1229
1836 -1017
1833 -1188
1830 -294
1827 -146
1824 427
1821 -1486
1818 -504
1815 464
1812 1959
1809 -1361
1806 -1989
1803 -860
1800 -600
1797 498
1794 909
1791 -1828
1788 453
1785 42
1782 -853
1779 921
1776 -1400
1773 1824
1770 1688
1767 -160
1764 -1305
1761 463
1758 257
1755 -1683
1752 -442
1749 -1481
1746 -265
1743 928
1740 1575
1737 -87
1734 1442
1731 1353
1728 -271
1725 -1901
1722 1734
1722 BOTTOMOFSTACK

2034 1490
2031 879
2028 2028
2028 BOTTOMOFSTACK

2055 1035
2052 709
2049 397
2046 276
2043 1062
2040 2040
2037 0
2034 -1693
2031 -1479
2028 74
2025 -1391
2022 -361
2019 571
2016 -684
2013 914
2010 -1456
2007 586
2004 -978
2001 124
1998 780
1995 -1005
1992 -1788
1989 671
1986 -1921
1983 -252
1980 -1960
1977 1354
1974 866
1971 -189
1968 -942
1965 1990
1962 1640
1959 -609
1956 1682
1953 451
1950 -538
1947 1903
1944 -276
1941 -491
1938 1495
1935 -199
1932 -709
1929 371
1926 -830
1923 197
1920 987
1917 624
1914 1340
1911 237
1908 1499
1905 535
1902 1289
1899 1145
1896 -1637
1893 1917
1890 1145
1887 -71
1884 812
1881 -1055
1878 1854
1875 1094
1872 1732
1869 1467
1866 1792
1863 -1642
1860 1869
1857 972
1854 -44
1851 1120
1848 1618
1845 455
1842 -1693
1839 -906
1836 -578
1833 -1488
1830 -1966
1827 -1463
1824 383
1821 -1116
1818 1215
1815 -753
1812 -380
1809 618
1806 -1504
1803 -245
1800 -1725
1797 -1600
1794 1059
1791 -2044
1788 -544
1785 -145
1782 -583
1779 -1255
1776 297
1773 74
1770 1608
1767 -1152
1764 1330
1761 1697
1758 -1499
1755 210
1752 802
1749 1592
1746 -1312
1743 -2010
1740 -316
1737 634
1734 582
1731 601
1728 -1192
1725 437
1722 -1904
1719 -176
1716 1322
1713 -843
1710 466
1707 -168
1704 -143
1701 856
1698 1928
1695 -1335
1692 862
1689 -89
1686 1743
1683 -1873
1680 606
1677 214
1674 -830
1674 BOTTOMOFSTACK

2031 1444
2028 1115
2025 1230
2022 2022
2019 529
2016 -1279
2013 -1447
2010 1022
2007 -1631
2004 -766
2001 1265
1998 328
1995 573
1992 41
1989 69
1986 1487
1983 -141
1980 -398
1977 -182
1974 1309
1971 -722
1968 0
1965 -405
1962 -1188
1959 -449
1956 -2006
1953 -1488
1950 -32
1947 801
1944 -1210
1941 -1297
1938 -1489
1935 446
1932 1182
1929 1525
1926 -887
1923 -1905
1920 1721
1917 484
1914 0
1911 1218
1908 1840
1905 1816
1902 -1578
1899 -465
1899 BOTTOMOFSTACK

