2025 181
2022 870
2019 12
2016 2016
2013 1916
2010 33
2007 458
2004 798
2001 983
1998 -315
1995 338
1992 -563
1989 419
1986 1285
1983 1020
1980 1058
1977 1062
1974 5
1971 989
1968 168
1965 -256
1962 -999
1959 -1939
1956 -252
1953 1149
1950 -457
1947 -1340
1944 635
1941 904
1938 2029
1935 1352
1932 -22
1929 460
1926 -399
1923 281
1920 -427
1917 -1062
1914 -232
1911 1367
1908 -1432
1905 -1423
1902 806
1899 463
1896 -651
1893 1678
1890 267
1887 989
1884 -509
1881 -948
1878 -1646
1875 841
1872 35
1869 1080
1866 301
1863 695
1860 -506
1857 -1142
1854 118
1851 -505
1848 -1836
1845 -293
1842 319
1839 418
1836 -458
1833 -609
1830 986
1827 -212
1824 -1050
1821 -870
1818 -1182
1815 964
1812 1072
1809 -1778
1806 -634
1803 446
1800 -363
1797 -1868
1794 1679
1791 63
1788 1604
1785 -1155
1782 37
1779 -1941
1776 -848
1773 -1103
1770 -1942
1767 -126
1764 -957
1761 1979
1758 -1426
1755 -1794
1752 946
1749 1849
1746 -1099
1743 926
1740 2
1737 1352
1734 -1835
1731 1333
1728 -1223
1725 176
1722 1842
1719 1705
1716 -734
1713 1570
1710 1047
1707 460
1704 -1985
1701 -2044
1698 236
1695 1203
1692 -710
1689 1619
1686 -1631
1683 1084
1680 -2013
1677 802
1674 26
1671 -1999
1668 -1377
1665 -1733
1662 212
1659 1587
1656 1919
1653 -1039
1650 -1734
1647 -829
1644 689
1641 -81
1638 887
1635 -98
1632 -361
1629 460
1626 -514
1623 -1023
1620 -427
1617 -193
1614 -880
1611 -847
1608 -711
1605 706
1602 -270
1599 1637
1596 835
1593 -1901
1590 172
1587 715
1584 -1713
1581 -1820
1578 499
1575 1756
1572 -1919
1569 1571
1566 1337
1563 -715
1560 -866
1557 -1845
1554 -1780
1551 1071
1548 1925
1545 1317
1542 -523
1539 -184
1536 -617
1533 -620
1530 -52
1527 -748
1524 866
1521 -1392
1518 -1117
1515 -1045
1515 BOTTOMOFSTACK

