2049 1762
2046 1471
2043 1643
2040 33
2037 2037
2034 -853
2031 -1168
2028 2036
2025 -509
2022 -1496
2019 999
2016 340
2013 -811
2010 1415
2007 472
2004 -2024
2001 -591
1998 -750
1995 -1154
1992 -1195
1989 1943
1986 -1474
1983 1358
1980 1582
1977 831
1974 -222
1971 99
1968 -1137
1965 1682
1962 -1496
1959 1397
1956 -512
1953 -1376
1950 843
1947 505
1944 -911
1941 -813
1938 2034
1935 503
1932 -934
1929 239
1926 -752
1923 -1652
1920 -2033
1917 1511
1914 115
1911 46
1908 -737
1905 892
1902 2025
1899 1723
1896 927
1893 1494
1890 -346
1887 -1621
1884 -818
1881 1370
1878 -288
1875 1138
1872 -946
1869 -902
1866 1018
1863 988
1860 283
1857 -1257
1854 -672
1851 -978
1848 1531
1845 -2035
1842 -868
1839 1780
1836 -2045
1833 135
1830 -1348
1827 -1723
1824 -1972
1821 -1765
1818 325
1815 1482
1812 -847
1809 -1656
1806 -1104
1803 181
1800 627
1797 -392
1794 -387
1791 543
1788 1146
1785 129
1782 2023
1779 53
1776 1
1773 -788
1770 -1715
1767 -500
1764 1109
1761 117
1758 -1632
1755 1281
1752 1402
1749 -1330
1746 -1677
1743 1299
1740 -839
1737 1182
1734 -61
1731 610
1728 -183
1725 -876
1722 1846
1719 1506
1716 -330
1713 686
1710 -579
1707 1819
1704 -42
1701 0
1698 1894
1695 1179
1692 -1986
1689 -879
1686 -814
1683 -198
1680 -356
1677 -993
1674 168
1671 -132
1668 1877
1665 573
1662 -1187
1659 1417
1656 1707
1653 -1299
1650 772
1647 1595
1644 1269
1641 -1733
1638 -349
1635 547
1632 1139
1629 -1715
1626 -2016
1623 219
1620 329
1617 -116
1614 -741
1611 -1888
1608 927
1605 -1795
1602 -380
1599 -630
1596 -1183
1593 945
1590 -1687
1587 -1180
1584 142
1581 157
1578 -1373
1575 1249
1572 552
1569 -1795
1566 388
1563 -507
1560 83
1557 -1637
1554 835
1551 -1837
1548 511
1545 -1862
1542 -387
1539 -1474
1536 191
1533 1051
1530 1702
1527 -810
1524 1942
1521 891
1518 49
1515 1930
1512 -1553
1509 -577
1506 672
1503 -1009
1500 384
1497 1056
1494 -849
1491 -610
1488 -1630
1485 1863
1482 -922
1479 753
1476 324
1473 470
1470 -6
1467 -1644
1464 -187
1461 -782
1458 9
1455 -97
1452 -979
1449 145
1446 -1248
1443 1914
1440 78
1437 -106
1434 -1240
1431 1127
1428 -497
1425 -1763
1422 -1399
1419 1792
1416 44
1413 2014
1410 -420
1407 -1011
1404 1509
1401 -1668
1398 -439
1395 -871
1392 1324
1389 -803
1386 18
1383 1736
1380 -301
1377 238
1374 774
1371 -851
1368 207
1365 -202
1362 1298
1359 -1912
1356 -994
1353 1453
1350 -1847
1347 1288
1344 -1424
1341 -681
1338 1560
1335 -972
1332 1470
1329 -398
1326 -829
1323 -1709
1320 645
1317 1642
1314 -498
1311 844
1308 36
1305 175
1302 1328
1299 -730
1296 325
1293 432
1290 1362
1287 1856
1287 BOTTOMOFSTACK

2016 895
2013 544
2010 1689
2007 182
2004 189
2001 2001
1998 90
1995 -1398
1992 1936
1989 648
1986 -343
1983 -1151
1980 266
1977 1292
1974 619
1971 607
1968 -705
1965 -233
1962 -1687
1959 -930
1956 -547
1953 -1002
1950 -366
1947 748
1944 426
1941 1135
1938 -1423
1935 -1238
1932 665
1929 -1845
1926 1544
1923 -1073
1920 274
1917 -1679
1914 977
1911 -1205
1908 1030
1905 -1196
1902 1927
1899 553
1896 -1857
1893 367
1890 -117
1887 1498
1884 1545
1881 -991
1878 -1521
1875 -1409
1872 105
1869 -1782
1866 -224
1863 -162
1860 -1959
1857 743
1854 -179
1851 1331
1848 -1274
1848 BOTTOMOFSTACK

2028 1575
2025 1442
2022 1081
2019 378
2016 2016
2013 979
2010 -1549
2007 -1502
2004 1450
2001 1206
1998 915
1995 -784
1992 1076
1989 -377
1986 843
1983 1784
1980 -596
1977 -1567
1974 -946
1971 463
1968 2021
1965 1136
1962 -470
1959 -225
1956 -680
1953 879
1950 -1316
1947 -443
1944 -1291
1941 1893
1938 1471
1935 -1380
1932 1651
1929 -1725
1926 1861
1923 -720
1923 BOTTOMOFSTACK

2031 1873
2028 583
2025 1167
2022 1117
2019 537
2016 2016
2013 617
2010 -1397
2007 735
2004 1032
2001 1363
1998 -1424
1995 444
1992 497
1989 248
1986 -686
1983 651
1980 2031
1977 -937
1974 -1808
1971 1680
1968 1205
1965 1851
1962 -445
1959 705
1956 1842
1953 -1524
1950 1435
1947 -1415
1944 -1312
1941 1029
1938 1406
1935 -408
1932 1606
1929 -811
1926 -1672
1923 639
1920 983
1917 1494
1914 -113
1911 1285
1908 2041
1905 452
1902 263
1899 -499
1896 1528
1893 -863
1890 -1481
1887 -1385
1884 -187
1881 -1455
1878 -2001
1875 1566
1872 -364
1869 -1472
1866 -1417
1863 -1364
1860 1351
1857 -1713
1854 2033
1851 -113
1848 938
1845 680
1842 -1839
1839 -543
1836 -1073
1833 -811
1830 -1201
1827 463
1824 207
1821 -1436
1818 -1799
1815 74
1812 -23
1809 -355
1806 193
1803 490
1800 -84
1797 -1367
1794 1923
1791 497
1788 -1329
1785 808
1782 1369
1779 -1117
1776 21
1773 1369
1770 -825
1767 631
1764 1100
1761 415
1758 -1956
1755 -1827
1752 1342
1749 1790
1746 717
1743 303
1740 375
1737 391
1734 549
1731 -899
1728 879
1725 -1980
1722 370
1719 -761
1716 1503
1713 -1103
1710 -1434
1707 122
1704 -933
1701 -842
1698 257
1695 662
1692 -1088
1689 1442
1686 -2001
1683 -1679
1680 -421
1677 433
1674 1999
1671 -1512
1668 1870
1665 -155
1662 1237
1659 784
1656 1581
1653 1860
1650 502
1647 207
1644 -1060
1641 -105
1638 -1437
1638 BOTTOMOFSTACK

2013 1022
2010 49
2007 915
2004 726
2001 2001
1998 1386
1995 -1209
1992 414
1989 812
1986 -350
1983 -1663
1980 -302
1977 770
1974 -1508
1971 -948
1968 328
1965 -866
1962 -232
1959 230
1956 1595
1953 -1491
1950 1446
1947 485
1944 -1129
1941 1829
1938 506
1935 -1743
1932 -1215
1929 -1
1926 -1924
1923 980
1920 -285
1917 -1805
1914 -822
1911 -624
1908 -515
1905 -99
1902 45
1899 1990
1896 -613
1893 600
1890 -1111
1887 1143
1884 1032
1881 2010
1878 1488
1875 -461
1872 -417
1869 -1411
1866 -1347
1863 -1891
1860 -600
1857 -1444
1854 -971
1851 1729
1848 1358
1845 352
1842 684
1839 -752
1836 -1350
1833 -1902
1830 66
1827 -517
1824 1748
1821 -1048
1818 -532
1815 1441
1812 -1070
1809 -67
1806 923
1803 -174
1800 77
1797 280
1794 -614
1791 1641
1788 -1030
1785 -854
1782 1852
1779 -1480
1776 -969
1773 -404
1770 -605
1767 1812
1764 -923
1761 -1887
1758 1179
1755 -74
1752 -636
1749 1325
1749 BOTTOMOFSTACK

2046 990
2043 1320
2040 1173
2037 77
2034 903
2031 2031
2028 -769
2025 -1895
2022 1416
2019 -1961
2016 -1687
2013 -1370
2010 -1932
2007 876
2004 614
2001 -400
1998 -1271
1995 1457
1992 1647
1989 -490
1986 -802
1983 1306
1980 -1570
1977 762
1974 -637
1971 -544
1968 -1206
1965 -1466
1962 533
1959 1026
1956 -1712
1953 1210
1950 -430
1947 -605
1944 -761
1941 202
1938 996
1935 737
1932 860
1929 -32
1926 251
1923 -7
1920 1812
1917 434
1914 354
1911 -949
1908 1801
1905 -1979
1902 -31
1899 2042
1896 -313
1893 -1720
1890 -679
1887 -1388
1884 1614
1881 668
1878 908
1875 1538
1872 -160
1869 1402
1866 -1008
1863 -1879
1860 1534
1857 -704
1854 -1700
1851 1870
1851 BOTTOMOFSTACK

2043 425
2040 56
2037 966
2034 488
2031 1056
2028 2028
2025 708
2022 74
2019 649
2016 -587
2013 775
2010 167
2007 -1642
2004 -840
2001 500
1998 6
1995 793
1992 -748
1989 781
1986 206
1983 -224
1980 1640
1977 -1944
1974 -952
1971 453
1968 -627
1965 809
1962 1637
1959 1459
1956 -1484
1953 -913
1950 -566
1947 -608
1944 1583
1941 -945
1938 261
1935 1018
1932 1812
1929 -486
1926 688
1923 -534
1920 1357
1917 1106
1914 -1377
1911 2015
1908 1391
1905 -1838
1902 1202
1899 913
1896 -1015
1893 805
1890 1604
1887 188
1884 -1216
1881 -1595
1878 1842
1875 671
1872 -879
1869 1973
1866 792
1863 903
1860 1785
1857 1705
1854 1366
1851 1521
1848 1020
1845 1131
1842 232
1839 -1271
1836 -1946
1833 -925
1830 1768
1827 1043
1824 1257
1821 -545
1818 353
1815 -338
1812 511
1809 -1415
1806 1779
1803 730
1800 -793
1797 192
1794 1486
1791 -1728
1788 -1929
1785 1319
1785 BOTTOMOFSTACK

