2007 274
2004 513
2001 1628
1998 30
1995 1995
1992 887
1989 1070
1986 -1432
1983 -1916
1980 1857
1977 -778
1974 -188
1971 -50
1968 -936
1965 364
1962 825
1959 -174
1956 374
1953 -430
1950 -358
1947 295
1944 -1998
1941 1695
1938 0
1935 -841
1932 30
1929 -1820
1926 1393
1923 -1437
1920 -1010
1917 782
1914 9
1911 -869
1908 1258
1905 -232
1902 1211
1899 -261
1896 -2021
1893 518
1890 -717
1887 -1477
1884 1483
1881 639
1878 1898
1875 -38
1872 -109
1869 113
1866 4
1863 -1288
1860 -1475
1857 2027
1854 226
1851 920
1848 390
1845 137
1842 -1707
1839 -142
1836 -150
1833 67
1830 -1450
1827 624
1824 -966
1821 594
1818 1115
1815 -1961
1812 160
1809 -1860
1806 653
1803 415
1800 1
1797 134
1794 -1207
1791 -512
1788 684
1785 -1199
1782 -1915
1779 18
1776 -1471
1773 1582
1770 -247
1767 -1175
1764 1639
1761 -1286
1758 -81
1755 -885
1752 -1366
1749 993
1746 381
1743 1259
1740 428
1737 1236
1734 -795
1731 -1736
1728 1566
1725 1904
1722 -937
1719 -1097
1716 -2003
1713 -1402
1710 1136
1707 932
1704 -1250
1701 1710
1698 -1418
1695 498
1692 1881
1689 -1726
1686 1201
1683 -1144
1680 -1280
1677 740
1674 -1480
1671 1692
1668 -587
1665 -1061
1662 -1332
1659 -1350
1656 -1073
1653 -1501
1650 -1932
1647 -1997
1644 -871
1641 -1431
1638 1904
1635 839
1632 1800
1629 178
1626 -192
1623 1640
1620 -308
1617 191
1614 -1283
1611 -1762
1608 -860
1605 165
1602 -1635
1599 -734
1596 848
1593 -1094
1590 -1899
1587 1338
1584 609
1581 -1032
1578 -686
1575 1256
1572 -268
1569 -920
1566 -716
1563 242
1560 -242
1557 -1632
1554 1391
1551 285
1548 -1597
1545 -316
1542 -1706
1539 -1863
1536 561
1533 1382
1530 890
1527 1481
1524 -1574
1521 1801
1518 -290
1515 632
1512 -618
1509 -243
1506 -1703
1503 1841
1500 1361
1497 891
1494 -560
1491 803
1488 -1946
1485 -1589
1482 -101
1479 696
1476 -963
1473 605
1470 -391
1467 785
1467 BOTTOMOFSTACK

2049 1635
2046 284
2043 1687
2040 925
2037 228
2034 2034
2034 BOTTOMOFSTACK

2043 195
2040 331
2037 387
2034 2034
2031 0
2028 -1334
2025 -875
2022 -1807
2019 -767
2016 1934
2013 -1828
2010 932
2007 -1015
2004 628
2001 627
1998 -103
1995 -978
1992 -380
1989 -739
1986 1710
1983 -1144
1980 1127
1977 488
1974 1239
1971 -249
1968 -802
1965 -1968
1962 1562
1959 1058
1956 1768
1953 -1500
1950 798
1947 247
1944 -1896
1941 862
1938 1539
1935 -1722
1932 -609
1929 1889
1926 955
1923 62
1920 -608
1917 9
1914 1352
1911 -436
1908 -1697
1905 922
1902 -1495
1899 -1383
1896 -231
1893 -1149
1890 -1823
1887 292
1884 38
1881 -1299
1878 272
1875 1267
1872 1238
1869 744
1866 692
1863 995
1860 1111
1857 -1519
1854 -1464
1851 -344
1848 -1726
1845 -2006
1842 -1714
1839 -63
1836 632
1833 749
1830 -535
1827 -778
1824 622
1821 -1263
1818 -1385
1815 -1332
1812 1096
1809 155
1806 953
1803 229
1800 -675
1797 -1934
1794 1001
1791 1755
1788 -350
1785 -1523
1782 321
1779 555
1776 1437
1773 -777
1770 1273
1767 -13
1764 803
1761 285
1758 -1636
1755 792
1752 1774
1749 6
1746 1473
1743 710
1740 2036
1737 1231
1734 -936
1731 121
1728 670
1725 -234
1722 1294
1719 -1150
1716 -1291
1713 1360
1710 56
1707 -763
1704 -887
1701 229
1698 1882
1695 75
1692 895
1689 -839
1686 1118
1683 -350
1680 1839
1680 BOTTOMOFSTACK

2043 36
2040 431
2037 576
2034 2034
2031 515
2028 -1219
2025 -863
2022 255
2019 1386
2016 1882
2013 -1573
2010 1365
2007 1787
2004 675
2001 -2011
1998 -760
1995 807
1992 1464
1989 179
1986 1959
1983 -389
1980 -945
1977 -154
1974 -1391
1971 -1310
1968 -618
1965 839
1962 -1844
1959 -571
1956 644
1953 -2025
1950 1348
1947 -328
1944 1098
1941 -1777
1938 814
1935 -316
1932 -229
1929 -1657
1926 1453
1923 1940
1920 1073
1917 456
1914 120
1911 125
1908 1449
1905 -1653
1902 0
1899 -26
1896 463
1893 -345
1890 1453
1887 -662
1884 -1673
1881 -1709
1878 -1185
1875 1222
1872 1801
1869 358
1866 -458
1863 -1685
1860 83
1857 1219
1854 -1243
1851 -1969
1848 -1049
1845 -994
1842 100
1839 -416
1836 1758
1833 -8
1830 490
1827 1247
1824 197
1821 -601
1818 1886
1815 174
1812 1231
1809 665
1806 -1900
1803 1106
1800 -420
1797 1597
1794 157
1791 -1587
1788 -46
1785 844
1782 79
1779 239
1776 763
1773 179
1770 -206
1767 -540
1764 -1307
1761 -1936
1758 -2043
1755 -672
1752 -451
1749 -1964
1746 -1370
1743 1770
1740 -440
1737 -1526
1734 633
1731 -1902
1728 -334
1725 -1326
1722 -1301
1719 -16
1716 1484
1713 -542
1710 1574
1707 1234
1704 1384
1701 -757
1698 780
1695 -178
1692 1571
1689 1849
1686 -1103
1683 663
1680 -1787
1677 1606
1674 1513
1671 400
1668 -1187
1665 475
1662 593
1659 1786
1656 -4
1653 1572
1650 -1897
1647 -116
1644 -25
1641 771
1638 -852
1635 1552
1632 1638
1629 114
1626 1392
1623 -574
1620 -310
1617 1807
1614 -1280
1614 BOTTOMOFSTACK

2010 1742
2007 389
2004 1112
2001 756
1998 1998
1995 1411
1992 1888
1989 -346
1986 565
1983 828
1980 -1643
1977 -1907
1974 -1443
1971 -721
1968 -1277
1965 -1527
1962 924
1959 1398
1956 523
1953 1061
1950 1307
1947 -1881
1944 -1522
1941 -874
1938 -819
1935 970
1932 -1965
1929 -455
1926 -839
1923 -505
1920 -1397
1917 -496
1914 -970
1911 -1670
1908 -1302
1905 -1715
1902 1657
1899 -1597
1896 1203
1893 -1441
1890 792
1887 1246
1884 -430
1881 -1912
1878 1146
1875 814
1872 396
1869 -1567
1866 655
1863 1930
1860 -1331
1857 1528
1854 1692
1851 408
1848 -1751
1845 436
1842 -1027
1839 -1839
1836 1565
1833 1284
1830 1926
1827 -1667
1824 -60
1821 1165
1818 -1981
1815 938
1812 -1811
1809 -1806
1806 467
1803 -1382
1800 1582
1797 -1927
1794 1923
1791 -163
1788 306
1785 -122
1782 1902
1779 -1867
1776 -1382
1773 -1632
1770 1274
1767 1733
1764 -1534
1761 -706
1758 -1295
1755 830
1752 1384
1749 508
1746 -195
1743 1259
1740 2021
1740 BOTTOMOFSTACK

