2049 1264
2046 1863
2043 816
2040 19
2037 2037
2034 -1555
2031 218
2028 -76
2025 1673
2022 1807
2019 615
2016 1995
2013 -244
2010 -1170
2007 1275
2004 -1502
2001 -2036
1998 -350
1995 566
1992 -163
1989 540
1986 276
1983 2006
1980 1683
1977 -1884
1974 -1640
1971 1092
1968 -1298
1965 2037
1962 -489
1959 -1466
1956 -477
1953 1095
1950 894
1947 -836
1944 1331
1941 -1321
1938 481
1935 -1368
1932 -1290
1929 450
1926 764
1923 1919
1920 -1960
1917 2022
1914 1593
1911 -1276
1908 -756
1905 729
1902 -1101
1899 1235
1896 277
1893 -1474
1890 85
1887 614
1884 -2007
1881 -1849
1878 1848
1875 -538
1872 143
1869 -556
1866 -274
1863 1498
1860 1010
1857 136
1854 362
1851 1584
1848 1467
1845 -971
1842 -184
1839 -1119
1836 460
1833 93
1833 BOTTOMOFSTACK

