2010 1161
2007 1511
2004 1955
2001 2028
1998 30
1995 1995
1992 -1280
1989 -1427
1986 -662
1983 -562
1980 1286
1977 848
1974 1775
1971 -1104
1968 -1624
1965 -494
1962 -1732
1959 1213
1956 -221
1953 -710
1950 1634
1947 1924
1944 20
1941 188
1938 -954
1935 305
1932 372
1929 -1196
1926 -512
1923 -1073
1920 -1699
1917 1737
1914 1650
1911 523
1908 -97
1905 -1654
1902 197
1899 -1279
1896 -1025
1893 1214
1890 -1684
1887 -775
1884 -40
1881 473
1878 -22
1875 155
1872 -1520
1869 -554
1866 897
1863 -1647
1860 1351
1857 -1386
1854 -825
1851 1638
1848 1663
1845 -569
1842 -1916
1839 1767
1836 -125
1833 1161
1830 1881
1827 1700
1824 1743
1821 1908
1818 -791
1815 1177
1812 568
1809 -1072
1806 1058
1803 -623
1800 1211
1797 -598
1794 23
1791 1816
1788 -1185
1785 750
1782 -1936
1779 -494
1776 1117
1773 778
1770 381
1767 551
1764 -693
1761 -1662
1758 231
1755 1451
1752 1802
1749 -1238
1746 -517
1743 415
1740 1798
1737 -1616
1734 390
1731 -75
1728 -204
1725 644
1722 660
1719 380
1716 360
1713 1896
1710 1336
1707 156
1704 -1473
1701 1369
1698 742
1695 1890
1692 1880
1689 990
1686 537
1683 210
1680 -341
1677 1894
1674 -1430
1671 1399
1668 -813
1665 879
1662 1492
1659 477
1656 308
1653 -1859
1650 788
1647 -751
1644 -1991
1641 1481
1638 201
1635 883
1632 313
1629 2002
1626 1995
1623 989
1620 -854
1617 1862
1614 717
1611 428
1608 1281
1605 1102
1602 -1660
1599 -1659
1596 -1187
1593 1198
1590 -604
1587 1971
1584 1608
1581 1048
1578 1564
1575 -508
1572 68
1569 1519
1566 -1146
1563 -646
1560 1412
1557 -1603
1554 -993
1551 -1795
1548 1430
1545 -1732
1542 -105
1539 -615
1536 1702
1533 -2029
1530 -898
1527 -1818
1524 1903
1521 -94
1518 -1830
1515 1436
1512 -541
1509 1442
1506 639
1503 -496
1500 -883
1497 -1674
1494 1603
1491 -1004
1488 -1485
1485 -1723
1482 839
1479 -1836
1476 -365
1473 1593
1470 1831
1467 1938
1464 -1070
1461 1005
1458 -735
1455 1090
1452 830
1449 -1578
1446 1489
1443 -907
1440 211
1437 -500
1434 1834
1431 332
1431 BOTTOMOFSTACK

2040 156
2037 236
2034 1583
2031 186
2028 2028
2025 0
2022 -1277
2019 34
2016 -10
2013 232
2010 -1345
2007 1144
2004 634
2001 -1697
1998 56
1995 -79
1992 -1327
1989 -1758
1986 -1503
1983 -1358
1980 290
1977 254
1974 421
1971 262
1968 -1945
1965 1491
1962 443
1959 554
1956 -207
1953 1631
1950 -1385
1947 -129
1944 -333
1941 -1937
1938 1842
1935 -985
1932 756
1929 -949
1926 841
1923 2032
1920 -1018
1917 1779
1914 1120
1911 -1956
1908 1540
1905 817
1902 -639
1899 1474
1896 -428
1893 831
1890 611
1887 -572
1884 1406
1881 -1085
1878 1335
1875 815
1872 -392
1869 548
1866 -1630
1863 -256
1860 1026
1857 -623
1854 743
1851 -256
1848 638
1845 602
1842 -16
1839 -1074
1836 -1663
1833 1152
1830 977
1827 601
1824 1447
1821 -99
1818 558
1815 1797
1812 -62
1809 777
1806 -1156
1803 1796
1800 1140
1797 -918
1794 -1462
1791 933
1788 203
1785 -267
1782 -482
1779 -428
1776 -1791
1773 1811
1770 1732
1767 89
1764 -555
1761 -143
1758 736
1755 -1151
1752 88
1749 1692
1746 2021
1743 1056
1740 -137
1737 -832
1734 1168
1731 -1444
1728 -1374
1725 1570
1722 1567
1719 1843
1716 -362
1713 -745
1710 1710
1707 1747
1704 -1583
1701 -1370
1698 -1147
1695 1717
1695 BOTTOMOFSTACK

2040 78
2037 881
2034 678
2031 1959
2028 351
2025 2025
2022 1842
2019 -1017
2016 904
2013 -184
2010 1378
2007 1190
2004 1125
2001 1823
1998 -1133
1995 -256
1992 -1686
1989 532
1986 -588
1983 -1085
1980 804
1977 -287
1974 -2006
1971 -884
1968 -1465
1965 330
1962 -1477
1959 1044
1956 -1736
1953 1843
1950 -726
1947 1700
1944 832
1941 -1085
1938 -1715
1935 75
1932 1048
1929 1155
1926 94
1923 340
1920 520
1917 -1254
1914 1748
1911 -1948
1908 444
1905 297
1902 1884
1899 414
1896 855
1893 -1948
1890 431
1887 1933
1884 -515
1881 -822
1878 -199
1875 1469
1872 -204
1869 1393
1866 -571
1863 -1896
1860 1484
1857 9
1854 -952
1851 695
1848 544
1845 -913
1842 1785
1839 1689
1836 1048
1833 1266
1830 -512
1827 -1914
1824 1892
1821 -919
1818 -1068
1815 -917
1812 675
1809 969
1806 -1103
1803 -809
1800 -1654
1797 -1310
1794 -800
1791 -1782
1788 -295
1785 1022
1782 -1971
1779 -123
1776 705
1773 -846
1770 -810
1767 1236
1764 911
1761 -2019
1758 -688
1755 1374
1752 -1168
1749 -1557
1746 1447
1743 1773
1740 -1983
1737 -1215
1734 -154
1731 1661
1728 -1791
1728 BOTTOMOFSTACK

2052 604
2049 2008
2046 1238
2043 1036
2040 528
2037 2037
2037 BOTTOMOFSTACK

2019 1792
2016 1657
2013 1599
2010 788
2007 705
2004 2004
2001 0
1998 -749
1995 -1108
1992 -1576
1989 -587
1986 -1394
1983 -1435
1980 -1767
1977 542
1974 -1245
1971 915
1968 -1205
1965 1494
1962 -475
1959 -865
1956 1799
1953 -1387
1950 -517
1947 -1355
1944 -1479
1941 451
1938 -927
1935 -936
1932 -206
1929 1631
1926 1793
1923 1078
1920 16
1917 -1033
1914 -155
1911 80
1908 -1574
1905 -609
1905 BOTTOMOFSTACK

2046 937
2043 839
2040 1094
2037 899
2034 873
2031 2031
2028 0
2025 533
2022 487
2019 1871
2016 -1314
2013 -1843
2010 -1296
2007 -1555
2004 -1844
2001 -1937
1998 1176
1995 676
1992 -1498
1989 1381
1986 733
1983 2
1980 1512
1977 1217
1974 -1132
1971 1518
1968 -651
1965 -1542
1962 1568
1959 -726
1956 462
1953 742
1950 153
1947 -807
1944 1378
1941 -51
1938 1152
1935 -1415
1932 -1878
1929 363
1926 1084
1923 1932
1923 BOTTOMOFSTACK

2031 697
2028 1038
2025 2025
2022 -1287
2019 -699
2016 606
2013 1822
2010 -126
2007 -801
2004 -1188
2001 607
1998 -673
1995 -1177
1992 193
1989 -1502
1986 -845
1983 1519
1980 1910
1977 -907
1974 74
1971 -722
1968 -624
1965 720
1962 355
1959 -2039
1956 -1216
1953 -479
1950 -1317
1947 377
1944 1521
1941 1167
1938 -333
1935 518
1932 -1556
1929 -1484
1926 331
1923 -400
1920 653
1917 -1649
1914 400
1911 -940
1908 -937
1905 -1393
1902 -1830
1899 -1215
1896 -255
1893 1257
1890 -633
1887 46
1884 1041
1881 -1498
1878 -604
1875 1256
1872 -707
1869 1381
1866 -1194
1863 -1056
1860 1004
1857 -366
1854 -863
1851 -456
1848 -1697
1845 -773
1842 -1257
1839 -2022
1836 914
1833 -704
1830 1535
1827 -225
1824 206
1821 -1423
1818 -923
1815 -1265
1812 -1456
1809 794
1806 1503
1803 2040
1800 1540
1797 -1896
1794 -1413
1791 -672
1788 -540
1785 -11
1782 -156
1779 1154
1776 -1803
1773 -1181
1770 1242
1767 1330
1764 -40
1761 -1733
1758 -1576
1755 -277
1752 -1148
1749 1024
1746 1676
1743 974
1740 -517
1737 1345
1734 2023
1731 -587
1728 -1209
1725 426
1722 1544
1719 -485
1716 562
1713 -473
1710 -262
1707 1054
1704 681
1701 1342
1698 -353
1695 -1013
1692 1028
1689 -1729
1686 -260
1686 BOTTOMOFSTACK

