2034 1726
2031 267
2028 476
2025 1371
2022 37
2019 2019
2016 0
2013 -1044
2010 1271
2007 312
2004 1960
2001 296
1998 872
1995 -1866
1992 -779
1989 -2020
1986 -810
1983 868
1980 1190
1977 303
1974 1904
1971 2023
1968 1696
1965 846
1962 1379
1959 626
1956 -295
1953 -256
1950 1501
1947 -31
1944 -367
1941 -791
1938 -897
1935 825
1932 143
1929 -2019
1926 1107
1923 376
1920 -1178
1917 1228
1914 1985
1911 -910
1908 976
1905 -1152
1902 147
1899 -1242
1896 -1335
1893 -1741
1890 1662
1887 1206
1884 -172
1881 1797
1878 -925
1875 514
1872 -540
1869 188
1866 -307
1863 -1221
1860 2000
1857 -1949
1854 -930
1851 1744
1848 38
1845 1555
1842 -1735
1839 -1394
1836 -269
1833 981
1830 -623
1827 1351
1824 -766
1821 -1620
1818 -216
1815 1822
1812 -693
1809 668
1806 -1807
1803 -1156
1800 -1128
1797 1531
1794 -993
1791 -1518
1788 444
1785 188
1782 -1264
1779 1365
1776 -460
1773 -1339
1770 925
1767 1252
1764 -463
1761 1452
1758 -721
1755 1686
1752 -592
1749 1519
1746 -1556
1743 -888
1740 -1040
1737 1527
1734 2029
1731 -1343
1728 1925
1725 223
1722 -339
1719 1210
1716 -523
1713 72
1710 1292
1707 -664
1704 882
1701 1143
1701 BOTTOMOFSTACK

2055 554
2052 1335
2049 216
2046 1911
2043 201
2040 2040
2040 BOTTOMOFSTACK

2004 1450
2001 378
1998 1998
1995 1210
1992 -522
1989 -889
1986 809
1983 1552
1980 837
1977 939
1974 750
1971 943
1968 -507
1965 -977
1962 -913
1959 -874
1956 -1724
1953 166
1950 2041
1947 -261
1944 595
1941 -1099
1938 -1819
1935 -53
1932 -1120
1929 970
1926 -1149
1923 1811
1920 -1037
1917 1219
1914 1082
1911 1449
1908 -1622
1905 908
1902 389
1902 BOTTOMOFSTACK

2043 1025
2040 1674
2037 1405
2034 552
2031 2031
2028 801
2025 1145
2022 377
2019 -198
2016 -97
2013 -1841
2010 1358
2007 -728
2004 354
2001 1989
1998 -1895
1995 -730
1992 1383
1989 1059
1986 597
1983 -751
1980 1429
1977 1101
1974 724
1971 2023
1968 -1463
1968 BOTTOMOFSTACK

2028 1462
2025 571
2022 1854
2019 738
2016 2016
2013 1280
2010 793
2007 -516
2004 -1855
2001 1100
1998 207
1995 1620
1992 -1052
1989 -1282
1986 1945
1983 -755
1980 1235
1977 -1912
1974 1667
1971 338
1968 1643
1965 1779
1962 640
1959 1726
1956 1985
1953 -102
1950 1207
1947 -1302
1944 3
1941 918
1938 -1773
1935 -352
1932 262
1929 -326
1926 72
1923 438
1920 -290
1917 -844
1914 -889
1911 -938
1908 1015
1905 109
1902 -1875
1899 1894
1896 1507
1893 -848
1890 57
1887 -1159
1884 2023
1881 266
1878 608
1875 1984
1872 -996
1869 -1876
1866 1521
1863 569
1860 1496
1857 -716
1854 -1652
1851 1699
1848 -1494
1845 -1750
1842 -569
1839 -2027
1836 -1989
1833 180
1830 -1196
1827 413
1824 1536
1821 -604
1818 -1004
1815 -1470
1812 -1868
1809 1363
1806 -812
1803 -35
1800 -1657
1797 -1466
1794 -742
1791 -1807
1788 -204
1785 -868
1782 1848
1779 1124
1776 1190
1773 420
1770 1829
1767 813
1764 -1593
1761 -856
1758 1883
1755 -864
1752 -1351
1749 1401
1746 -816
1743 -866
1740 -412
1737 -1415
1734 114
1731 -115
1728 -381
1725 1668
1722 -1599
1719 -1757
1716 1069
1713 -417
1710 -613
1707 408
1704 -173
1701 -114
1698 1209
1695 811
1692 -1097
1689 706
1686 -984
1683 810
1680 725
1677 -1679
1674 -1030
1671 1549
1668 1384
1665 1418
1662 -579
1659 -561
1656 672
1653 -1235
1650 -89
1647 352
1644 311
1641 -661
1638 -732
1635 -1441
1632 -756
1629 626
1626 -692
1623 -881
1620 -1915
1617 1702
1614 1484
1611 -1296
1608 1353
1605 -1665
1602 370
1599 -1679
1596 -483
1593 268
1590 -2039
1587 -933
1584 1994
1581 1437
1578 -357
1575 -385
1572 -784
1569 1475
1566 925
1563 -1987
1560 -17
1557 3
1554 1486
1551 1148
1548 -722
1545 -1807
1542 1089
1539 -1931
1536 481
1533 1354
1530 -1374
1527 951
1524 1307
1521 -1903
1518 -1720
1515 1341
1512 476
1509 2
1506 144
1503 -2018
1500 -762
1497 312
1494 -1848
1491 1029
1488 1786
1485 -191
1482 1571
1479 -147
1476 12
1473 -649
1470 543
1467 1724
1464 -252
1461 448
1458 1160
1455 -849
1452 -1883
1449 1923
1446 185
1443 -1091
1440 -578
1437 1393
1434 815
1431 1877
1428 1305
1425 -596
1422 -146
1419 0
1416 -331
1413 -1768
1410 1094
1407 -1004
1404 1753
1401 235
1398 -1477
1395 -1034
1392 -1756
1389 1325
1386 -871
1383 1793
1380 1443
1377 1980
1374 544
1371 -760
1368 -33
1365 588
1362 1986
1359 -237
1356 1365
1353 2018
1350 9
1347 -1337
1344 1283
1341 -720
1338 -1525
1335 -1781
1332 -158
1329 215
1326 597
1323 1142
1320 366
1317 1863
1314 -816
1311 1044
1308 1010
1305 68
1302 421
1302 BOTTOMOFSTACK

2034 88
2031 1677
2028 1551
2025 255
2022 903
2019 2019
2016 -1568
2013 -284
2010 -589
2007 -5
2004 1921
2001 -698
1998 909
1995 -994
1992 -346
1989 -1622
1986 -190
1983 -708
1980 -148
1977 1081
1974 -549
1971 1181
1968 -1865
1965 -1296
1962 -1773
1959 -740
1956 1907
1953 105
1950 -6
1947 -1692
1944 41
1941 -187
1938 -778
1935 1918
1932 -1833
1929 622
1926 -454
1923 1849
1920 795
1917 -1735
1914 -1867
1911 315
1908 1839
1905 -1458
1902 -996
1899 810
1896 -2031
1893 1455
1890 1193
1887 -1573
1884 -234
1881 -1960
1878 -1749
1875 -722
1872 538
1869 1259
1866 1825
1863 1995
1860 -1747
1857 470
1854 519
1851 122
1848 1246
1845 645
1842 -1921
1839 -5
1836 1401
1833 1974
1830 -1208
1827 -2031
1824 -1461
1821 -1089
1818 890
1815 369
1812 231
1809 -1717
1806 -964
1803 -2047
1800 -540
1797 -1610
1794 -1773
1791 2022
1788 1674
1785 352
1782 -501
1779 -337
1776 -196
1773 517
1770 107
1767 -1199
1764 824
1764 BOTTOMOFSTACK

2004 1503
2001 1059
1998 1998
1995 -1870
1992 1224
1989 -620
1986 -50
1983 1801
1980 -162
1977 1313
1974 918
1971 104
1968 553
1965 488
1962 -1098
1959 -851
1956 1686
1953 671
1950 689
1947 272
1944 -828
1941 -314
1938 -1408
1935 1924
1932 1138
1932 BOTTOMOFSTACK

2031 1501
2028 390
2025 1230
2022 2022
2019 621
2016 -434
2013 487
2010 -737
2007 -1812
2004 160
2001 -1728
1998 -1665
1995 1227
1992 1084
1989 -1104
1986 -1780
1983 -1601
1980 -304
1977 522
1974 -209
1971 1839
1968 -975
1965 1953
1962 -833
1959 -1901
1956 -202
1953 -435
1950 -1584
1947 90
1944 -888
1941 1086
1938 1382
1935 1983
1932 713
1929 1894
1926 -825
1923 1883
1920 -885
1917 -1801
1914 333
1911 -1317
1908 1243
1905 -493
1902 927
1899 -416
1896 -807
1893 1420
1890 1414
1887 -1283
1884 1665
1881 -1985
1878 1547
1875 -2021
1872 1944
1869 410
1866 -1973
1863 -1840
1860 1138
1857 -292
1854 -993
1851 -593
1848 1987
1845 -1687
1842 1078
1839 -1102
1836 576
1833 457
1830 -1713
1827 -1684
1824 -269
1821 313
1818 951
1815 -1225
1812 -1672
1809 385
1806 846
1803 -1730
1800 1321
1797 305
1794 -1217
1791 -451
1788 -1054
1785 163
1782 1426
1779 -1912
1776 -56
1773 669
1770 -852
1767 -1829
1764 179
1761 429
1758 392
1755 1155
1752 333
1749 810
1746 310
1743 -787
1740 1277
1737 -609
1734 -1530
1731 439
1728 -1414
1725 1790
1722 -1212
1719 -2034
1716 -739
1713 1057
1710 -446
1707 400
1704 163
1701 -283
1698 -1337
1695 1434
1692 -1759
1689 150
1686 -2037
1683 -726
1680 638
1677 -1451
1674 -653
1671 686
1668 287
1665 -1885
1662 1416
1659 -2003
1656 630
1653 1339
1650 -1814
1647 -2033
1644 -1546
1641 1814
1638 -727
1635 -819
1632 759
1629 -893
1626 -900
1623 675
1620 -1338
1617 -1883
1614 1989
1611 -99
1608 -895
1605 1279
1602 -705
1599 -1937
1596 509
1593 -613
1590 -402
1587 -769
1584 -1319
1581 470
1578 -658
1575 -1957
1572 294
1569 906
1566 -604
1563 1694
1560 915
1557 1637
1554 -325
1554 BOTTOMOFSTACK

