2004 530
2001 26
1998 48
1995 1995
1992 270
1989 -1267
1986 1808
1983 1634
1980 884
1977 249
1974 -832
1971 -1380
1968 -339
1965 1141
1962 -344
1959 1835
1956 1161
1953 267
1950 -1105
1947 675
1944 422
1941 1828
1938 123
1935 -947
1932 2040
1929 -1639
1926 -1233
1923 1261
1920 296
1917 -1923
1914 439
1911 -501
1908 111
1905 0
1902 -400
1899 1
1896 302
1893 1893
1890 -1613
1887 336
1884 576
1881 -447
1878 -335
1875 1929
1872 1958
1869 1953
1866 -1880
1863 143
1860 -853
1857 -1369
1854 638
1851 876
1848 -1709
1845 -162
1842 332
1839 488
1836 1664
1833 1088
1830 -1059
1827 -1094
1824 282
1821 1860
1818 1081
1815 1320
1812 -1763
1809 -1449
1806 1323
1803 -1069
1800 -1045
1797 -915
1794 -1110
1791 1612
1788 -445
1785 465
1782 -1065
1779 -1220
1776 1289
1773 848
1770 739
1767 -175
1764 -529
1761 9
1758 1346
1755 497
1752 -1274
1749 -1986
1746 -1293
1743 858
1740 -1635
1737 -1772
1734 1699
1731 -1224
1728 694
1725 -759
1722 -820
1719 391
1716 -940
1713 1768
1710 -1991
1707 857
1704 -1060
1701 236
1698 -40
1695 1776
1692 -823
1689 1388
1686 -1310
1683 -528
1680 103
1677 -440
1674 1287
1671 -1056
1668 498
1665 -750
1662 -1831
1659 446
1656 1502
1653 628
1650 1743
1647 -917
1644 2043
1641 -791
1638 -65
1635 -1840
1632 -1746
1632 BOTTOMOFSTACK

2040 1992
2037 1854
2034 859
2031 1173
2028 249
2025 2025
2022 0
2019 359
2016 -713
2013 344
2010 -936
2007 442
2004 1934
2001 1141
1998 -850
1995 1891
1992 639
1989 1276
1986 -975
1983 37
1980 1904
1977 -1496
1974 -1828
1971 9
1968 -1033
1965 1901
1962 1772
1959 1530
1956 -1502
1953 1730
1950 1329
1947 -1416
1944 -363
1941 -148
1938 -1580
1935 1159
1932 -233
1929 1343
1926 127
1923 -1168
1920 309
1917 1392
1914 2030
1911 -977
1908 1782
1905 -1503
1902 -214
1899 -844
1896 -1562
1893 -20
1890 -851
1887 -20
1884 -1955
1881 1888
1878 -1356
1875 1877
1872 -660
1869 293
1866 178
1863 1855
1860 1002
1857 1838
1854 -479
1851 -226
1848 -1733
1845 751
1845 BOTTOMOFSTACK

2019 1303
2016 568
2013 1616
2010 25
2007 414
2004 2004
2001 1155
1998 151
1995 936
1992 -1612
1989 330
1986 -711
1983 1818
1980 -758
1977 -733
1974 1608
1971 106
1968 -1722
1965 226
1962 1796
1959 37
1956 1510
1953 1427
1950 1888
1947 183
1944 -1683
1941 721
1938 904
1935 1673
1932 -2000
1929 -1501
1926 1878
1923 -1977
1920 -1064
1917 -94
1914 1010
1911 -896
1908 1817
1905 -1291
1902 2018
1899 -357
1896 -1429
1893 -1714
1890 -351
1887 323
1884 -1765
1884 BOTTOMOFSTACK

