2046 1029
2043 14
2040 2040
2037 0
2034 1026
2031 -1986
2028 -1725
2025 1514
2022 -470
2019 1225
2016 -1571
2013 -194
2010 -624
2007 9
2004 1697
2001 -492
1998 202
1995 -1020
1992 1909
1989 1486
1986 -181
1983 -583
1980 -1703
1977 289
1974 1933
1971 -2
1968 965
1965 1890
1962 -779
1959 329
1956 -1123
1953 -1625
1950 443
1947 1184
1944 -1428
1941 -1797
1938 1249
1935 1043
1932 -1018
1929 -1539
1926 -253
1923 -1777
1920 840
1917 -1711
1914 1361
1911 686
1908 388
1905 -1534
1902 196
1899 18
1896 -1559
1893 -1033
1890 -97
1887 53
1884 -564
1881 515
1878 -76
1875 -1349
1872 -1333
1869 -1506
1866 -905
1863 -177
1860 264
1857 221
1854 -127
1851 143
1848 1480
1845 1897
1842 1
1839 -158
1836 -1444
1833 702
1830 -1939
1827 1665
1824 -1703
1821 -419
1818 -497
1815 -1133
1812 1512
1809 1781
1806 182
1803 1845
1800 -373
1797 1540
1794 1438
1791 238
1788 1306
1785 -1730
1782 -1459
1779 1899
1776 -461
1773 157
1770 -849
1767 -924
1764 214
1761 -331
1758 682
1755 -1811
1752 -574
1749 256
1746 -1160
1743 -234
1740 -1523
1737 -325
1734 1742
1731 745
1728 -959
1725 1119
1722 -1778
1719 1332
1716 -216
1713 791
1710 1531
1707 -452
1704 -978
1701 -64
1698 800
1695 1152
1692 -1775
1689 -166
1686 1355
1683 1259
1680 -1590
1677 -536
1674 814
1671 -286
1668 -1812
1665 1704
1662 1356
1659 -1610
1656 766
1653 1646
1650 -1445
1647 1640
1644 -1302
1641 -1745
1638 -261
1635 -1360
1632 -1889
1629 -1360
1626 -1998
1623 -1247
1620 1265
1617 1959
1614 1448
1611 -887
1608 1589
1605 -808
1602 -1122
1599 1070
1596 -278
1593 139
1590 328
1587 -333
1584 -1636
1581 -344
1578 247
1575 1030
1572 1788
1569 748
1566 885
1563 1120
1560 1102
1557 -689
1554 -345
1551 1116
1548 1616
1545 -604
1542 -2000
1539 1545
1536 -487
1533 1394
1530 1932
1527 -984
1524 406
1521 -886
1518 604
1515 -1923
1512 -1087
1509 282
1506 1749
1503 208
1500 -1602
1497 -537
1494 1824
1491 -1555
1488 732
1485 705
1482 -649
1479 1065
1476 1952
1473 1466
1470 -590
1467 -1522
1464 153
1461 1655
1458 -1605
1455 -682
1452 -490
1449 -784
1446 -1974
1443 -1806
1440 -198
1437 93
1434 -1454
1431 -1363
1428 637
1425 -1849
1422 -1778
1419 -1578
1416 1777
1413 1217
1410 206
1407 1664
1404 341
1401 1883
1398 -1539
1395 480
1392 356
1389 1629
1386 923
1383 -504
1380 -1605
1377 -1634
1374 -1797
1371 1713
1368 909
1365 1342
1362 -1647
1359 224
1356 -2008
1353 -97
1350 150
1347 1240
1344 640
1341 1791
1338 -1220
1335 961
1332 -1139
1329 1438
1326 1285
1323 -1932
1320 1422
1317 -1165
1314 1853
1311 1571
1308 -379
1305 828
1302 1269
1299 1091
1296 -1041
1293 1064
1290 -570
1287 -95
1284 -751
1281 -318
1278 -1774
1275 -1475
1272 43
1269 970
1266 970
1263 697
1260 -680
1257 -1887
1254 1859
1251 1252
1248 1673
1245 -851
1242 145
1239 -1932
1236 -432
1233 -1155
1230 -313
1227 1100
1224 634
1221 -1662
1218 -1406
1215 -201
1212 -2009
1212 BOTTOMOFSTACK

2052 1290
2049 474
2046 1115
2043 361
2040 168
2037 2037
2034 1913
2031 1643
2028 1674
2025 3
2022 370
2019 136
2016 -1224
2013 -1607
2010 759
2007 -1862
2004 -1725
2001 1150
1998 -1515
1995 995
1992 2
1989 1425
1986 -2039
1983 1350
1980 1520
1977 1965
1974 -827
1974 BOTTOMOFSTACK

2019 1380
2016 1769
2013 567
2010 929
2007 342
2004 2004
2001 1103
1998 -651
1995 685
1992 -1540
1989 2021
1986 1419
1983 717
1980 1377
1977 -902
1974 1238
1971 222
1968 -1776
1965 -62
1962 1373
1959 -82
1956 -1183
1953 1064
1950 63
1947 -1190
1944 -869
1941 -1329
1938 -804
1935 1639
1932 1304
1929 -1312
1926 -826
1923 -236
1920 -284
1917 -799
1914 1793
1914 BOTTOMOFSTACK

