2049 165
2046 860
2043 1585
2040 40
2037 2037
2034 -855
2031 -466
2028 -1664
2025 -1596
2022 679
2019 1056
2016 843
2013 -718
2010 513
2007 -469
2004 -2001
2001 -1437
1998 1356
1995 1591
1992 1464
1989 1964
1986 440
1983 1333
1980 440
1977 -1744
1974 553
1971 -1854
1968 278
1965 -647
1962 16
1959 723
1956 640
1953 -780
1950 1026
1947 1999
1944 -1712
1941 1314
1938 23
1935 -1862
1932 1140
1929 936
1926 390
1923 1989
1920 -1523
1917 -1487
1914 1278
1911 224
1908 27
1905 1096
1902 -27
1899 -782
1896 479
1893 -671
1890 -1253
1887 -2027
1884 -1148
1881 -202
1878 1259
1875 528
1872 219
1869 -428
1866 -1330
1863 -1086
1860 440
1857 -1424
1854 1206
1851 977
1848 1060
1845 1710
1842 701
1839 974
1836 -1056
1833 1062
1830 -1605
1827 -950
1824 238
1821 1048
1818 880
1815 470
1812 1677
1809 -1338
1806 657
1803 -4
1800 -341
1797 -658
1794 -1455
1791 1010
1788 1660
1785 244
1782 -535
1779 -1382
1776 -1126
1773 1445
1770 379
1767 1605
1764 345
1761 -1296
1758 -2030
1755 1866
1752 1323
1749 49
1746 -1476
1743 925
1740 -1838
1737 686
1734 1161
1731 686
1728 724
1725 -213
1722 -625
1719 1633
1716 -231
1713 -2010
1710 -543
1707 -634
1704 1729
1701 174
1698 -1457
1695 -833
1692 -1396
1689 1154
1686 42
1683 -639
1680 -2020
1677 -1048
1674 -1578
1671 -1076
1668 -214
1665 -832
1662 802
1659 -1938
1656 -557
1653 -1405
1650 -761
1647 950
1644 -1774
1641 1792
1638 -1872
1635 -1266
1632 583
1629 397
1626 1980
1623 -1391
1620 126
1617 1211
1614 1222
1611 -144
1608 916
1605 460
1602 291
1599 994
1596 1012
1593 814
1590 1574
1587 247
1584 -1010
1581 232
1578 1309
1575 -1210
1572 -1628
1569 2021
1566 1804
1563 1541
1560 -1310
1557 324
1554 446
1551 -1313
1548 416
1545 1418
1542 -376
1539 -235
1536 -616
1533 1524
1530 -1874
1527 -449
1524 1260
1521 -1195
1518 -284
1515 1786
1512 -1849
1509 -1630
1509 BOTTOMOFSTACK

2031 330
2028 1666
2025 1863
2022 240
2019 2019
2016 555
2013 -1450
2010 209
2007 -638
2004 1935
2001 605
1998 -1040
1995 -1489
1992 561
1989 -556
1986 -1103
1983 1632
1980 -1770
1977 -783
1974 -808
1971 -1687
1968 1533
1965 1479
1962 -1551
1959 1406
1956 -912
1953 1877
1950 -612
1947 1757
1944 -1429
1941 536
1938 617
1935 -1974
1932 -10
1929 617
1926 1346
1923 -871
1920 1200
1917 -1595
1914 1162
1911 -994
1908 1019
1905 849
1902 1457
1899 -1674
1896 -261
1893 329
1890 -976
1887 1931
1884 -1794
1881 1944
1878 67
1875 1817
1872 -886
1869 1638
1866 -1603
1863 -1624
1860 -384
1857 -43
1854 946
1851 -431
1848 518
1845 1720
1842 337
1839 942
1836 992
1833 -709
1830 -1699
1827 130
1824 -1001
1821 116
1818 -1007
1815 -510
1812 1157
1809 -542
1806 -673
1803 1820
1800 -1117
1797 1239
1794 1005
1791 1637
1788 1506
1785 -777
1782 1488
1779 652
1776 731
1773 1138
1770 519
1767 -623
1764 -1414
1761 1714
1758 -393
1755 -572
1752 1651
1749 -1115
1746 1992
1743 1066
1740 780
1737 -1920
1734 649
1731 1189
1728 1005
1725 124
1722 579
1719 1102
1716 236
1713 -1091
1710 -56
1707 -748
1704 189
1701 -863
1698 139
1695 1439
1692 794
1689 470
1686 1143
1683 -514
1680 -1660
1677 -1594
1674 920
1671 -1382
1668 1340
1665 -1254
1662 -865
1659 35
1656 -223
1653 1561
1653 BOTTOMOFSTACK

2007 1538
2004 1052
2001 1859
1998 411
1995 1995
1992 0
1989 -294
1986 1890
1983 -993
1980 -1506
1977 -1959
1974 -366
1971 1295
1968 -516
1965 1557
1962 -1071
1959 1971
1956 1405
1953 856
1950 1874
1947 -659
1944 837
1941 -1626
1938 1702
1935 839
1932 -527
1929 -1257
1926 1686
1923 -1874
1920 18
1917 -866
1914 1905
1911 949
1908 692
1905 -685
1902 1735
1899 -530
1896 -574
1893 677
1890 -931
1887 -496
1884 1987
1881 297
1878 1989
1875 -1769
1872 667
1869 -1413
1866 -1253
1863 -1036
1860 367
1857 92
1854 230
1851 233
1848 -382
1845 1852
1842 -1306
1839 -1539
1836 1862
1833 186
1830 -795
1827 539
1824 -708
1821 -1968
1818 -1917
1815 1223
1812 762
1809 -1994
1806 1155
1803 719
1800 -1094
1797 1359
1794 1037
1791 -1064
1788 1104
1785 1032
1782 706
1779 1785
1776 1298
1773 -1034
1770 684
1767 -1923
1764 1089
1761 -116
1758 -1578
1755 -2036
1752 41
1749 649
1746 -1418
1743 -1337
1740 1595
1737 -145
1734 1514
1731 -326
1728 -1062
1725 953
1722 1073
1719 1038
1716 1878
1713 96
1710 -1663
1707 1863
1704 -72
1701 -687
1698 -567
1695 96
1692 1111
1689 839
1686 364
1683 625
1680 -1056
1677 1391
1674 1629
1671 713
1668 -1786
1665 2028
1662 2009
1659 -1956
1656 1400
1653 -1920
1650 1073
1647 722
1644 -425
1641 -1564
1638 852
1635 -1588
1632 1713
1629 1
1626 1499
1623 1429
1620 29
1617 -2015
1614 -68
1611 -1150
1608 793
1605 -474
1602 -1736
1599 -2037
1596 1149
1593 -1898
1590 716
1587 112
1584 1861
1581 209
1578 1742
1575 1442
1572 -708
1569 -1563
1566 1772
1563 -990
1560 -1351
1557 1435
1554 1308
1551 335
1548 -1830
1545 232
1542 36
1539 65
1536 484
1533 -1955
1530 14
1527 -1445
1524 -696
1521 401
1518 12
1515 287
1512 1520
1509 -760
1506 533
1503 969
1500 -486
1497 -457
1494 127
1491 -1578
1488 -1309
1485 -199
1482 1360
1479 361
1476 1048
1473 -1132
1470 -75
1467 544
1467 BOTTOMOFSTACK

2001 208
1998 573
1995 1995
1992 1311
1989 -644
1986 -778
1983 -247
1980 390
1977 297
1974 1314
1971 -1520
1968 479
1965 -188
1962 806
1959 1288
1956 -1060
1953 -396
1950 1149
1947 1977
1944 1094
1941 -975
1938 -1750
1935 -13
1932 770
1929 -2016
1926 -935
1923 1078
1920 217
1917 -1965
1914 1502
1911 -173
1908 -1111
1905 -1407
1902 -1072
1899 -2002
1896 -1675
1893 132
1890 -385
1887 1413
1884 497
1881 1654
1878 1996
1875 406
1872 -934
1872 BOTTOMOFSTACK

2019 1052
2016 765
2013 2013
2010 0
2007 748
2004 439
2001 1440
1998 -449
1995 -1849
1992 -480
1989 258
1986 -1481
1983 999
1980 -1236
1977 852
1974 -1611
1971 620
1968 -1681
1965 -572
1962 1607
1959 -177
1956 -1358
1953 -1754
1950 -786
1947 1839
1944 -777
1941 141
1938 -1082
1935 1222
1932 -585
1929 675
1926 -429
1923 1178
1920 358
1917 221
1914 -1320
1911 1253
1908 14
1905 165
1902 261
1899 9
1896 896
1893 1733
1890 1994
1887 -1740
1884 -1728
1881 997
1878 1851
1875 -1533
1872 1567
1869 -716
1866 1608
1863 1261
1860 599
1857 765
1854 1670
1851 1473
1848 -768
1845 1067
1842 -445
1839 1853
1836 -1983
1833 -826
1830 -174
1827 -678
1824 -462
1821 226
1818 -1037
1815 431
1812 -50
1809 1033
1806 1109
1803 -891
1800 1371
1797 -118
1794 1884
1791 449
1788 -63
1785 -920
1782 639
1779 0
1776 197
1773 1583
1770 1935
1767 1121
1764 163
1761 -399
1758 -1909
1755 1436
1752 -147
1749 -173
1746 -448
1743 -1012
1740 497
1737 -1844
1734 1129
1731 219
1728 1950
1725 1716
1722 -1030
1719 -1985
1716 -1267
1713 -1074
1710 1031
1707 1387
1704 -1365
1701 779
1698 -520
1695 1765
1692 1951
1689 162
1686 279
1683 -1778
1680 -1307
1677 -181
1674 989
1671 -1413
1668 -335
1665 -304
1662 1691
1659 398
1656 -971
1653 1913
1650 511
1647 1463
1644 -901
1641 -261
1638 703
1635 1127
1632 106
1629 -1024
1626 556
1623 615
1620 -341
1617 930
1614 -1463
1611 58
1608 1485
1605 1692
1602 1552
1599 1057
1596 -663
1593 -740
1590 -239
1587 1172
1584 -1292
1581 -88
1578 -640
1575 414
1572 -1462
1569 1856
1566 -1906
1563 -503
1560 1031
1557 1950
1554 1977
1551 465
1548 1244
1545 -940
1542 -564
1542 BOTTOMOFSTACK

2013 1271
2010 956
2007 939
2004 2004
2001 0
1998 -868
1995 -721
1992 829
1989 -385
1986 1758
1983 -97
1980 1003
1977 724
1974 -1897
1971 373
1968 -1541
1965 1411
1962 1130
1959 -1514
1956 -1218
1953 995
1950 -379
1947 -1458
1944 1003
1941 1562
1938 -1676
1935 -1855
1932 9
1929 -112
1926 -1089
1923 -853
1920 1253
1917 -1513
1914 97
1911 -1377
1908 1327
1905 -264
1902 -1673
1899 -895
1896 271
1893 -121
1890 879
1887 -1575
1884 -1963
1881 18
1878 564
1875 -1559
1872 1275
1869 -1799
1866 1209
1863 1265
1860 1892
1857 617
1854 -1287
1851 -1133
1848 1050
1845 341
1842 -1968
1839 -921
1836 1462
1833 773
1830 675
1827 -1043
1824 738
1821 -111
1818 905
1815 -1887
1812 1817
1809 -99
1806 -215
1803 656
1800 403
1797 1528
1794 520
1791 1172
1788 1468
1785 -179
1782 -27
1779 13
1776 -720
1773 -584
1770 409
1767 290
1764 -831
1761 -1838
1758 -136
1755 348
1752 642
1749 -1609
1746 1421
1743 -268
1740 -1205
1737 430
1734 789
1731 1117
1728 -139
1725 -1770
1722 680
1719 1693
1716 194
1713 1007
1710 703
1707 -1884
1704 1028
1701 2007
1698 -1664
1695 1240
1692 -562
1689 862
1686 -1842
1683 773
1680 105
1677 -520
1674 592
1671 1773
1668 -928
1665 -503
1662 -224
1659 -1960
1656 835
1653 1183
1650 1462
1647 -964
1644 -697
1641 1114
1638 1661
1635 -1149
1632 664
1629 -1208
1626 -658
1623 -405
1620 -243
1617 849
1614 -2016
1611 1794
1608 984
1605 -1858
1602 -59
1599 529
1596 -1573
1593 -1166
1590 1272
1587 176
1584 -1915
1581 -590
1578 253
1575 1183
1572 1960
1569 1300
1566 1232
1563 1439
1560 113
1557 550
1554 223
1551 1289
1548 -1561
1545 852
1542 -200
1539 1410
1536 1732
1533 265
1530 -860
1527 1670
1524 203
1521 -1339
1518 1894
1515 717
1512 547
1509 1814
1506 62
1503 -395
1500 801
1497 -695
1494 -1827
1491 1942
1488 40
1485 -860
1482 913
1479 1796
1476 -1592
1473 -394
1470 -1239
1467 1679
1464 -732
1461 527
1458 -553
1455 -298
1452 -1783
1449 450
1446 -1486
1443 -1544
1440 1489
1437 514
1434 -618
1431 -154
1428 -1586
1425 643
1422 -108
1419 -926
1416 183
1413 -457
1410 2021
1407 -19
1404 689
1401 411
1398 1403
1395 493
1392 515
1389 597
1386 1860
1383 -690
1380 1178
1377 283
1374 185
1371 -636
1368 -204
1365 -1738
1362 -563
1359 -383
1356 0
1353 825
1350 875
1347 585
1344 -1848
1341 -1230
1338 -893
1335 1915
1332 200
1329 2046
1326 -1245
1323 1010
1320 1727
1317 -1233
1314 1190
1311 38
1308 1301
1305 -370
1302 79
1299 727
1296 -1078
1293 527
1290 344
1287 -614
1284 162
1281 1722
1278 472
1275 1769
1272 -1944
1269 -1835
1266 549
1263 -555
1260 -1474
1257 1090
1254 -1800
1251 -640
1248 -684
1245 1909
1242 -607
1239 -1426
1236 -1333
1233 1783
1230 41
1227 -1893
1224 -612
1221 1411
1218 -809
1215 294
1212 511
1209 -567
1206 -1163
1203 -254
1200 -979
1197 -1117
1197 BOTTOMOFSTACK

