2007 1770
2004 1711
2001 3
1998 1998
1995 678
1992 -1740
1989 1155
1986 -540
1983 976
1980 1810
1977 1906
1974 -1636
1971 -1640
1968 489
1965 1681
1962 -1519
1959 -1366
1956 -1595
1953 1663
1950 -1520
1947 1026
1944 1825
1941 -1945
1938 1611
1935 -922
1932 -1720
1929 1085
1926 1998
1923 -16
1920 -1202
1917 -148
1914 -54
1911 1435
1908 1499
1905 318
1902 1241
1899 220
1896 882
1893 1946
1890 -697
1887 -1624
1884 1235
1881 -664
1878 -974
1875 1552
1872 -697
1869 -1094
1866 -669
1863 -1669
1860 -1697
1857 910
1854 496
1851 672
1848 -1205
1845 1350
1842 466
1839 997
1836 233
1833 -1095
1830 -275
1827 -67
1824 607
1821 -1655
1818 1706
1815 -1575
1812 -250
1809 -1062
1806 1366
1803 1669
1800 -1023
1797 -162
1794 1996
1791 -336
1788 -871
1785 -354
1782 711
1779 888
1776 45
1773 1929
1770 1654
1767 231
1764 -1195
1761 1734
1758 -62
1755 -1897
1752 -719
1749 619
1746 348
1743 -1156
1740 -454
1737 688
1734 1467
1731 -667
1728 -1364
1725 199
1722 -73
1719 -1432
1716 1153
1713 969
1710 1006
1707 -10
1704 2015
1701 -1317
1698 401
1695 -657
1692 915
1689 -1055
1686 -1454
1683 -1910
1680 1668
1677 -223
1674 1538
1671 600
1671 BOTTOMOFSTACK

2046 710
2043 1462
2040 201
2037 2037
2034 -1280
2031 -111
2028 -629
2025 1017
2022 785
2019 426
2016 2047
2013 -207
2010 1590
2007 251
2004 -122
2001 -807
1998 -2022
1995 -361
1992 17
1989 -152
1986 -1578
1983 -203
1980 1273
1977 185
1974 1854
1971 -294
1968 -1496
1965 293
1962 1671
1959 12
1956 -166
1953 -1296
1950 343
1947 -209
1944 -578
1941 116
1938 1441
1935 1715
1932 -606
1929 -1214
1926 -1974
1923 1013
1920 -1399
1917 -1674
1914 -1876
1911 1789
1908 -500
1905 -500
1902 -322
1899 1158
1896 -994
1893 -212
1890 1148
1887 1244
1884 1573
1881 1833
1878 -563
1875 -1190
1872 -715
1869 -658
1866 -1250
1863 1099
1860 648
1857 -494
1854 704
1851 1174
1848 -1738
1845 -889
1842 1964
1839 1162
1836 764
1833 -1178
1830 -2041
1827 -280
1824 -1662
1821 -517
1818 1248
1815 -149
1812 1275
1809 961
1806 958
1803 1559
1800 -160
1797 -1797
1794 -768
1791 128
1788 1617
1785 1221
1782 332
1779 -1893
1776 -734
1773 -898
1770 1798
1767 1892
1764 -342
1761 1126
1758 -1869
1755 1993
1752 -971
1749 1821
1746 -1025
1743 1177
1740 487
1737 1605
1734 811
1731 1319
1728 -1932
1725 -1048
1722 -235
1719 954
1716 1765
1713 -1247
1710 -92
1707 786
1704 1703
1701 1798
1698 -1089
1695 -956
1692 614
1689 -1147
1686 -581
1683 -508
1680 840
1677 -359
1674 1244
1671 374
1668 -1267
1665 -95
1662 -54
1659 1350
1656 -270
1653 -653
1650 -1071
1647 1832
1644 537
1641 416
1638 -2002
1635 -1133
1632 -1066
1629 75
1626 0
1623 -1402
1620 1363
1617 -2044
1614 1220
1611 511
1608 -1391
1605 -186
1602 1785
1599 1449
1596 -1567
1593 -1973
1590 1394
1587 -819
1584 -868
1581 -1926
1578 -1979
1575 404
1572 1440
1569 1937
1566 218
1566 BOTTOMOFSTACK

