2019 1818
2016 748
2013 9
2010 2010
2007 728
2004 1320
2001 -1973
1998 500
1995 -1087
1992 338
1989 -549
1986 -1342
1983 651
1980 1594
1977 1557
1974 -52
1971 1819
1968 988
1965 -2041
1962 576
1959 -1042
1956 -1156
1953 -725
1950 476
1947 688
1944 737
1941 1098
1938 1419
1935 1253
1932 -274
1929 785
1926 -91
1923 1822
1920 70
1917 1702
1914 270
1911 -931
1908 -1703
1905 1311
1902 1241
1899 -389
1896 -293
1893 1762
1890 973
1887 -20
1884 1880
1881 1529
1878 -1302
1875 525
1872 738
1869 1267
1866 1448
1863 1776
1860 1697
1857 983
1854 1996
1851 1553
1848 -1130
1845 -646
1842 -1711
1839 1396
1836 459
1833 1433
1830 1346
1827 746
1824 -668
1821 -259
1818 -419
1815 461
1812 -754
1809 -1406
1806 -1367
1803 -1988
1800 -93
1797 -1287
1794 -584
1791 451
1788 -1797
1785 -328
1782 -1707
1779 -1844
1776 826
1773 -406
1770 -816
1767 -1290
1764 -1635
1761 -343
1758 1406
1755 -1559
1752 1856
1749 1597
1746 -1916
1743 755
1740 -272
1737 -970
1734 -377
1731 1361
1728 1646
1725 -1167
1722 -1123
1719 -1963
1716 607
1713 -1192
1710 -526
1707 -458
1704 -910
1701 2033
1698 -1016
1695 1965
1692 1852
1689 1958
1686 70
1683 995
1680 -1192
1677 -518
1674 -950
1671 909
1668 -1354
1665 1349
1662 -1920
1659 1077
1656 -675
1653 -607
1650 764
1647 -198
1644 -1929
1641 -1248
1638 112
1635 1952
1632 1177
1629 -1866
1626 1437
1623 -1329
1620 -1656
1617 -293
1614 -1995
1611 -1328
1608 435
1605 995
1602 1873
1599 -97
1596 1266
1593 -2015
1590 300
1587 1012
1584 -914
1581 -1724
1578 -1430
1575 -1825
1572 -1221
1569 1316
1566 -1038
1563 -1120
1560 -685
1557 -614
1554 1821
1551 1422
1548 1081
1545 -462
1542 -24
1539 68
1536 616
1533 -113
1530 535
1527 812
1524 1525
1521 8
1518 1429
1515 -298
1512 -722
1509 -2015
1506 338
1503 884
1500 1251
1497 -1265
1494 -139
1491 665
1488 1092
1485 1604
1482 -102
1479 1276
1476 991
1473 1759
1470 -976
1467 -510
1464 236
1461 -1305
1458 -638
1455 -1077
1452 26
1449 -1309
1446 -1985
1443 -331
1440 1995
1437 -380
1434 109
1431 192
1428 1678
1425 790
1422 -628
1419 1035
1416 -1413
1413 321
1410 10
1407 1278
1404 387
1401 315
1398 -329
1395 -1825
1392 392
1389 286
1386 41
1383 -174
1380 -455
1377 1051
1374 1324
1371 -1504
1368 -591
1365 1899
1362 -793
1359 -1620
1356 1882
1353 91
1350 -1555
1347 504
1344 -270
1341 174
1338 -2025
1335 -1032
1332 1454
1329 -2039
1326 965
1323 1877
1320 1376
1317 784
1314 -1272
1311 920
1308 -664
1305 -1447
1302 294
1299 1204
1296 -918
1293 -1649
1290 1604
1287 1482
1284 -1951
1281 -175
1278 -1423
1275 1930
1272 1361
1269 -1244
1266 -1904
1263 1326
1260 1309
1257 1752
1254 -1726
1251 1189
1248 1738
1245 -632
1242 162
1239 -930
1236 -457
1233 1172
1230 -389
1227 1484
1224 719
1221 167
1218 -1540
1215 2045
1212 -1731
1209 -832
1206 -1182
1203 -528
1200 -1042
1197 1240
1194 -987
1191 -311
1188 -90
1185 476
1182 -607
1179 -1371
1176 263
1173 -1946
1170 -1704
1167 -1332
1164 1815
1161 -1311
1158 -610
1155 1859
1152 465
1152 BOTTOMOFSTACK

2010 208
2007 709
2004 171
2001 2001
1998 118
1995 -417
1992 -326
1989 -477
1986 -1514
1983 -313
1980 1858
1977 229
1974 465
1971 1017
1968 1778
1965 294
1962 1559
1959 299
1956 -523
1953 938
1950 648
1947 1260
1944 -1579
1941 -925
1938 1136
1935 -1865
1932 245
1929 -827
1926 308
1923 50
1920 -1393
1917 -1507
1914 -487
1911 834
1908 23
1905 1168
1902 1537
1899 -442
1896 1290
1893 -1271
1890 2043
1887 0
1884 -234
1881 -800
1878 -1580
1875 170
1872 -1682
1869 -1059
1866 -1087
1863 -336
1860 373
1857 -1928
1854 93
1851 -1510
1848 1333
1845 1895
1842 -22
1839 -1262
1836 904
1833 -404
1830 543
1827 -1942
1824 -1106
1821 -701
1818 1495
1815 -1336
1812 1550
1809 1859
1806 309
1803 13
1800 538
1797 1416
1794 840
1791 221
1788 596
1785 1449
1782 -1275
1779 -550
1776 1734
1773 -68
1770 9
1767 -753
1764 846
1761 -1682
1758 883
1755 -381
1752 -1468
1749 -679
1746 1484
1743 -303
1740 412
1737 -1276
1734 1242
1731 1242
1728 802
1725 1923
1722 -1448
1719 1488
1716 454
1713 324
1710 1687
1707 -1021
1704 915
1701 -321
1698 -314
1695 1351
1692 -1408
1689 231
1686 1178
1683 627
1680 1280
1677 6
1674 -1127
1671 2039
1668 1139
1665 1749
1662 -203
1659 -392
1656 -1261
1653 -1666
1650 -1949
1647 391
1644 -1395
1641 1134
1638 -1283
1635 -96
1632 436
1629 -993
1626 577
1623 -555
1620 1352
1617 -1246
1614 1368
1611 1870
1608 1048
1605 -234
1602 -565
1599 -269
1596 -68
1593 -1514
1590 -821
1587 -1744
1584 -1655
1581 -662
1578 -572
1575 -1159
1572 -1978
1569 -1076
1566 -796
1563 692
1560 1309
1557 -1233
1554 -39
1551 1480
1548 -863
1545 1441
1542 -631
1539 1623
1536 18
1533 19
1530 1607
1527 -109
1524 -1161
1521 -212
1518 -1999
1515 1098
1512 287
1509 923
1506 -1151
1503 324
1500 -1258
1497 -1141
1494 1732
1491 -1350
1488 1756
1485 -305
1482 1459
1479 -1046
1476 -67
1473 -1184
1470 229
1467 -914
1464 -1570
1461 -1915
1458 1952
1455 468
1452 150
1449 -186
1449 BOTTOMOFSTACK

2019 1438
2016 342
2013 2013
2010 -452
2007 -568
2004 231
2001 1993
1998 -1663
1995 1907
1992 2034
1989 1237
1986 -1642
1983 -307
1980 339
1977 141
1974 -1383
1971 1748
1968 154
1965 120
1962 -1296
1959 -643
1956 569
1953 -534
1950 935
1947 277
1944 1828
1941 462
1938 -623
1935 572
1932 -1943
1929 1460
1926 1643
1923 -1413
1920 -821
1917 621
1914 -263
1911 1062
1908 1342
1905 587
1902 -1292
1899 1822
1896 -1120
1893 -474
1890 -656
1887 -1231
1884 1297
1881 726
1878 -876
1875 2018
1872 -1991
1869 -1765
1866 -1827
1863 1359
1860 -2025
1857 48
1854 -215
1851 1196
1848 -1474
1845 1561
1842 -1644
1839 1201
1836 675
1833 1377
1830 1496
1827 249
1824 805
1821 1645
1818 1369
1815 -1762
1812 -975
1809 818
1806 578
1803 -1303
1800 -49
1797 260
1794 1187
1791 1070
1788 1871
1785 1128
1782 -181
1779 541
1776 312
1773 -1847
1770 1417
1767 -1061
1764 -1229
1761 354
1758 1842
1755 1217
1752 -170
1749 -1435
1746 -397
1743 -1656
1740 1959
1737 -1999
1734 1963
1731 1794
1728 468
1725 1501
1722 2014
1719 -944
1716 587
1713 375
1710 1208
1707 -415
1704 164
1701 -266
1698 -779
1695 1096
1692 -1633
1689 902
1686 99
1683 -1444
1680 -1618
1677 611
1674 -923
1671 -292
1668 1998
1665 -970
1662 1897
1659 -1720
1656 1031
1653 566
1650 749
1647 -924
1644 -1829
1644 BOTTOMOFSTACK

2022 743
2019 1864
2016 239
2013 1873
2010 501
2007 2007
2004 1810
2001 420
1998 -655
1995 -1049
1992 -1995
1989 -228
1986 1757
1983 -1745
1980 915
1977 -854
1974 1324
1971 1151
1968 1313
1965 895
1962 14
1959 771
1956 -1457
1953 412
1950 -1194
1947 -1984
1944 -236
1941 -721
1938 -1924
1935 908
1932 -205
1929 1424
1926 912
1923 -1672
1920 374
1917 -956
1914 613
1911 59
1908 -1122
1905 -177
1902 1274
1899 1080
1896 133
1893 -1504
1890 -701
1887 1914
1884 -748
1881 727
1878 1547
1875 -786
1872 1459
1869 -156
1866 1622
1863 375
1860 2044
1857 -304
1854 1079
1851 -539
1848 -1174
1845 -564
1842 -310
1839 1501
1836 1282
1833 1650
1830 575
1827 -982
1824 399
1821 1944
1818 1210
1815 1124
1812 1632
1809 -1248
1806 129
1803 -911
1800 -1863
1797 -1139
1794 690
1791 925
1788 -1712
1785 1035
1782 -1402
1779 1792
1776 564
1773 475
1770 -1708
1767 141
1764 -344
1761 1322
1758 -530
1755 836
1752 1655
1749 1628
1746 546
1743 -626
1740 1380
1737 1829
1734 62
1731 -1480
1728 -1610
1725 1699
1722 -269
1719 1446
1716 88
1713 1411
1710 1728
1707 1545
1704 996
1701 -174
1698 1830
1695 -1208
1692 -1598
1689 -64
1686 -1921
1683 1624
1680 945
1677 209
1674 -611
1671 1903
1668 -1116
1665 1074
1662 472
1659 -306
1656 1352
1653 46
1650 -651
1647 -747
1644 -1743
1641 445
1638 -1488
1635 1
1632 -124
1629 -1583
1626 -2043
1623 1625
1620 66
1617 -882
1614 364
1611 75
1608 462
1605 -2027
1605 BOTTOMOFSTACK

