2040 917
2037 1337
2034 1765
2031 30
2028 2028
2025 1057
2022 -409
2019 832
2016 1908
2013 1538
2010 774
2007 1939
2004 1656
2001 -1556
1998 -670
1995 1649
1992 2025
1989 -1906
1986 1128
1983 -1413
1980 141
1977 1791
1974 -934
1971 151
1968 1332
1965 -912
1962 -534
1959 -1803
1956 -677
1953 1817
1950 1211
1947 -1304
1944 146
1941 -2032
1938 107
1935 1864
1932 504
1929 1036
1926 -1209
1923 1163
1920 -1249
1917 -675
1914 -748
1911 785
1908 1103
1905 -1331
1902 1302
1899 -737
1896 -445
1893 1951
1890 -1320
1887 -1925
1884 -1035
1881 -806
1878 1434
1875 -2032
1872 -295
1869 1356
1866 467
1863 1436
1860 -354
1857 -1555
1854 -962
1851 644
1848 -1933
1845 -1184
1842 -1081
1839 967
1836 -432
1833 -1768
1830 1010
1827 93
1824 1604
1821 -1026
1818 428
1815 -1205
1812 1788
1809 429
1806 1759
1803 1043
1800 163
1797 -1903
1794 937
1791 19
1788 -134
1785 1930
1782 -606
1779 1183
1776 1478
1773 -1214
1770 871
1767 -1735
1764 866
1761 879
1758 1044
1755 125
1752 -1214
1749 -1550
1746 1639
1743 848
1740 1331
1737 -1252
1734 -718
1731 1273
1728 -133
1725 -1278
1722 -80
1719 -1876
1716 698
1713 -758
1710 54
1707 -1830
1704 1984
1701 1427
1698 -1406
1695 924
1692 1796
1689 1484
1686 867
1683 -1148
1680 -960
1677 -893
1674 68
1671 1320
1668 994
1665 -1345
1662 -296
1659 -1339
1656 -1275
1653 -561
1650 230
1647 284
1644 1715
1641 1270
1638 -1843
1635 63
1632 50
1629 1132
1626 1467
1623 -1254
1620 -324
1617 208
1614 0
1611 -4
1608 -1873
1605 -1340
1602 -787
1599 -1539
1596 -1771
1593 -1944
1590 561
1587 226
1584 976
1581 -1062
1578 235
1575 -1130
1572 1052
1569 85
1566 506
1563 -552
1563 BOTTOMOFSTACK

2013 2030
2010 1386
2007 1329
2004 1541
2001 231
1998 1998
1995 1816
1992 1440
1989 -803
1986 696
1983 -1948
1980 -1779
1977 -1292
1974 1318
1971 196
1968 -483
1965 -243
1962 1178
1959 2033
1956 1700
1953 1447
1950 453
1947 -1592
1944 -543
1941 638
1938 -1174
1935 -600
1932 -40
1929 1506
1926 1721
1923 898
1920 39
1917 -242
1914 1940
1911 -872
1908 -34
1905 1812
1902 1734
1899 74
1896 -1833
1893 -1931
1890 -1291
1887 -372
1884 -1737
1881 731
1878 532
1875 83
1872 -181
1869 -1020
1866 1468
1863 1503
1860 1330
1857 1688
1854 92
1851 -931
1848 -277
1845 -1352
1842 -80
1839 1877
1836 1097
1833 1501
1830 -390
1827 -685
1824 -577
1821 1636
1818 -1191
1815 -1713
1812 -115
1809 -1255
1806 -157
1803 -352
1800 -194
1797 -705
1794 -654
1791 -499
1788 638
1785 -58
1782 471
1779 -1076
1776 1537
1773 2047
1770 1375
1767 -1998
1764 -1265
1761 -1326
1758 1504
1755 1361
1752 875
1749 -541
1746 -968
1743 -607
1740 868
1737 -436
1734 -987
1731 127
1728 813
1725 1755
1722 1274
1722 BOTTOMOFSTACK

2016 725
2013 1996
2010 441
2007 399
2004 2004
2001 747
1998 1914
1995 297
1992 1804
1989 -1405
1986 2011
1983 475
1980 721
1977 373
1974 502
1971 -88
1968 -1878
1965 -1658
1962 1566
1959 -75
1956 -3
1953 -1550
1950 290
1947 338
1944 1730
1941 753
1938 -1046
1935 828
1932 -1632
1929 -469
1926 1097
1923 555
1920 589
1917 -1651
1914 -153
1911 -1813
1908 -303
1905 -1769
1902 -963
1899 994
1896 1435
1893 -1866
1893 BOTTOMOFSTACK

2019 1388
2016 39
2013 1458
2010 34
2007 558
2004 2004
2001 1624
1998 -1312
1995 -1894
1992 566
1989 1809
1986 613
1983 -485
1980 -250
1977 881
1974 1626
1971 1102
1968 -975
1965 2043
1962 194
1959 -565
1956 -287
1953 548
1950 1758
1947 258
1944 -441
1941 -197
1938 -1346
1935 199
1932 661
1929 944
1926 1602
1923 631
1920 1314
1917 -60
1914 -1630
1911 -1235
1908 -668
1905 1731
1902 1227
1899 -90
1896 6
1893 -351
1890 -1711
1887 634
1884 2013
1881 947
1878 422
1875 1798
1872 -1253
1869 -148
1866 1635
1863 1770
1860 -101
1857 -1873
1854 283
1851 -1124
1848 -524
1845 -44
1842 1790
1839 653
1836 814
1833 -449
1830 1273
1827 89
1824 -1451
1821 829
1818 -1934
1815 715
1812 736
1809 1509
1806 301
1803 -601
1800 1473
1797 -1519
1794 475
1791 -66
1788 1758
1785 -1180
1782 638
1779 -1543
1776 1061
1773 -639
1770 -269
1767 -807
1764 308
1761 300
1758 -32
1755 1533
1752 1958
1749 -1582
1746 290
1743 -1083
1740 703
1737 1787
1734 -926
1734 BOTTOMOFSTACK

2052 928
2049 1433
2046 981
2043 717
2040 2040
2037 -1793
2034 339
2031 551
2028 1727
2025 316
2022 1945
2019 -873
2016 -217
2013 -697
2010 673
2007 -831
2004 -1623
2001 264
1998 -473
1995 886
1992 1482
1989 1450
1986 -876
1983 1916
1980 -1185
1977 -746
1974 -1738
1971 1885
1968 -150
1965 1802
1962 882
1959 1138
1956 1436
1953 -382
1950 85
1947 1557
1944 1674
1941 -1398
1938 739
1935 -1975
1932 -26
1929 829
1926 993
1923 -57
1920 41
1917 -111
1914 -946
1911 338
1908 -1860
1905 1068
1902 1843
1899 -523
1896 -1894
1893 1261
1890 1096
1887 -930
1884 -657
1881 588
1878 1150
1875 -500
1872 -1851
1869 -860
1866 1686
1863 353
1860 1460
1857 -660
1854 1614
1851 250
1848 335
1845 1197
1842 -821
1839 1443
1836 -1412
1833 -251
1830 831
1827 -1042
1824 1697
1821 1108
1818 -516
1815 -1703
1812 -1521
1809 -906
1806 1350
1803 -1267
1800 1665
1797 -1794
1794 87
1791 778
1788 -1054
1785 691
1782 339
1779 372
1776 -141
1773 -850
1770 383
1767 897
1764 -1891
1761 1380
1758 575
1755 -384
1752 583
1749 -1577
1746 1956
1743 -1964
1740 898
1737 -1968
1734 1443
1731 1315
1728 -587
1725 -1033
1722 136
1719 1907
1716 -653
1713 202
1710 -1314
1707 -769
1704 1228
1701 1337
1698 204
1695 -826
1692 2037
1689 1764
1686 -1437
1686 BOTTOMOFSTACK

2040 1275
2037 894
2034 2034
2031 330
2028 -420
2025 1972
2022 996
2019 931
2016 1239
2013 -485
2010 -1388
2007 -1900
2004 1224
2001 1149
1998 -11
1995 -1922
1992 -1581
1989 2008
1986 213
1983 1435
1980 340
1977 851
1977 BOTTOMOFSTACK

2037 1114
2034 429
2031 1056
2028 2028
2025 -1205
2022 -1737
2019 -1933
2016 1504
2013 679
2010 1735
2007 1488
2004 328
2001 948
1998 2045
1995 45
1992 -810
1989 450
1986 86
1983 1047
1980 -1740
1977 -127
1974 -688
1971 -294
1968 -1856
1965 -1308
1962 1869
1959 -397
1956 -558
1953 1754
1950 1582
1947 909
1944 539
1941 -41
1938 -588
1935 118
1932 -1544
1929 -2038
1926 -1731
1923 1745
1920 -359
1917 575
1914 -369
1911 800
1908 58
1905 -1542
1902 -1906
1899 -888
1896 1374
1893 -1052
1890 -1281
1887 539
1884 -548
1881 1590
1878 1339
1875 -2011
1872 -48
1869 1132
1866 2018
1863 668
1860 -1705
1857 1375
1854 1634
1851 -1613
1848 -1924
1845 -1336
1842 1956
1839 -1533
1836 1490
1833 -1916
1830 854
1827 732
1824 -1139
1821 -343
1818 1106
1815 -1645
1812 1749
1809 443
1806 -2025
1803 -467
1800 149
1797 -1141
1794 548
1791 255
1788 1472
1785 648
1782 -94
1779 -240
1776 -537
1773 1311
1770 -681
1767 -1714
1764 1318
1761 -594
1758 1550
1755 -1778
1752 -1650
1749 -355
1746 1963
1743 134
1740 -1134
1737 -1851
1734 -347
1731 1930
1728 264
1725 -686
1722 451
1719 -29
1716 -982
1713 -1967
1710 -435
1707 -1288
1704 1772
1701 -423
1698 -1140
1695 -1183
1692 -1608
1689 769
1686 -1870
1683 -1204
1680 1279
1677 1862
1674 1347
1671 47
1668 -1359
1665 -1873
1665 BOTTOMOFSTACK

2007 1670
2004 1212
2001 2001
1998 1493
1995 131
1992 -1475
1989 1931
1986 2004
1983 -830
1980 274
1977 889
1974 -1301
1971 1209
1968 -619
1965 -1657
1962 1458
1959 1431
1956 1233
1953 -1787
1950 -1183
1947 -1987
1944 946
1941 1162
1938 -970
1935 453
1932 -258
1929 1444
1926 -669
1923 -912
1920 -1015
1917 -8
1914 -570
1911 -1239
1908 682
1905 -618
1902 -1780
1899 673
1896 -1032
1893 -946
1890 2012
1887 -1196
1884 -1655
1881 -1139
1878 -1291
1875 428
1872 2020
1869 -1704
1866 -787
1863 1339
1860 1546
1857 1899
1854 -650
1851 -352
1848 1787
1845 -1243
1842 1216
1839 0
1836 1255
1833 1575
1830 -1170
1827 461
1824 -1183
1821 724
1818 -801
1815 664
1812 -829
1809 -197
1806 -166
1803 -1314
1800 1460
1797 -10
1794 -2036
1791 1538
1788 983
1785 -1573
1782 -1820
1779 422
1776 1411
1773 -1026
1770 -1647
1767 -112
1764 -1292
1761 663
1758 -1476
1755 -67
1752 1836
1749 720
1746 -258
1743 984
1740 -1055
1737 1308
1734 -252
1731 -322
1728 1340
1725 642
1722 1647
1719 -752
1716 -1426
1713 91
1710 -984
1707 1843
1704 -1286
1701 -1612
1698 716
1695 -596
1692 144
1689 -1685
1686 233
1683 -287
1680 1760
1677 1836
1674 -488
1671 1104
1668 1906
1665 -386
1662 -930
1659 -1623
1656 507
1653 523
1650 -1876
1647 -916
1644 471
1641 1232
1638 -1088
1635 -679
1632 -759
1629 115
1626 1564
1623 8
1620 1422
1617 1435
1614 -1919
1611 -462
1608 540
1605 2046
1602 -271
1599 1859
1596 -1548
1593 -632
1590 -1137
1587 -921
1584 1164
1581 -734
1578 1290
1575 -1457
1572 -1637
1569 -787
1566 469
1563 -883
1560 1333
1557 1984
1554 -775
1551 1640
1548 1961
1545 1007
1542 1465
1539 918
1536 715
1533 -765
1530 -1399
1527 184
1524 1569
1521 1354
1518 -1836
1515 1188
1512 -1625
1509 -1822
1506 -424
1503 -293
1500 1156
1497 1035
1494 -975
1491 1623
1488 -936
1485 1184
1482 1368
1479 1094
1476 27
1473 -26
1470 -898
1467 -1375
1464 1593
1461 -1738
1458 -1126
1455 583
1452 -113
1449 404
1446 -1970
1443 -29
1440 -875
1437 -222
1434 -411
1431 -755
1428 -1133
1425 596
1422 360
1419 1169
1416 1189
1413 1132
1410 261
1407 341
1404 -1587
1401 797
1398 1016
1395 924
1392 -913
1389 -924
1386 1630
1383 -279
1380 224
1377 205
1374 -1708
1371 39
1368 1360
1365 1016
1362 604
1359 -258
1356 558
1356 BOTTOMOFSTACK

2031 181
2028 655
2025 817
2022 1383
2019 2019
2016 1981
2013 -368
2010 518
2007 -1239
2004 -605
2001 -1347
1998 -1851
1995 1753
1995 BOTTOMOFSTACK

2010 282
2007 185
2004 1106
2001 571
1998 1545
1995 1995
1992 1084
1989 -531
1986 -120
1983 -1257
1980 -747
1977 -88
1974 -1573
1971 -1447
1968 1594
1965 986
1962 -1984
1959 -793
1956 -1848
1953 -1658
1950 -766
1947 -1215
1944 -520
1944 BOTTOMOFSTACK

