2016 160
2013 754
2010 18
2007 2007
2004 535
2001 -942
1998 -302
1995 92
1992 1024
1989 185
1986 1880
1983 -1157
1980 -95
1977 914
1974 -387
1971 -641
1968 -1347
1965 -49
1962 1112
1959 -606
1956 -350
1953 1229
1950 -1383
1947 93
1944 1039
1941 -553
1938 1988
1935 452
1932 -290
1929 382
1926 1690
1923 -600
1920 1048
1917 -154
1914 -1232
1911 1557
1908 1501
1905 265
1902 1378
1899 -1281
1896 -1293
1893 2041
1890 829
1887 1474
1884 -1263
1881 878
1878 -1580
1875 -1573
1872 1057
1869 1025
1866 -556
1863 -1909
1860 1118
1857 -1415
1854 1294
1851 -1126
1848 -1321
1845 -214
1842 1526
1839 -1062
1836 540
1833 -960
1830 703
1827 -291
1824 1773
1821 1380
1818 816
1815 -483
1812 -1061
1809 -756
1806 714
1803 417
1800 868
1797 -1313
1794 39
1791 801
1788 1286
1785 -554
1782 1338
1779 -894
1776 771
1773 -638
1770 580
1767 -1526
1764 -1558
1761 232
1758 959
1755 1985
1752 -1273
1749 -503
1746 -914
1743 -1236
1740 -1870
1737 484
1734 1159
1731 -859
1728 -1242
1725 1902
1722 -1056
1719 1422
1716 -1022
1713 1941
1710 1381
1707 -232
1704 1834
1701 0
1698 -1211
1695 -853
1692 422
1689 -979
1686 -719
1683 -973
1680 1448
1677 155
1674 1350
1671 1838
1668 1971
1665 175
1662 474
1659 457
1656 69
1653 1237
1650 -1905
1647 935
1644 -1642
1641 1198
1638 -279
1635 334
1632 -1067
1629 270
1626 1433
1623 604
1620 998
1617 -452
1614 1663
1611 -345
1608 -625
1605 1715
1602 -1361
1599 9
1596 -35
1593 -1646
1590 1575
1587 719
1584 -73
1581 -830
1578 848
1575 -1785
1572 1328
1569 -1240
1566 569
1563 1615
1560 -1975
1557 112
1554 -526
1551 -1284
1548 795
1545 -1456
1542 1170
1539 -908
1536 -1794
1533 1676
1530 1413
1527 343
1524 -1666
1521 -1388
1518 -522
1515 -699
1515 BOTTOMOFSTACK

2046 497
2043 1318
2040 1245
2037 198
2034 2034
2031 -1181
2028 265
2025 -26
2022 -1041
2019 1739
2016 -589
2013 882
2010 -1776
2007 -407
2004 -1482
2001 802
1998 1764
1995 -1673
1992 928
1989 1615
1986 511
1983 -206
1980 1854
1977 1396
1974 50
1971 -1638
1968 1708
1965 1617
1962 -1260
1959 247
1956 951
1953 1499
1950 -934
1947 -214
1944 -1561
1941 -1258
1938 854
1935 -134
1932 1106
1929 2006
1926 -1335
1923 -1066
1920 -1780
1917 -700
1914 -751
1911 1105
1908 -981
1905 245
1902 1285
1899 -250
1896 -1863
1893 -1023
1890 -486
1887 56
1884 1981
1881 -520
1878 1647
1878 BOTTOMOFSTACK

2052 1412
2049 1225
2046 1732
2043 1608
2040 375
2037 2037
2034 -1074
2031 744
2028 -1418
2025 -609
2022 1462
2019 1375
2016 1851
2013 1537
2010 1219
2007 -1268
2004 -2022
2001 -2034
1998 1355
1995 1928
1992 1432
1989 259
1986 1850
1983 -1365
1980 1600
1977 -721
1974 -731
1971 -1677
1968 1338
1965 -1811
1962 -116
1959 278
1956 -352
1956 BOTTOMOFSTACK

2046 1345
2043 1025
2040 1605
2037 537
2034 2034
2031 117
2028 -107
2025 547
2022 877
2019 842
2016 -1680
2013 -772
2010 -1279
2007 1245
2004 -924
2001 -580
1998 -222
1995 -1727
1992 1315
1989 1376
1986 578
1983 -70
1980 1576
1977 1896
1974 -87
1971 -365
1968 1575
1965 1635
1962 -1548
1959 1769
1956 405
1953 -1559
1950 1283
1947 683
1944 1773
1941 -95
1938 -810
1935 662
1932 -472
1929 1086
1926 651
1923 801
1920 938
1917 974
1914 449
1911 1670
1908 1234
1905 -713
1902 -1552
1899 -1598
1896 -29
1893 -1454
1890 -258
1887 233
1884 -182
1881 72
1878 -1739
1875 -302
1872 727
1869 535
1866 -609
1863 -1504
1860 268
1857 1176
1854 339
1851 -1781
1848 1546
1845 1907
1842 1829
1839 1614
1836 -1817
1833 -1570
1830 115
1827 -1375
1824 -495
1821 -492
1818 -486
1815 -801
1812 487
1809 614
1806 415
1803 388
1800 -1459
1797 733
1794 -9
1791 -210
1788 871
1785 -668
1782 1861
1779 679
1776 1723
1773 -1096
1770 1787
1767 166
1764 1003
1761 -5
1758 882
1755 1299
1752 367
1749 -836
1746 -1203
1743 1535
1740 211
1737 -59
1734 1602
1731 1269
1728 -597
1725 -358
1722 1777
1719 -1052
1716 655
1713 1893
1710 -1202
1707 -356
1704 -764
1701 -738
1698 -1061
1695 -1634
1692 1169
1689 1619
1686 0
1683 21
1680 -132
1677 1509
1674 -1936
1671 920
1668 -2041
1665 521
1662 1059
1659 847
1656 690
1653 -264
1650 -1316
1647 -872
1644 -346
1641 361
1638 1795
1635 -259
1632 441
1629 884
1626 1363
1623 -509
1620 977
1617 -1746
1614 2027
1611 844
1608 -1725
1605 1325
1602 414
1602 BOTTOMOFSTACK

2013 906
2010 1449
2007 195
2004 711
2001 2001
1998 1292
1995 -1845
1992 423
1989 1116
1986 -2019
1983 -2026
1980 -1694
1977 670
1974 -1004
1971 -867
1968 699
1965 -815
1962 -1307
1959 -1473
1956 -1864
1953 943
1950 -1217
1947 1164
1944 2002
1941 1643
1938 788
1935 1575
1932 1001
1929 -1970
1926 -1977
1923 -1537
1920 1584
1917 1093
1914 318
1911 1130
1908 -1897
1905 1199
1902 -1897
1899 -105
1896 408
1893 -1977
1890 -1313
1887 247
1884 28
1881 -511
1878 286
1875 -2001
1872 -1755
1869 0
1866 -1810
1863 494
1860 804
1857 9
1854 -1200
1851 1040
1848 -476
1845 -1757
1842 -1406
1839 1782
1836 -876
1833 374
1830 455
1827 -871
1824 -1111
1821 1219
1818 102
1815 1400
1812 443
1809 1601
1806 -388
1803 -1172
1800 195
1797 995
1794 -447
1791 -1710
1788 1034
1785 1244
1782 2033
1779 603
1776 -1623
1773 1882
1770 -2042
1767 -1764
1764 904
1761 -474
1758 1000
1755 986
1752 -1977
1749 -1923
1746 -1771
1743 1100
1740 420
1737 -2018
1734 666
1731 456
1728 -751
1725 -185
1722 -1203
1719 139
1716 -947
1713 -1815
1710 -1220
1707 603
1704 1519
1701 1805
1698 691
1695 -555
1692 1458
1689 -1154
1686 -969
1683 -1574
1680 1666
1677 295
1674 -1746
1671 -1639
1668 1755
1665 1923
1662 1543
1659 -1376
1656 -1041
1653 1560
1650 40
1647 560
1644 1044
1641 -1585
1638 1137
1635 1253
1632 -1220
1629 1587
1626 707
1623 -1612
1623 BOTTOMOFSTACK

2049 80
2046 1094
2043 1998
2040 903
2037 2037
2034 1085
2031 1306
2028 -1187
2025 -1556
2022 -1747
2019 1451
2016 1964
2013 -1870
2010 -467
2007 -307
2004 1196
2001 -1205
1998 461
1995 -1247
1992 -997
1989 212
1986 -916
1983 -125
1980 1624
1977 -926
1974 -404
1971 440
1968 -856
1965 -1251
1962 1239
1959 1235
1956 2020
1953 1460
1950 -557
1947 -1292
1944 -145
1941 -59
1938 -590
1935 1087
1932 -1471
1929 2001
1926 -1837
1923 484
1920 -1374
1917 1557
1914 -209
1911 660
1908 1325
1905 1724
1902 -144
1899 -336
1896 -2036
1893 358
1890 -1808
1887 -1822
1884 -1703
1881 1119
1878 -1791
1875 -259
1872 -276
1869 1427
1866 1230
1863 1175
1860 -1401
1857 -1076
1854 1844
1851 1357
1848 -1643
1845 1901
1842 655
1839 1206
1836 1
1833 636
1830 -1599
1827 -683
1824 -1242
1824 BOTTOMOFSTACK

2046 1915
2043 693
2040 1095
2037 2037
2034 1336
2031 732
2028 -1619
2025 697
2022 -1605
2019 -1460
2016 1072
2013 238
2010 709
2007 -1879
2004 893
2001 -1998
1998 469
1995 1341
1992 -1010
1992 BOTTOMOFSTACK

2037 2003
2034 1111
2031 1296
2028 2028
2025 661
2022 -221
2019 -555
2016 275
2013 -131
2010 -1330
2007 -554
2004 -533
2001 1855
1998 606
1995 -1709
1992 -1647
1989 -1649
1986 700
1983 852
1980 -417
1977 -1640
1974 669
1971 856
1968 1745
1965 -335
1962 -1539
1959 -382
1956 450
1953 1646
1950 427
1947 -822
1944 729
1941 653
1938 340
1935 -1930
1932 -1115
1929 195
1926 390
1923 -207
1920 -1739
1917 804
1914 -1184
1911 -1815
1908 646
1905 -1477
1902 -619
1899 -1803
1896 1003
1893 -752
1890 -1857
1887 469
1884 -1413
1881 -1812
1878 826
1875 2025
1872 -329
1869 -430
1866 1789
1863 -2033
1860 1923
1857 1651
1854 67
1851 -1379
1848 834
1845 -818
1842 916
1839 -1311
1836 1034
1833 -462
1830 1736
1827 127
1824 178
1821 1621
1818 795
1815 -1847
1812 722
1809 1430
1806 907
1803 103
1800 52
1797 737
1794 38
1791 -895
1788 -564
1785 -2023
1782 -1285
1779 1190
1776 -736
1773 -713
1770 -250
1767 -606
1764 -434
1761 -1089
1758 -1014
1755 -43
1752 -1011
1749 1515
1746 1320
1743 60
1740 1242
1737 443
1734 150
1731 -748
1728 -664
1725 -1821
1722 339
1719 -1663
1716 -888
1713 658
1710 -353
1707 2036
1704 -1831
1701 1298
1698 -1423
1695 279
1692 -1680
1689 335
1686 605
1683 -1058
1680 -1072
1677 -1006
1674 -385
1671 734
1668 -111
1665 427
1662 -1720
1659 1163
1656 1002
1653 1208
1650 1587
1647 465
1644 1406
1641 804
1638 -416
1635 -948
1632 1988
1629 1829
1626 -1997
1623 1971
1620 499
1617 887
1614 -2032
1611 -540
1608 -2037
1605 -163
1602 -1215
1599 1814
1596 -585
1593 -1366
1590 -1132
1587 1544
1584 1981
1581 1695
1578 78
1575 -1667
1572 -1441
1569 -1187
1566 1596
1563 417
1560 88
1557 -1087
1554 1458
1551 -1189
1548 -273
1545 -890
1542 -1790
1542 BOTTOMOFSTACK

