2016 1508
2013 43
2010 2010
2007 -1594
2004 1988
2001 -19
1998 796
1995 -1235
1992 1028
1989 -292
1986 1575
1983 1697
1980 459
1977 60
1974 283
1971 -1111
1968 -1966
1965 1670
1962 1052
1959 2000
1956 -1892
1953 603
1950 -343
1947 -1512
1944 -1453
1941 -702
1938 182
1935 -585
1932 -1020
1929 1508
1926 -1028
1923 -1330
1920 -1741
1917 439
1914 181
1911 1881
1908 263
1905 353
1902 1302
1899 1005
1896 -887
1893 1328
1890 1908
1887 294
1884 1251
1881 -1044
1878 166
1875 336
1872 1793
1869 -121
1866 1845
1863 2008
1860 1770
1857 1337
1854 -328
1851 762
1848 1033
1845 1590
1842 -2007
1839 1563
1836 -1167
1833 1179
1830 773
1827 2004
1824 -987
1821 1184
1818 524
1815 1951
1812 -1082
1809 505
1806 56
1803 -850
1800 666
1797 -1717
1794 1851
1791 586
1788 866
1785 -1407
1782 190
1779 1402
1776 267
1773 -137
1770 -737
1767 -994
1764 216
1761 605
1761 BOTTOMOFSTACK

