2037 1152
2034 460
2031 1748
2028 7
2025 2025
2022 715
2019 1602
2016 -1038
2013 1255
2010 1958
2007 1346
2004 1755
2001 -1844
1998 -1017
1995 758
1992 1710
1989 1231
1986 103
1983 1032
1980 -1860
1977 1254
1974 1542
1971 -832
1968 1345
1965 143
1962 933
1959 1693
1956 -1255
1953 509
1950 705
1947 1560
1944 1798
1941 957
1938 1211
1935 330
1932 341
1929 543
1926 131
1923 -1008
1920 -1694
1917 176
1914 -1894
1911 -67
1908 -776
1905 696
1902 -1335
1899 724
1896 -325
1893 -1997
1890 239
1887 144
1884 1150
1881 1082
1878 1460
1875 1961
1872 -1940
1869 697
1866 1311
1863 756
1860 1446
1857 147
1854 63
1851 308
1848 -597
1845 -1002
1842 -1900
1839 -602
1836 -261
1833 1187
1830 -764
1827 1005
1824 -214
1821 968
1818 1176
1815 -21
1812 1255
1809 184
1806 -426
1803 -943
1800 -59
1797 986
1794 1892
1791 -1837
1788 -196
1785 -1009
1782 1758
1779 1065
1776 735
1773 2016
1770 1644
1767 1060
1764 55
1761 1961
1758 204
1755 -1802
1752 469
1749 1043
1746 -1431
1743 -1959
1740 -360
1737 940
1734 -2031
1731 -210
1728 560
1725 -2010
1722 -27
1719 -2033
1716 1857
1713 1492
1710 -1640
1707 1382
1704 -1638
1701 -1726
1698 499
1695 803
1692 -104
1692 BOTTOMOFSTACK

2046 1438
2043 754
2040 1294
2037 177
2034 2034
2031 -1622
2028 1476
2025 1203
2022 -2025
2019 125
2016 35
2013 1301
2010 -683
2007 30
2004 -1382
2001 -735
1998 -97
1995 -820
1992 1614
1989 -1109
1986 -1446
1983 1645
1980 -1280
1977 -767
1974 -359
1971 1058
1968 -981
1965 -80
1962 -1043
1959 1102
1956 -1646
1953 1507
1950 1838
1947 1285
1944 -1400
1941 -366
1938 -2004
1935 -918
1932 349
1929 771
1926 -621
1923 926
1920 871
1917 -816
1917 BOTTOMOFSTACK

2052 791
2049 953
2046 347
2043 357
2040 2040
2037 233
2034 238
2031 1916
2028 -1226
2025 -1661
2022 821
2019 -662
2016 488
2013 1043
2010 -658
2007 -646
2004 1911
2001 1266
1998 -333
1995 1478
1992 -1771
1989 573
1986 1767
1983 316
1983 BOTTOMOFSTACK

2025 1587
2022 486
2019 534
2016 2016
2013 1547
2010 424
2007 1006
2004 -1411
2001 -1790
1998 893
1995 1166
1992 -496
1989 -55
1986 -1688
1983 -1340
1980 753
1977 1858
1974 -1125
1971 -1268
1968 -64
1965 -189
1962 -1011
1959 -287
1956 -1856
1953 955
1950 -1340
1947 -1252
1944 1884
1941 -260
1938 1088
1935 873
1932 -44
1929 1947
1926 -559
1923 563
1920 -1654
1917 -1480
1914 838
1911 25
1908 -991
1905 494
1902 1631
1899 -290
1896 -559
1893 1983
1890 -511
1887 746
1884 1206
1881 -1882
1878 -132
1875 660
1872 221
1869 -943
1866 -764
1863 1235
1860 2044
1857 -843
1854 -1314
1851 -92
1848 227
1845 -603
1842 1025
1839 -1937
1836 142
1833 1471
1830 -1681
1827 -17
1824 -1971
1821 -1452
1818 -553
1815 -1871
1812 1531
1809 463
1806 -968
1803 -722
1800 -1370
1797 470
1794 -437
1791 781
1788 -1736
1785 -1547
1782 -1927
1779 1324
1776 -437
1773 0
1770 -538
1767 651
1764 409
1761 -2043
1758 1141
1755 -1801
1752 -99
1749 501
1746 739
1743 -654
1740 674
1737 1208
1734 1733
1731 -99
1728 -664
1725 1429
1722 1549
1719 1875
1716 -7
1713 -768
1710 723
1707 -498
1704 1654
1701 -734
1698 -1188
1695 -1096
1692 -970
1689 686
1686 9
1683 -931
1680 -708
1677 1184
1674 -2002
1671 643
1668 1462
1665 834
1662 1990
1659 -1968
1656 -514
1653 1579
1650 -685
1647 2045
1644 -840
1641 -1472
1638 915
1635 813
1632 1211
1629 -957
1626 -452
1623 -283
1620 -1526
1617 1392
1614 75
1611 -167
1608 -52
1605 -45
1602 -177
1599 -162
1596 -1366
1593 944
1590 -340
1587 1687
1584 292
1581 18
1578 -325
1575 1079
1572 -487
1569 1618
1566 -1258
1563 -1404
1560 -1744
1557 1068
1554 -1069
1551 594
1548 -779
1545 -1528
1542 -1862
1539 -647
1536 313
1533 699
1530 1249
1527 -1400
1524 -158
1521 -1881
1518 -1590
1518 BOTTOMOFSTACK

