2040 1414
2037 492
2034 20
2031 2031
2028 409
2025 -622
2022 644
2019 1930
2016 -427
2013 -475
2010 1606
2007 989
2004 1684
2001 1677
1998 -985
1995 1641
1992 56
1989 -1283
1986 39
1983 1784
1980 -917
1977 1197
1974 1554
1971 247
1968 -532
1965 -1112
1962 696
1959 944
1956 -59
1953 -1685
1950 516
1947 -866
1944 0
1941 1985
1938 1456
1935 -474
1932 -571
1929 -1748
1926 -1421
1923 612
1920 -1949
1917 -1884
1914 1826
1911 1653
1908 -551
1905 1718
1902 -1057
1899 -2033
1896 1889
1893 36
1890 -935
1887 -339
1884 1340
1881 -809
1878 1519
1875 -611
1872 1605
1869 -555
1866 -205
1863 677
1860 -182
1857 -1027
1854 -1611
1851 756
1848 -1888
1845 -787
1842 1558
1839 532
1836 -668
1833 -595
1830 1960
1827 910
1824 1521
1821 1660
1818 1969
1815 -1172
1812 75
1809 -588
1806 1487
1803 -1012
1800 -316
1797 232
1794 1107
1791 -1063
1788 1898
1785 -589
1782 10
1779 1870
1776 58
1773 -1040
1770 1387
1767 1001
1764 209
1761 -703
1758 2026
1755 20
1752 -805
1749 -769
1746 -1677
1743 -1305
1740 -39
1737 1631
1734 -848
1731 -1238
1728 -501
1725 81
1722 573
1719 30
1716 -336
1713 -281
1710 1894
1707 334
1704 2005
1701 -1874
1698 1717
1695 -985
1692 -356
1689 199
1686 643
1683 -778
1680 1885
1680 BOTTOMOFSTACK

2013 2038
2010 1044
2007 213
2004 2004
2001 -1925
1998 242
1995 -936
1992 -415
1989 1127
1986 286
1983 373
1980 -437
1977 607
1974 -549
1971 -654
1968 -1292
1965 1531
1962 -1071
1959 477
1956 -1676
1953 296
1950 1236
1947 -1316
1944 412
1941 16
1938 -834
1935 96
1932 -1287
1929 704
1926 -1423
1923 1759
1920 745
1917 -1660
1914 -608
1911 -1578
1908 -1680
1905 384
1902 -1797
1899 -128
1896 1564
1893 1293
1890 -1334
1887 988
1884 -1495
1881 171
1878 602
1875 1577
1872 1127
1869 -1226
1866 1634
1863 -811
1860 1062
1857 1278
1854 268
1851 697
1848 -966
1845 1459
1842 -520
1839 504
1836 1143
1833 32
1830 -1621
1827 74
1824 1318
1821 -735
1818 -486
1815 2022
1812 -235
1809 904
1806 -612
1803 1653
1800 -140
1797 -1554
1794 567
1791 -166
1788 -1340
1785 450
1782 -1972
1779 -1816
1776 -675
1773 -1682
1770 -909
1767 -1194
1764 -35
1761 639
1758 -1648
1755 -72
1752 1038
1749 677
1746 -1736
1743 1832
1740 -1562
1737 703
1734 -1467
1731 1795
1728 -1859
1725 -825
1722 255
1719 -581
1716 1546
1713 -888
1710 579
1707 -1320
1704 -415
1701 -969
1698 510
1695 -1944
1692 -800
1689 -549
1686 -396
1683 686
1680 -1468
1677 -1735
1674 -382
1671 -440
1668 -363
1665 1248
1662 1020
1659 510
1656 -1911
1653 990
1650 1190
1647 1524
1644 1621
1641 156
1638 873
1635 -1362
1632 -1332
1629 -1372
1626 1652
1623 27
1620 1879
1617 -592
1614 1266
1611 -140
1608 1604
1605 -2037
1602 -495
1599 -1872
1596 -1744
1593 -1461
1590 453
1587 -1513
1584 -675
1581 -635
1578 1458
1575 95
1572 -1859
1569 -531
1566 1621
1563 1084
1560 1226
1557 -1669
1554 712
1551 1154
1548 -802
1545 -1077
1542 1993
1539 255
1536 193
1533 -616
1530 714
1527 440
1524 -502
1521 1009
1518 141
1515 1911
1512 1157
1509 568
1506 -1797
1503 -375
1500 95
1497 -1486
1494 -1344
1491 -1547
1488 -1032
1485 738
1482 -1999
1479 -127
1476 -1630
1473 -186
1470 1340
1467 -231
1464 -1078
1461 -317
1458 369
1455 1662
1452 -818
1449 -1659
1446 -1221
1443 199
1440 -1311
1437 -585
1434 -170
1431 283
1428 1268
1425 -327
1422 335
1419 -896
1416 307
1413 -1657
1410 -116
1407 712
1404 1374
1401 790
1398 -850
1395 -86
1392 779
1389 -1691
1386 128
1383 785
1380 883
1377 -1176
1374 1352
1371 1611
1368 -1856
1365 1341
1362 -1902
1359 -901
1356 -568
1353 329
1350 -501
1347 -1086
1347 BOTTOMOFSTACK

2049 288
2046 1220
2043 369
2040 2040
2037 -1725
2034 -675
2031 416
2028 661
2025 1637
2022 1933
2019 -118
2016 -504
2013 956
2010 -229
2007 -771
2004 1102
2001 81
1998 885
1995 -681
1992 -838
1989 -1323
1986 579
1983 -1729
1980 -2009
1977 1228
1974 -1401
1971 1720
1968 -208
1965 355
1962 1883
1959 1228
1956 -1299
1953 -1299
1950 -1033
1947 -92
1944 -613
1941 -699
1938 1292
1935 1017
1932 1769
1929 230
1926 -417
1923 -32
1920 1809
1917 1846
1914 -1412
1911 341
1908 -759
1905 -321
1902 -468
1899 -1918
1896 -935
1893 -1288
1890 -86
1887 -925
1884 -1811
1881 -530
1878 1977
1875 749
1872 -934
1869 1974
1866 -1964
1863 -1837
1860 119
1857 -808
1854 943
1851 -1454
1848 1474
1845 -1146
1842 1731
1839 -1098
1836 345
1833 -726
1830 -1099
1827 1986
1824 -1554
1821 -2006
1818 -1458
1815 -704
1812 1642
1809 1537
1806 -1715
1803 1819
1800 1606
1797 1681
1794 -239
1791 -191
1788 1268
1785 457
1782 1809
1782 BOTTOMOFSTACK

2040 315
2037 971
2034 177
2031 1410
2028 549
2025 2025
2022 -1084
2019 -106
2016 -1618
2013 1395
2010 2018
2007 -1133
2004 31
2001 1937
1998 1643
1995 1491
1992 1515
1989 1766
1986 927
1983 649
1980 521
1977 -1445
1974 -56
1971 547
1968 296
1965 -1454
1962 19
1959 94
1956 1571
1953 -1535
1950 187
1947 -419
1944 -458
1941 1495
1938 -1069
1935 -1647
1932 -2025
1929 1471
1926 -354
1923 -880
1920 -1879
1917 1806
1914 775
1911 -1567
1908 -1975
1905 -825
1902 -813
1899 -1596
1896 281
1893 899
1890 -231
1887 -924
1884 -972
1881 -1582
1878 1889
1875 435
1872 -1608
1869 268
1866 -242
1863 907
1860 1296
1857 1491
1854 1541
1851 1233
1848 173
1845 1077
1842 -1102
1839 -1774
1836 -1232
1833 1504
1830 923
1827 -1377
1824 -1803
1821 -958
1818 339
1815 -617
1812 222
1809 1746
1806 1209
1803 2012
1800 1517
1797 -1759
1794 -793
1791 1534
1788 665
1785 146
1782 1986
1779 110
1776 -278
1773 1877
1770 708
1767 -405
1764 175
1761 1044
1758 -755
1755 -1696
1752 179
1749 -1795
1746 770
1743 -501
1740 2009
1737 -673
1734 1048
1731 858
1728 1845
1725 1576
1722 -1379
1719 -938
1716 1656
1713 1709
1710 1285
1707 -1838
1704 -1138
1701 -1664
1698 539
1695 -1273
1692 1422
1689 -230
1686 -1985
1683 1603
1680 -301
1677 115
1674 1145
1671 506
1668 1564
1665 -421
1662 906
1659 866
1656 -206
1653 1020
1650 -1515
1647 1585
1644 -827
1641 1275
1638 1310
1635 1348
1632 -1171
1629 -348
1626 -553
1623 -1104
1620 476
1617 -1243
1614 480
1611 -563
1608 1568
1605 -778
1602 1899
1599 1798
1596 -700
1593 -1131
1590 -1426
1587 118
1584 1831
1581 -1589
1578 -1996
1575 -714
1572 391
1569 523
1566 2018
1563 1956
1560 -1384
1557 -81
1554 -144
1551 -245
1548 -351
1545 1810
1542 192
1539 488
1536 570
1533 203
1530 -1459
1527 306
1524 1451
1521 1436
1518 -1347
1515 3
1512 -462
1509 -353
1506 -1108
1503 974
1500 -171
1497 1013
1494 716
1491 1923
1488 -952
1485 -1174
1482 -402
1479 -1669
1476 1246
1476 BOTTOMOFSTACK

2007 1493
2004 464
2001 816
1998 729
1995 1995
1992 928
1989 -15
1986 1396
1983 380
1980 429
1977 284
1974 1913
1971 -1957
1968 -565
1965 -1188
1962 431
1959 -222
1956 -1476
1953 -1121
1950 -1665
1947 -1479
1944 -1218
1941 41
1938 1162
1935 632
1932 -1384
1929 1842
1926 -869
1923 -231
1920 1487
1917 -422
1914 -1505
1911 1434
1908 727
1905 283
1902 -1974
1899 759
1896 1871
1893 -649
1890 498
1887 -1997
1887 BOTTOMOFSTACK

2052 1846
2049 1110
2046 795
2043 539
2040 930
2037 2037
2034 1957
2031 1521
2028 -97
2025 -1335
2022 902
2019 -2027
2016 1930
2013 -1166
2010 -949
2007 1719
2004 -439
2001 -73
1998 63
1995 317
1992 -2025
1989 0
1986 -1242
1983 -1141
1980 144
1977 1763
1974 -1380
1971 814
1968 200
1965 854
1962 893
1962 BOTTOMOFSTACK

