2007 607
2004 1437
2001 702
1998 41
1995 1995
1992 909
1989 1104
1986 -1521
1983 -92
1980 2045
1977 -1204
1974 470
1971 1403
1968 -1109
1965 -1280
1962 -1259
1959 1568
1956 -1984
1953 629
1950 -1130
1947 -1277
1944 1095
1941 -1188
1938 1915
1935 -1737
1932 -1231
1929 -65
1926 239
1923 112
1920 1370
1917 1621
1914 -1767
1911 -827
1908 98
1905 374
1902 1996
1899 488
1896 1144
1893 -1635
1890 -256
1887 1120
1884 381
1881 1230
1878 42
1875 1793
1872 -571
1869 1008
1866 1334
1863 -93
1860 918
1857 424
1854 1550
1851 1502
1848 1510
1845 -335
1842 -1629
1839 933
1836 -1172
1833 1207
1830 12
1827 536
1824 787
1821 1955
1818 1572
1815 1076
1812 -1410
1809 1504
1806 -255
1806 BOTTOMOFSTACK

2019 504
2016 2041
2013 366
2010 693
2007 201
2004 2004
2001 379
1998 -1548
1995 -571
1992 -435
1989 -171
1986 -787
1983 542
1980 354
1977 1725
1974 462
1971 731
1968 259
1965 -1675
1962 -1643
1959 761
1956 576
1953 1073
1950 1354
1947 -1833
1944 879
1941 -1339
1938 943
1935 -1577
1932 1200
1929 54
1926 -315
1923 -1781
1920 -1418
1917 104
1914 577
1911 1523
1908 293
1905 1492
1902 -2036
1899 1145
1896 1656
1893 -320
1890 682
1887 -479
1884 -1971
1881 1614
1878 -335
1875 1567
1872 -1487
1869 1820
1866 -1272
1863 -1834
1860 859
1857 139
1854 -981
1851 -419
1848 -2009
1845 1617
1842 678
1839 -1131
1836 -792
1833 628
1830 393
1827 943
1824 50
1821 1430
1818 -1721
1815 1657
1812 -1796
1809 -167
1806 -1235
1803 1696
1800 1086
1797 289
1794 153
1791 1974
1788 227
1785 -1473
1782 -302
1779 -1125
1776 -1308
1773 -1628
1770 -333
1767 -1946
1764 -821
1761 96
1758 -664
1755 -880
1752 1098
1749 -87
1746 1998
1743 -1091
1740 97
1737 36
1734 -6
1731 744
1728 -154
1725 1978
1722 -1541
1719 -246
1716 -1489
1713 533
1710 1592
1707 -1411
1704 -669
1701 240
1698 -527
1695 146
1692 271
1689 1962
1686 -1440
1683 46
1680 1262
1677 -1653
1674 -1509
1671 1880
1668 -429
1665 1361
1662 -1416
1659 -1685
1656 -725
1653 639
1650 -67
1647 -1248
1644 -604
1641 -1585
1638 -253
1635 923
1632 -600
1629 -1928
1629 BOTTOMOFSTACK

2022 879
2019 1937
2016 1297
2013 396
2010 2010
2007 1189
2004 798
2001 -2035
1998 948
1995 62
1992 1660
1989 688
1986 -1445
1983 1318
1980 -1664
1977 1339
1974 -826
1971 -537
1968 512
1965 -1202
1962 773
1959 -1684
1956 1306
1953 498
1950 -384
1947 1788
1944 -1187
1941 1005
1938 1722
1935 119
1932 -729
1929 -1521
1926 751
1923 1082
1920 -1727
1917 1281
1914 267
1911 684
1908 921
1905 -1834
1902 -1971
1899 1198
1896 1075
1893 1028
1890 100
1887 -1134
1884 1464
1881 -482
1878 612
1875 -799
1872 1037
1869 -183
1866 1908
1863 482
1860 -232
1857 1789
1854 -1301
1851 1898
1848 -884
1845 1266
1842 -352
1839 300
1836 463
1833 1710
1830 -1284
1827 980
1824 641
1821 1726
1818 1182
1815 -1567
1812 1173
1809 1577
1806 -285
1803 776
1800 -224
1797 1283
1794 -514
1791 -305
1788 -872
1785 -707
1782 -744
1779 -64
1776 -595
1773 -753
1770 1225
1767 -821
1764 -58
1761 -313
1758 -1219
1755 1662
1752 -96
1749 -1824
1746 835
1743 -1404
1740 -1755
1737 1006
1734 1927
1731 -1003
1728 1374
1725 -1886
1722 -335
1719 -526
1716 290
1713 -865
1710 -312
1707 795
1704 128
1701 491
1698 891
1695 -1712
1692 1233
1689 -1664
1686 -1951
1683 617
1680 877
1677 -1866
1674 1418
1671 -415
1668 245
1665 -659
1665 BOTTOMOFSTACK

2004 1274
2001 582
1998 1998
1995 1236
1992 1404
1989 1641
1986 1936
1983 -431
1980 -252
1977 -1049
1974 -1682
1971 -1760
1968 -1001
1965 -1395
1962 2010
1959 -1879
1956 1659
1953 -788
1950 -1377
1947 678
1944 -589
1941 -1226
1938 1747
1935 597
1932 -1162
1929 -1058
1926 -72
1923 565
1920 -332
1917 -167
1914 -1588
1911 575
1908 181
1905 -1254
1902 -1457
1899 -908
1896 -317
1893 696
1890 1412
1887 -835
1884 356
1881 -744
1878 1893
1875 385
1872 -50
1869 -1334
1866 -1821
1863 -434
1860 -996
1857 -1318
1854 -1928
1851 1166
1848 -1033
1845 296
1842 -422
1839 499
1836 -1194
1833 950
1830 -413
1827 322
1824 896
1821 437
1818 537
1815 525
1812 -1216
1809 -1760
1806 -916
1803 1153
1800 1497
1797 -469
1794 529
1791 189
1788 -1806
1785 1992
1782 1979
1779 1554
1776 -114
1773 -1234
1770 1437
1767 1435
1764 1792
1761 -852
1758 -1635
1755 1985
1752 1868
1749 -1127
1746 1515
1743 1510
1740 -1748
1737 274
1734 782
1731 -1933
1728 741
1725 -324
1722 -1560
1719 426
1716 1813
1713 452
1710 -1821
1707 -117
1704 -287
1701 1214
1698 1222
1695 -1924
1692 -1707
1689 -1627
1686 979
1683 776
1680 -1123
1677 1795
1674 -1988
1671 -1859
1668 412
1665 -1692
1662 -1909
1659 -951
1656 806
1656 BOTTOMOFSTACK

2046 2017
2043 453
2040 340
2037 780
2034 2034
2031 1184
2028 -1262
2025 -1490
2022 -524
2019 -1747
2016 -289
2013 -324
2010 597
2007 1912
2004 1277
2001 -1529
1998 384
1995 1589
1992 -449
1989 -227
1986 1414
1983 291
1980 -930
1977 982
1977 BOTTOMOFSTACK

2013 2018
2010 1919
2007 1256
2004 975
2001 2001
1998 918
1995 601
1992 -341
1989 474
1986 -1165
1983 -1190
1980 -2011
1977 -639
1974 -651
1971 476
1968 1558
1965 523
1962 -1854
1959 303
1956 -1376
1953 1216
1950 332
1947 0
1944 471
1941 860
1938 227
1935 -3
1932 -1655
1929 224
1926 1539
1923 96
1920 965
1917 1052
1914 -1084
1911 454
1908 1986
1905 -1614
1902 1381
1899 676
1896 -1893
1893 197
1890 -1626
1887 -250
1884 1276
1881 1938
1878 598
1875 -369
1872 1346
1869 -663
1866 2040
1863 1870
1860 -33
1857 -613
1854 -5
1851 26
1848 1485
1845 402
1842 580
1839 -188
1836 944
1833 -1795
1830 -1504
1827 -1548
1824 -345
1821 -75
1818 1248
1815 1534
1812 508
1809 -1058
1806 -1161
1803 1141
1800 1733
1797 -1255
1794 -1251
1791 792
1788 1903
1785 1906
1782 -71
1779 1802
1776 233
1773 -1157
1770 585
1767 1646
1764 1486
1761 1308
1758 1321
1755 1519
1752 526
1749 -892
1746 567
1743 -642
1740 2019
1737 -707
1737 BOTTOMOFSTACK

