2040 595
2037 400
2034 199
2031 29
2028 2028
2028 BOTTOMOFSTACK

2013 1988
2010 210
2007 2007
2004 -320
2001 1271
1998 1465
1995 -150
1992 -177
1989 1540
1986 -411
1983 947
1980 -967
1977 -1881
1974 -1766
1971 1497
1968 -1974
1965 636
1962 -698
1959 236
1956 251
1953 -1034
1950 -584
1947 555
1944 809
1941 1065
1938 -918
1935 1413
1932 680
1929 728
1926 1902
1923 -321
1920 -1795
1917 1535
1914 985
1911 508
1908 -1676
1905 -1403
1902 143
1899 -1816
1896 1761
1893 -1171
1890 -1963
1887 1221
1884 -131
1881 -1512
1878 -1719
1875 -1549
1872 -1297
1869 -927
1866 -1543
1863 -1387
1860 332
1857 25
1854 -1784
1851 650
1848 -358
1845 -947
1842 501
1839 -290
1836 -319
1833 -158
1830 -1867
1827 -1329
1824 -367
1821 -1208
1818 459
1815 1584
1812 -1637
1809 803
1806 -707
1803 1226
1800 451
1797 1011
1794 1954
1791 2019
1788 -1947
1785 -289
1782 714
1779 -646
1776 -989
1773 1057
1770 -1584
1767 -1970
1764 -1277
1761 1485
1758 -865
1755 929
1752 586
1749 658
1746 458
1743 -340
1740 157
1737 1941
1734 1030
1731 -1963
1728 -526
1725 1157
1722 1582
1719 -147
1716 -1580
1713 185
1710 682
1707 1389
1704 896
1701 1878
1698 922
1695 -1777
1692 -927
1689 -583
1686 -1249
1683 274
1680 1267
1677 1940
1674 314
1671 178
1668 121
1665 590
1662 -152
1659 59
1656 1548
1653 -466
1650 -1360
1647 801
1644 1833
1641 -1379
1638 326
1635 -1932
1632 360
1629 995
1626 2009
1623 1016
1620 -1790
1617 996
1614 576
1611 1148
1608 1129
1605 -1209
1602 704
1599 -1571
1596 1360
1593 238
1590 682
1587 751
1584 1317
1581 678
1578 1786
1575 -230
1572 -1752
1569 -1275
1566 -1755
1563 -461
1560 1796
1557 -231
1554 247
1551 -1807
1548 847
1545 1494
1542 -673
1539 766
1536 -2046
1533 -1824
1530 1212
1527 1944
1524 1024
1521 -1433
1518 930
1515 -967
1512 -1684
1509 1584
1506 612
1503 1216
1500 -1707
1497 -1875
1494 669
1491 1978
1488 1612
1485 -583
1482 -1669
1479 -1993
1476 -583
1473 -526
1470 1169
1467 1208
1464 -1147
1461 -61
1458 1714
1455 -1474
1452 1458
1449 1503
1446 -1752
1443 -1486
1440 -1684
1437 -1358
1434 1318
1431 1440
1428 1340
1425 68
1422 -1137
1419 857
1416 692
1413 115
1410 102
1407 149
1404 373
1401 -1941
1398 -1767
1395 1639
1392 229
1389 -413
1386 614
1383 1763
1380 -1467
1377 137
1374 615
1371 -622
1368 -746
1365 1402
1362 884
1359 1727
1356 1788
1353 256
1350 829
1347 -805
1344 1104
1341 -573
1338 -1727
1335 -1708
1332 1187
1329 -2013
1326 77
1323 1884
1320 795
1317 1995
1314 367
1311 -69
1308 -270
1305 -875
1302 13
1299 -1946
1296 1740
1293 -1774
1290 -7
1287 1066
1284 1559
1281 -1125
1278 -1850
1275 -514
1272 1753
1269 892
1266 837
1263 2011
1260 -1805
1257 -1066
1257 BOTTOMOFSTACK

2019 216
2016 231
2013 1245
2010 390
2007 2007
2004 562
2001 -1115
1998 -484
1995 1919
1992 -1827
1989 1406
1986 -1081
1983 1665
1980 669
1977 758
1974 -684
1971 0
1968 623
1965 1036
1962 1378
1959 -1165
1956 1693
1953 1444
1950 1353
1947 970
1944 110
1941 -681
1938 -2030
1935 1975
1932 -1525
1929 -1509
1926 -1916
1923 -92
1920 -778
1917 1126
1914 -464
1911 -1216
1908 -1409
1905 -1660
1902 -678
1899 92
1896 1006
1893 415
1890 -141
1887 -1214
1884 -1785
1881 -299
1878 546
1875 496
1872 410
1869 1676
1866 137
1863 849
1860 -1961
1857 -1426
1854 -907
1851 -1590
1848 -201
1845 1613
1842 1416
1839 1379
1836 1575
1833 1838
1830 1909
1827 1914
1824 384
1821 -1305
1818 -870
1815 1994
1812 -771
1809 -1031
1806 -1409
1803 1451
1800 -1553
1797 -1123
1794 -1500
1791 505
1788 -1327
1785 -100
1782 1403
1779 -563
1776 1567
1773 848
1770 212
1767 -243
1764 -798
1764 BOTTOMOFSTACK

2025 650
2022 543
2019 2019
2016 1009
2013 1642
2010 -130
2007 1571
2004 1641
2001 1265
1998 -1105
1995 -1785
1992 -1502
1989 1204
1986 -1715
1983 -1391
1980 1774
1977 1358
1974 -1627
1971 1110
1968 1996
1965 -969
1962 -1990
1959 -1566
1956 -1659
1953 1167
1950 -178
1947 -1460
1944 -506
1941 -301
1938 -1267
1935 -54
1932 -554
1929 -331
1926 -1488
1923 -577
1920 1074
1917 -1364
1914 1645
1911 787
1908 55
1905 -1114
1902 -1200
1899 -1566
1896 1868
1893 -1227
1890 -1598
1887 1930
1884 -1847
1881 382
1878 -1239
1875 -205
1872 -498
1869 -983
1866 -583
1863 -430
1860 -1907
1857 1368
1854 -1436
1851 789
1848 306
1845 -856
1842 -278
1839 2000
1836 1850
1833 352
1830 1387
1827 -1077
1824 -866
1821 1102
1818 1224
1815 1567
1812 -585
1809 905
1806 688
1803 1543
1800 -1177
1797 2020
1794 1109
1791 1587
1788 -2016
1785 9
1782 1733
1779 -1728
1776 38
1773 1595
1770 791
1767 -1145
1767 BOTTOMOFSTACK

