2007 915
2004 1154
2001 14
1998 1998
1995 -368
1992 -973
1989 -1210
1986 241
1983 233
1980 1540
1977 307
1974 1211
1971 1048
1968 -1142
1965 -990
1962 -1434
1959 -467
1956 -957
1953 1597
1950 1810
1947 1102
1944 1228
1941 -1119
1938 -2011
1935 1511
1932 -1464
1929 -2026
1926 -595
1926 BOTTOMOFSTACK

2034 1644
2031 183
2028 2028
2025 1755
2022 579
2019 933
2016 -140
2013 -968
2010 318
2007 -504
2004 439
2001 -1563
1998 1701
1995 1204
1992 -1309
1992 BOTTOMOFSTACK

2040 869
2037 466
2034 5
2031 323
2028 351
2025 2025
2022 1124
2019 -1587
2016 2031
2013 -1161
2010 271
2007 -1993
2004 -1517
2004 BOTTOMOFSTACK

2055 256
2052 1700
2049 1137
2046 974
2043 549
2040 2040
2037 439
2034 -1116
2031 1683
2028 322
2025 -851
2022 903
2019 500
2016 865
2013 -1533
2010 -1577
2007 -294
2004 2018
2001 152
1998 -565
1995 687
1992 1953
1989 1041
1986 -23
1983 -1749
1980 785
1977 -1590
1974 1480
1971 588
1968 -1620
1965 1830
1962 -531
1959 175
1956 1308
1953 -1352
1950 872
1947 -1399
1944 -1385
1941 330
1938 -1247
1935 -1358
1932 1387
1929 1405
1926 -1694
1923 671
1920 -1997
1917 -175
1914 -1367
1911 -294
1908 1327
1905 -356
1902 -1372
1899 -799
1896 -1262
1893 1
1890 317
1887 -1208
1884 -1378
1881 -1612
1878 1583
1875 -603
1872 705
1869 -434
1866 1660
1863 1230
1860 -1246
1857 313
1854 -1503
1851 129
1848 1363
1845 1293
1842 983
1839 730
1836 1628
1833 -993
1830 1262
1827 -1404
1824 1692
1821 -196
1818 909
1815 -1979
1812 286
1809 174
1806 1303
1803 -5
1800 1476
1797 338
1794 -1845
1791 262
1788 -1213
1785 127
1782 -453
1779 1166
1776 349
1773 -1277
1770 -1622
1767 -1859
1764 -1403
1761 -885
1758 1485
1755 -856
1752 -1899
1749 -1920
1746 -641
1743 -1060
1740 -1031
1737 -907
1734 -1465
1731 1218
1728 590
1725 -2031
1722 1896
1719 802
1716 372
1713 1320
1710 846
1707 -474
1704 1192
1701 -1534
1698 -1253
1695 959
1692 2019
1689 1709
1686 616
1683 636
1680 -360
1677 1594
1674 1128
1671 1434
1668 1489
1665 -1351
1662 -644
1659 -582
1656 -15
1653 -572
1650 -1504
1647 -748
1644 683
1641 23
1638 -1335
1635 -1513
1632 0
1629 -925
1626 -1043
1623 -1897
1620 1506
1617 240
1614 411
1611 -2002
1608 1487
1605 -1389
1602 1376
1599 1161
1596 1154
1593 -64
1590 470
1587 -1644
1584 -912
1581 -1637
1578 464
1575 -1785
1572 1921
1569 1268
1566 1804
1563 -252
1560 -811
1557 -926
1554 1295
1551 1907
1548 -888
1545 277
1542 -577
1539 517
1536 -1212
1533 1205
1530 1523
1527 1301
1524 -207
1521 997
1518 -564
1515 -567
1512 1775
1509 966
1506 113
1503 1481
1500 1006
1497 -739
1494 -829
1491 -1989
1488 81
1485 -25
1482 1065
1479 -1830
1476 -290
1473 1894
1470 794
1467 -1615
1464 -1564
1461 825
1458 -855
1455 1877
1452 107
1449 -975
1446 799
1443 -1522
1440 -605
1437 -860
1434 1307
1431 1262
1428 1782
1425 -1586
1422 -551
1419 917
1416 734
1413 1357
1410 126
1407 -1097
1404 1643
1401 370
1398 419
1395 1806
1392 -460
1389 -1694
1386 493
1383 -1578
1380 127
1377 -614
1374 796
1371 140
1368 -1341
1365 520
1362 -1158
1359 243
1356 1491
1353 714
1350 1435
1347 617
1344 -501
1341 -688
1338 318
1335 -1447
1332 1
1329 1908
1326 -508
1323 -127
1320 39
1317 240
1314 742
1311 -256
1308 1372
1305 1443
1302 756
1299 -240
1296 -1050
1293 162
1290 30
1287 -1972
1284 -244
1281 1219
1278 1522
1275 804
1272 -432
1269 1803
1266 -1597
1263 -1277
1260 -471
1257 154
1254 -274
1251 -693
1248 1175
1245 1960
1242 1272
1239 1729
1236 785
1233 -348
1230 226
1227 -1382
1224 -563
1221 -1276
1218 -665
1215 -1501
1212 135
1209 1973
1206 0
1203 1946
1200 1371
1197 55
1194 16
1191 -27
1188 -1748
1185 -552
1182 932
1179 -1143
1176 -758
1173 -1707
1173 BOTTOMOFSTACK

