2046 131
2043 650
2040 45
2037 2037
2034 674
2031 -737
2028 497
2025 1092
2022 -656
2019 1451
2016 -1190
2013 -1252
2010 -793
2007 -146
2004 -550
2001 -1200
1998 -702
1995 -413
1992 616
1989 923
1986 502
1983 1277
1980 -216
1977 405
1974 -1773
1971 1100
1968 -940
1965 -368
1962 -955
1959 -35
1956 -1458
1953 1647
1950 1861
1947 -816
1944 100
1941 824
1938 -65
1935 -192
1932 1623
1929 -1426
1926 1041
1923 1642
1920 -242
1917 524
1914 -1733
1911 1500
1908 -821
1905 874
1902 -1165
1899 960
1896 225
1893 146
1890 -1687
1887 -641
1884 1979
1881 700
1878 -1050
1875 -734
1872 -1938
1869 -275
1866 1273
1863 1635
1860 1333
1857 1863
1854 -1806
1851 -1405
1848 -154
1845 -539
1842 1973
1839 967
1836 -819
1833 -1892
1830 -1741
1827 7
1824 861
1821 -2010
1818 -1994
1815 -203
1812 1336
1809 -1211
1806 -793
1803 131
1800 -578
1797 -1181
1794 -2036
1791 534
1788 -510
1785 -383
1782 -1828
1779 -1897
1776 493
1773 180
1770 423
1767 -1638
1764 -1817
1761 736
1758 -1279
1755 1249
1752 1648
1749 -712
1746 939
1743 269
1740 -395
1737 -1599
1734 1829
1731 1394
1728 147
1728 BOTTOMOFSTACK

2016 1723
2013 1247
2010 1022
2007 1119
2004 213
2001 2001
1998 1014
1995 1976
1992 -1978
1989 1581
1986 1462
1983 293
1980 -1626
1977 -325
1974 -598
1971 311
1968 -1384
1965 -546
1962 100
1959 1023
1956 1775
1953 -167
1950 -743
1947 773
1944 -1593
1941 681
1938 -1591
1935 404
1932 -497
1929 -1604
1926 -587
1923 -134
1920 983
1917 -1936
1914 1824
1911 -257
1908 -1767
1905 -1989
1902 -1038
1899 -1165
1896 -1073
1893 430
1890 -477
1887 2025
1884 2034
1881 1619
1878 1272
1875 -1630
1872 -1793
1869 125
1866 1687
1863 -820
1860 925
1857 -288
1854 1448
1851 -508
1848 1268
1845 -654
1842 1152
1839 -1843
1836 -366
1833 590
1830 967
1827 1487
1824 -1525
1821 -265
1818 -1010
1815 -2029
1812 -795
1809 1803
1806 1575
1803 -679
1800 664
1797 1024
1794 -1573
1791 -287
1791 BOTTOMOFSTACK

2034 2035
2031 381
2028 2028
2025 -62
2022 -1458
2019 -861
2016 -495
2013 -1489
2010 1625
2007 -1914
2004 -1779
2001 576
1998 749
1995 -845
1992 -1754
1989 857
1986 -368
1983 -1579
1980 -1343
1977 -950
1974 -79
1971 -1801
1968 1862
1965 -816
1962 -1484
1959 1987
1956 -1320
1953 1719
1950 2004
1947 1331
1944 -1191
1941 -48
1938 1308
1935 -1014
1932 1650
1929 -27
1926 -1515
1923 316
1920 1964
1917 520
1914 519
1911 -1610
1908 -88
1905 148
1902 -766
1899 1451
1896 -614
1893 -1197
1890 -857
1887 1671
1884 -1975
1881 -347
1878 -1917
1875 -383
1872 1499
1869 -516
1866 -2036
1863 -999
1860 1926
1857 -1477
1854 961
1851 -1376
1848 -1183
1845 469
1842 876
1839 278
1836 -184
1836 BOTTOMOFSTACK

2019 277
2016 552
2013 2013
2010 1230
2007 -1764
2004 1758
2001 593
1998 -1870
1995 -105
1992 1993
1989 1163
1986 -211
1983 1020
1980 -58
1977 362
1974 1977
1971 -1002
1968 -152
1965 894
1962 -247
1959 -1585
1956 -703
1953 34
1950 -944
1947 1822
1944 335
1941 527
1938 -1057
1935 869
1932 -1834
1929 -484
1926 -1516
1923 792
1920 201
1917 -1058
1914 -908
1911 -1773
1908 1439
1905 -886
1902 -1470
1899 609
1896 1761
1893 44
1890 -852
1887 970
1884 -139
1881 -13
1878 -2008
1875 -769
1872 -1647
1869 -1081
1866 -825
1863 961
1860 -898
1857 -1549
1854 1380
1851 1563
1848 -1211
1845 -1095
1842 -467
1839 -509
1836 1460
1833 -1270
1830 833
1827 -1541
1824 -1481
1821 -1869
1818 280
1815 866
1812 -1511
1809 577
1806 -1877
1803 782
1800 1566
1797 -1571
1794 -2010
1791 596
1788 955
1785 -1271
1782 990
1779 362
1776 369
1773 -1626
1770 -1676
1767 1271
1764 -508
1761 -1753
1758 1052
1755 -1127
1752 1994
1749 -173
1746 522
1743 -324
1740 -1195
1737 1263
1734 -752
1731 -942
1728 1255
1725 1454
1722 -1632
1719 1382
1716 -264
1713 -1372
1710 850
1707 -1652
1704 1658
1704 BOTTOMOFSTACK

2043 1765
2040 191
2037 3
2034 711
2031 2031
2028 591
2025 906
2022 905
2019 1856
2016 909
2013 -1158
2010 -208
2007 -198
2004 1210
2001 79
1998 -1780
1995 -2006
1992 -1924
1989 430
1986 -284
1983 -1625
1980 1200
1977 -896
1974 -1771
1971 1948
1968 2043
1965 -744
1962 1156
1959 -90
1956 -255
1953 610
1950 656
1947 990
1944 879
1941 -636
1938 -939
1935 -1555
1932 -346
1929 -1377
1926 -1156
1923 1626
1920 -1674
1917 1871
1914 -577
1911 -1532
1908 991
1905 520
1902 -2034
1899 -1274
1896 -1145
1893 1873
1890 -1793
1887 651
1884 1855
1881 -1363
1878 -1545
1875 1282
1872 131
1869 -665
1866 -1337
1863 429
1860 653
1857 1647
1854 -1290
1851 -835
1848 633
1845 1539
1842 1386
1839 -420
1836 1349
1833 731
1830 -1175
1827 653
1824 1767
1821 -1100
1818 1100
1815 -542
1812 2029
1809 -1703
1806 0
1803 437
1800 -1613
1797 714
1794 -2012
1791 -904
1788 -1285
1785 -1829
1782 1840
1779 -2015
1776 9
1773 949
1770 874
1767 -527
1764 -183
1761 0
1758 1781
1755 -1411
1752 -474
1749 -932
1746 -513
1743 -1101
1740 -638
1737 1482
1734 -1758
1731 315
1728 -619
1725 354
1722 1228
1719 1394
1716 353
1713 1056
1710 1631
1707 -1013
1704 -62
1701 -706
1698 455
1695 580
1692 199
1689 48
1686 363
1683 -1739
1680 -1259
1677 -1832
1674 -1359
1671 -1733
1668 939
1665 -597
1662 -1024
1659 -774
1656 -978
1653 94
1650 643
1647 1107
1644 1838
1641 1427
1638 971
1635 -371
1632 622
1629 -1076
1626 1793
1623 -1875
1620 682
1617 295
1614 -1780
1611 225
1608 -980
1605 -420
1602 888
1599 -574
1596 -45
1593 1989
1590 -1393
1587 567
1584 9
1581 311
1578 -1539
1575 1677
1572 426
1569 1222
1566 1183
1563 1184
1560 1411
1557 -503
1554 -938
1551 -1382
1548 1835
1545 743
1542 773
1539 -1212
1536 -786
1536 BOTTOMOFSTACK

2031 802
2028 897
2025 2025
2022 1636
2019 -257
2016 1951
2013 -702
2010 -1881
2007 -1893
2004 54
2001 -183
1998 1362
1998 BOTTOMOFSTACK

2034 1299
2031 484
2028 1946
2025 1092
2022 2022
2019 671
2016 -924
2013 1377
2010 1861
2007 -69
2004 383
2001 -1170
1998 -1596
1995 -1949
1992 362
1989 -1165
1986 1417
1983 -30
1980 -73
1977 503
1974 -1500
1971 30
1971 BOTTOMOFSTACK

2022 1525
2019 1659
2016 694
2013 1254
2010 2010
2007 533
2004 141
2001 975
1998 512
1995 -688
1992 -1405
1989 777
1986 -664
1983 1438
1980 1943
1977 159
1974 793
1971 -533
1968 -36
1965 -792
1962 -56
1959 787
1956 1487
1956 BOTTOMOFSTACK

2019 1032
2016 1183
2013 1428
2010 2010
2007 459
2004 1212
2001 -1065
1998 1192
1995 1459
1992 -826
1989 613
1986 871
1983 1969
1980 1350
1977 -28
1974 -387
1971 -1269
1968 1322
1965 1628
1962 1352
1959 -1027
1956 1023
1953 -256
1950 -258
1947 -1514
1944 2030
1941 -817
1938 -1529
1935 1967
1932 -284
1929 -431
1926 404
1923 420
1920 1480
1917 -1262
1914 -873
1911 592
1908 -83
1905 1241
1902 -1323
1899 -960
1896 331
1893 1984
1890 1649
1887 1977
1884 -467
1881 1139
1878 -559
1875 -42
1872 -385
1869 -1675
1866 -1529
1863 53
1860 1310
1857 1743
1854 -914
1851 239
1848 147
1845 -674
1842 -616
1839 1960
1836 -240
1833 581
1830 -861
1827 -566
1824 -1653
1821 1737
1818 1648
1815 -100
1812 -1133
1809 -1242
1806 -656
1803 1783
1800 -1345
1797 -525
1794 -1984
1791 -1924
1788 -674
1785 320
1782 -193
1779 320
1776 765
1773 -1492
1770 1520
1767 1380
1764 -1024
1761 -975
1758 -1560
1755 614
1752 -1212
1749 295
1746 -474
1743 731
1740 665
1737 -1969
1734 -347
1731 229
1728 -1477
1725 1713
1722 692
1719 1083
1716 -1559
1713 -2007
1710 1544
1707 1740
1704 1187
1701 1746
1698 1600
1695 959
1692 600
1689 -840
1686 -2020
1683 -1974
1680 -1089
1677 -990
1674 -640
1671 1774
1668 161
1665 -537
1662 57
1659 180
1656 -1930
1653 1072
1650 1331
1647 -957
1644 863
1641 -947
1638 1033
1635 1814
1632 1950
1629 -97
1626 16
1623 1317
1620 -779
1617 -227
1614 988
1611 -1999
1608 1892
1605 715
1602 -803
1599 -1692
1596 -1132
1593 661
1590 -1548
1587 1017
1584 1386
1581 -1514
1578 241
1575 -675
1572 924
1569 -996
1566 -163
1563 -80
1560 -921
1557 1812
1554 -1293
1551 72
1548 -292
1545 1333
1542 -1119
1539 204
1536 -716
1533 779
1530 307
1527 579
1524 -1572
1521 -10
1518 1642
1515 -855
1512 -1395
1509 -499
1506 -1695
1503 -158
1500 -603
1497 1783
1494 -473
1491 -344
1488 -1779
1485 -1395
1482 950
1479 -830
1476 1331
1473 892
1470 -1237
1467 -181
1464 1056
1461 -561
1458 159
1455 1160
1452 -1462
1449 -290
1446 1359
1443 824
1440 1834
1437 1972
1434 -1234
1431 -436
1428 1711
1425 -122
1422 1396
1419 -1093
1416 -1130
1413 -2045
1410 1528
1407 1020
1404 756
1401 -101
1398 597
1395 656
1392 189
1389 969
1386 1150
1383 1109
1380 -710
1377 -1553
1374 1018
1371 618
1368 320
1365 2034
1362 -832
1359 1744
1356 -1939
1353 1553
1350 1128
1347 226
1344 1810
1341 2045
1338 1333
1335 1442
1332 256
1329 -626
1326 -459
1323 179
1320 -1321
1317 1670
1314 -1548
1311 2029
1308 1134
1305 -1122
1302 -1589
1299 322
1296 1449
1296 BOTTOMOFSTACK

