2034 614
2031 1613
2028 51
2025 1223
2022 4
2019 2019
2016 1756
2013 -1288
2010 -1345
2007 -1596
2004 1172
2001 708
1998 1750
1995 1152
1992 -2025
1989 -640
1986 -1465
1983 800
1980 -962
1977 -1238
1974 687
1971 244
1968 -1428
1965 883
1962 -1532
1959 688
1956 224
1953 -739
1950 -1486
1947 -254
1944 599
1941 2012
1938 -1549
1935 -1238
1932 -1792
1929 1165
1926 722
1923 640
1920 -331
1917 1655
1914 -1535
1911 1325
1908 -1545
1905 -1999
1902 -770
1899 927
1896 -1055
1893 -1914
1890 607
1887 1544
1884 -714
1881 -1094
1878 -1100
1875 1651
1872 -556
1869 1456
1866 -939
1863 797
1860 -1788
1857 -1380
1854 -836
1851 -463
1848 1952
1845 -723
1842 0
1839 -1291
1836 1962
1833 506
1830 -816
1827 1908
1824 -623
1821 1382
1818 1796
1815 -575
1812 -1410
1809 788
1806 -1661
1803 940
1800 -976
1797 -1676
1794 -1305
1791 -1227
1788 -1806
1785 -1993
1782 395
1779 935
1776 -1330
1773 431
1770 687
1767 1945
1764 -116
1761 688
1758 -1554
1755 -1821
1752 -160
1749 -72
1746 -1012
1743 1630
1740 1967
1737 -1068
1734 0
1731 1038
1728 571
1725 -943
1722 -1726
1719 -35
1716 729
1713 -1720
1710 -723
1707 -1323
1704 -936
1701 123
1698 1232
1695 1141
1692 1310
1689 1977
1686 -1309
1683 1668
1680 1729
1677 1041
1674 -145
1671 281
1668 -247
1665 -1388
1662 -1350
1659 1090
1656 -117
1653 -976
1653 BOTTOMOFSTACK

2034 895
2031 346
2028 165
2025 2025
2022 -210
2019 -1243
2016 1135
2013 1972
2010 -697
2007 -1818
2004 565
2001 891
1998 -1648
1995 -68
1992 -455
1989 1440
1986 -1453
1983 -2009
1980 470
1977 -1497
1974 1086
1971 1460
1968 -843
1965 154
1965 BOTTOMOFSTACK

2028 673
2025 1117
2022 16
2019 1560
2016 318
2013 2013
2010 -2038
2007 1519
2004 1328
2001 1937
1998 -970
1995 -155
1992 -1814
1989 1849
1986 77
1983 553
1980 72
1977 66
1974 1240
1971 -33
1968 -2047
1965 -81
1962 1713
1959 1825
1956 1428
1953 771
1950 -239
1947 663
1944 -1623
1941 -1098
1938 -879
1935 1815
1932 407
1929 -1734
1926 -1027
1923 1260
1920 1276
1917 1840
1914 -1304
1911 -1039
1908 -272
1905 1379
1902 1252
1899 -131
1896 337
1893 562
1890 -1360
1887 1481
1884 -673
1881 -1719
1878 2002
1875 1941
1872 887
1869 145
1866 -654
1863 -393
1860 788
1857 -1974
1854 1475
1851 1187
1848 291
1845 1063
1842 -1465
1839 -154
1836 337
1833 402
1830 1598
1827 1475
1824 1031
1821 1649
1818 -721
1815 672
1812 -160
1809 626
1806 -308
1803 -1764
1800 -1625
1797 1456
1794 -2045
1791 898
1788 -1861
1785 -1660
1782 -1995
1779 231
1776 -302
1773 1702
1770 -244
1767 -284
1764 0
1761 968
1758 -176
1755 -23
1752 -723
1749 -585
1746 1201
1743 -1841
1740 -1688
1737 1019
1734 -113
1731 1317
1728 1970
1725 1678
1722 1359
1719 442
1716 1137
1713 -1748
1710 -1916
1707 547
1704 -751
1701 1716
1698 -1202
1695 939
1692 -1471
1689 -400
1686 -572
1683 -519
1680 1099
1677 1069
1674 -1099
1671 1813
1668 642
1665 1837
1662 1877
1659 -332
1656 -993
1653 1197
1650 -819
1647 -1836
1644 -421
1641 -125
1638 1062
1635 -1669
1632 1279
1629 1220
1626 -1222
1623 -774
1620 1587
1617 -498
1614 248
1611 695
1608 -893
1605 -82
1602 824
1599 -597
1596 -1404
1593 1615
1590 -1694
1587 -1957
1584 804
1581 376
1578 844
1575 2017
1572 1687
1569 8
1566 -1402
1563 -898
1560 -1847
1557 1513
1554 740
1551 -1991
1548 1827
1545 1780
1542 -1740
1539 -366
1536 792
1533 720
1530 -1131
1527 1099
1524 1163
1521 -392
1518 -1935
1515 9
1512 1287
1509 -958
1506 -1415
1503 1946
1500 -1564
1500 BOTTOMOFSTACK

2028 2030
2025 510
2022 2022
2019 1399
2016 -1953
2013 -1956
2010 -1545
2007 -442
2004 957
2001 1712
1998 723
1995 -154
1992 -541
1989 1118
1986 -1697
1983 1511
1980 776
1977 656
1974 1623
1971 795
1968 -1273
1965 42
1962 739
1959 1088
1956 217
1953 -1412
1950 1472
1947 -686
1944 1612
1941 2036
1938 1140
1935 1607
1932 1454
1929 -320
1926 1368
1923 -152
1920 1488
1917 873
1914 -1761
1911 -194
1908 -871
1905 1271
1902 -1441
1899 634
1896 413
1893 -792
1890 1114
1887 1833
1884 838
1881 -1241
1878 -1920
1875 914
1872 -1570
1869 -1826
1866 918
1863 13
1860 852
1857 -952
1854 -1826
1851 0
1848 1625
1845 1696
1842 424
1839 -112
1836 86
1833 1981
1830 1398
1827 -339
1824 1648
1821 -1025
1818 -2010
1815 -440
1812 607
1809 -846
1806 1385
1803 498
1800 121
1797 99
1794 -1738
1791 1302
1788 454
1785 -160
1782 1282
1779 190
1776 -364
1773 -1353
1770 -1975
1767 -1494
1764 348
1761 -1098
1758 1995
1755 -792
1752 1776
1749 -972
1746 -1014
1743 1514
1740 477
1737 -1505
1734 -124
1731 9
1728 1426
1725 -631
1722 1528
1719 -65
1716 1918
1713 -1137
1710 -969
1707 -1292
1704 509
1701 1526
1698 -1327
1695 1182
1692 454
1689 -1325
1686 -1349
1683 130
1680 -830
1677 -731
1674 -492
1671 -939
1668 -1015
1665 1022
1665 BOTTOMOFSTACK

2013 264
2010 669
2007 2007
2004 478
2001 1917
1998 452
1995 -1803
1992 301
1989 1496
1986 -540
1983 1029
1980 1431
1977 862
1974 -823
1971 101
1968 1576
1965 1682
1962 186
1959 -1062
1956 1276
1953 -577
1950 -374
1947 -1328
1944 -1970
1941 1402
1938 1926
1935 -1076
1932 990
1929 0
1926 611
1923 1558
1920 -1465
1917 3
1914 -677
1911 1309
1908 -1730
1905 -532
1902 615
1899 -720
1896 373
1893 1310
1890 -1654
1887 -2035
1884 1163
1881 -1316
1878 -999
1875 82
1872 1207
1869 1088
1866 -1574
1863 -606
1860 -141
1857 189
1854 -30
1851 1889
1848 -993
1845 -1281
1842 61
1839 -1536
1836 -1977
1833 -1484
1830 1797
1827 -675
1824 679
1821 -1821
1818 -1023
1815 1612
1812 -908
1809 1147
1806 -247
1803 -702
1800 203
1797 1522
1794 705
1794 BOTTOMOFSTACK

2028 1927
2025 1640
2022 1697
2019 852
2016 2016
2013 1856
2010 -1197
2007 -1540
2004 -1141
2001 -1525
1998 654
1995 109
1992 672
1989 1453
1986 665
1983 1692
1980 -1648
1977 -508
1974 370
1971 1559
1968 56
1965 1188
1962 1767
1959 311
1956 -707
1953 21
1950 -831
1947 717
1944 1761
1941 -118
1938 322
1935 -947
1932 1242
1929 830
1926 1579
1923 -976
1920 -526
1917 -276
1914 852
1911 1984
1908 1655
1905 -351
1902 -309
1899 900
1896 -1646
1893 1032
1890 1643
1887 955
1884 470
1881 568
1878 290
1875 -1980
1872 1782
1869 -1962
1866 390
1863 2030
1860 -1840
1857 446
1854 -855
1851 82
1848 -465
1845 1297
1842 -797
1839 -1976
1836 793
1833 -1182
1830 1219
1827 690
1824 -103
1821 414
1818 -67
1815 -503
1812 1259
1809 1285
1806 -478
1803 769
1800 -986
1797 -222
1794 -605
1791 1804
1788 -1493
1785 1745
1782 1306
1779 -738
1776 719
1773 1243
1770 -1229
1767 1440
1764 -201
1761 1389
1758 1264
1755 1779
1752 0
1749 -148
1746 -237
1743 970
1740 -950
1737 -117
1734 1004
1731 -72
1728 1832
1725 771
1722 1021
1719 -702
1716 -1387
1713 271
1710 -1684
1707 -1139
1704 2002
1701 -1682
1698 493
1695 1510
1692 1956
1689 -1445
1686 493
1683 -88
1680 1817
1677 -233
1674 1406
1671 1124
1668 -1823
1665 1385
1662 31
1659 1645
1656 278
1653 -1194
1650 -1603
1647 -809
1644 1370
1641 -901
1638 -1108
1635 1861
1632 -50
1629 441
1626 497
1623 -1802
1620 -1289
1617 9
1614 1654
1611 -1482
1608 -485
1605 1984
1602 34
1599 1442
1596 196
1593 -1928
1590 507
1587 317
1584 -1007
1581 -1627
1578 -349
1575 -94
1572 -1579
1569 -1219
1566 1027
1563 -163
1560 749
1557 -518
1554 887
1551 -1644
1548 -1277
1545 -1889
1542 1950
1539 158
1536 1976
1533 182
1530 -58
1527 -682
1524 318
1521 1792
1518 -13
1515 1670
1512 602
1509 1398
1506 -509
1503 -962
1500 -1970
1497 -1829
1494 1982
1494 BOTTOMOFSTACK

