2007 753
2004 1309
2001 48
1998 1998
1995 0
1992 1578
1989 1123
1986 -490
1983 754
1980 -660
1977 696
1974 -1616
1971 -1382
1968 -1311
1965 -510
1962 -1507
1959 685
1956 1013
1953 -1582
1950 71
1947 -300
1944 1513
1941 1533
1938 -698
1935 -1776
1932 -920
1929 -1689
1926 1675
1923 -1351
1920 1966
1917 -1427
1914 -1477
1911 -405
1908 -363
1905 1386
1902 1185
1899 1656
1896 -1038
1893 1591
1890 2030
1887 1385
1884 -1979
1881 -489
1878 -1778
1875 -1821
1872 -1777
1869 -1904
1866 -1408
1863 1262
1860 1326
1857 -1025
1854 -900
1854 BOTTOMOFSTACK

2004 104
2001 1866
1998 243
1995 1995
1992 -884
1989 -1327
1986 556
1983 524
1980 -1163
1977 1227
1974 1280
1971 -809
1968 -679
1965 -1194
1962 -102
1959 -2001
1956 592
1953 1457
1950 -673
1947 -1386
1944 -955
1941 599
1938 -927
1935 -1682
1932 811
1929 -1308
1926 -150
1923 1428
1920 -1984
1917 1101
1914 1648
1911 1070
1908 1933
1905 -1901
1902 -190
1899 -1968
1896 792
1893 -870
1890 -772
1887 1226
1884 0
1881 -1394
1878 762
1875 1338
1872 96
1869 1278
1866 1142
1863 1356
1860 -1744
1857 -1867
1854 1220
1851 1711
1848 -538
1845 -335
1842 1895
1839 -1732
1836 -268
1833 -990
1830 1362
1827 -1281
1824 -151
1821 -102
1818 -732
1815 -661
1812 -536
1809 618
1806 1923
1803 508
1800 -730
1797 -706
1794 -1265
1791 -212
1788 -585
1785 1449
1782 1095
1779 357
1776 -1922
1773 -2000
1770 -629
1767 -968
1764 839
1761 1591
1758 2033
1755 1201
1752 142
1749 1234
1746 1772
1743 -776
1740 1680
1737 843
1734 755
1731 -2017
1728 -54
1725 217
1722 -513
1719 1120
1716 1440
1713 133
1710 -29
1707 1363
1704 9
1701 -393
1698 1449
1695 -517
1692 -10
1689 1732
1686 -1093
1683 220
1680 939
1677 -723
1674 1124
1671 641
1668 -1282
1665 -1795
1662 177
1659 854
1656 -982
1653 -2017
1650 -690
1647 693
1644 828
1641 -1192
1638 647
1635 -1900
1632 1433
1629 18
1626 -449
1623 -398
1620 807
1617 775
1614 -237
1611 -584
1608 -347
1605 -338
1602 -1299
1599 -678
1596 419
1593 -1080
1590 1795
1587 1065
1584 -2016
1581 -1574
1578 1047
1575 163
1572 -781
1569 -1574
1566 1146
1563 -813
1560 842
1560 BOTTOMOFSTACK

2007 1310
2004 776
2001 432
1998 1998
1995 1235
1992 832
1989 -1167
1986 367
1983 -1495
1980 -576
1977 2042
1974 -1836
1971 1654
1968 -570
1965 -681
1962 750
1959 461
1956 1707
1953 1861
1950 -1912
1947 -105
1944 -596
1941 172
1938 -1561
1935 1930
1932 1277
1929 -907
1926 1628
1923 -1313
1920 -510
1920 BOTTOMOFSTACK

2031 889
2028 339
2025 2045
2022 618
2019 2019
2016 0
2013 -747
2010 -504
2007 1069
2004 -1785
2001 120
1998 -928
1995 -1646
1992 93
1989 -494
1986 -1418
1983 653
1980 -1721
1977 589
1974 399
1971 -1010
1968 -1337
1965 525
1962 1491
1959 -1430
1956 181
1953 -1189
1950 -847
1947 -1941
1944 1978
1941 -552
1938 -1177
1935 1396
1932 1680
1929 -803
1926 481
1923 -1165
1920 77
1917 1283
1914 1834
1911 -1897
1908 -1701
1905 -877
1902 1889
1899 413
1896 1765
1893 1684
1890 1584
1887 -1821
1884 1461
1881 752
1878 884
1875 -1082
1872 -1485
1869 -2001
1866 1930
1863 -458
1860 -435
1857 -1144
1854 -1293
1851 1685
1848 -879
1845 -62
1842 -1495
1839 -236
1839 BOTTOMOFSTACK

2028 1516
2025 1412
2022 813
2019 2019
2016 -1119
2013 -1978
2010 -672
2007 79
2004 -64
2001 -1649
1998 1835
1995 -1888
1992 -9
1989 -1620
1986 1973
1983 -33
1980 -996
1977 532
1974 649
1971 775
1968 1803
1965 890
1962 -1815
1959 1939
1956 218
1953 -513
1950 -360
1947 -909
1944 41
1941 -5
1938 2024
1935 -637
1932 1350
1929 -898
1926 -255
1923 409
1920 -169
1917 -937
1914 1946
1911 423
1908 1502
1905 -1248
1902 -422
1899 1037
1896 -772
1893 -208
1890 2008
1887 -1577
1884 1009
1881 1683
1878 -763
1875 -826
1872 -1916
1869 -693
1866 1492
1863 -330
1860 -1558
1857 1337
1854 -1498
1851 1427
1848 -1037
1845 753
1842 -1970
1839 584
1836 951
1833 -1398
1830 1689
1827 1559
1824 -1346
1821 1683
1818 694
1815 1222
1812 -1101
1809 -965
1806 281
1803 137
1800 346
1797 -1648
1794 936
1791 419
1788 737
1785 59
1782 -1382
1779 -630
1776 490
1773 -1747
1770 -1971
1767 1141
1764 166
1761 1488
1758 -731
1755 -1015
1752 1138
1749 1698
1746 -497
1743 -792
1740 1107
1737 -1066
1734 1521
1731 1818
1728 1201
1725 1973
1722 -985
1719 633
1716 1315
1713 1888
1710 1552
1707 -1000
1704 621
1701 1910
1698 -1693
1695 1512
1692 1896
1689 236
1686 -965
1683 1833
1683 BOTTOMOFSTACK

2019 1169
2016 981
2013 2013
2010 -628
2007 256
2004 1563
2001 -1415
1998 -185
1995 1823
1992 202
1989 788
1986 -1351
1983 1820
1980 -668
1977 -1508
1974 -453
1971 1421
1968 -1790
1965 403
1962 -1697
1959 -184
1956 -23
1953 -668
1950 441
1947 5
1944 -1820
1941 -512
1938 -2043
1935 927
1932 -174
1929 1640
1926 -888
1923 19
1920 629
1917 1845
1914 -857
1911 -286
1908 -1512
1905 1066
1902 1262
1899 -1154
1896 -1281
1893 -483
1893 BOTTOMOFSTACK

2001 1061
1998 1137
1995 1995
1992 1335
1989 -275
1986 -1809
1983 -1825
1980 -980
1977 -1278
1974 -1453
1971 694
1968 795
1965 1334
1962 -1803
1959 -1503
1956 295
1953 375
1950 -51
1947 1846
1944 762
1941 1851
1938 -721
1935 726
1932 1711
1929 449
1926 954
1923 1535
1920 1672
1917 -1311
1914 969
1911 539
1908 -1632
1905 -61
1902 1416
1899 -1914
1896 1382
1893 1632
1890 -407
1887 -199
1884 -1653
1881 150
1878 -1944
1875 -1545
1872 -93
1869 -1924
1866 -193
1863 1725
1860 -1717
1857 -1608
1854 -485
1851 1281
1848 -1810
1845 251
1842 -2007
1839 760
1836 1576
1833 2039
1830 -1200
1827 173
1824 1341
1821 -301
1818 434
1815 429
1812 -1325
1809 1836
1806 820
1803 -589
1800 1042
1797 1406
1794 -500
1791 908
1788 168
1785 1845
1782 757
1779 404
1776 -156
1773 -1474
1770 -12
1767 847
1764 -919
1761 1735
1758 1856
1755 -833
1752 1488
1749 -696
1746 1761
1743 1098
1740 1224
1737 -51
1734 -1803
1731 -798
1728 -754
1725 1745
1722 -1553
1719 1181
1716 -428
1713 -544
1710 -1926
1707 -1051
1704 -618
1701 -1294
1698 1141
1695 -623
1692 1702
1689 10
1686 575
1683 307
1680 -1025
1677 1228
1674 -1728
1671 1279
1668 1297
1665 -1103
1662 34
1659 336
1656 -425
1653 -1813
1650 -736
1647 1916
1644 -369
1641 -647
1638 726
1635 1088
1632 1310
1629 -514
1626 -1218
1623 408
1620 -1761
1617 -308
1614 238
1611 1471
1608 1865
1605 -266
1602 -1520
1599 -548
1596 521
1593 -820
1590 -808
1587 -1806
1584 -231
1581 1428
1578 474
1575 1792
1572 -991
1569 -379
1566 1886
1563 1973
1560 -1175
1557 228
1554 -797
1551 767
1548 -1497
1545 1319
1542 153
1539 -128
1536 -242
1533 1048
1530 -595
1527 -456
1524 1043
1521 668
1518 346
1515 369
1512 -1265
1512 BOTTOMOFSTACK

