2040 805
2037 302
2034 507
2031 838
2028 12
2025 2025
2022 -322
2019 -1353
2016 1463
2013 -1890
2010 2007
2007 947
2004 -655
2001 -1870
1998 -788
1995 -2033
1992 -1731
1989 -91
1986 -1736
1983 161
1980 1457
1977 -39
1974 240
1971 1811
1968 75
1965 -652
1962 -1797
1959 -416
1956 1182
1953 -2044
1950 34
1947 -32
1944 -1932
1941 1395
1938 1389
1935 1933
1932 1766
1929 -136
1926 1009
1923 0
1920 -1769
1917 -738
1914 -62
1911 1211
1908 -1528
1905 -443
1902 2003
1899 2017
1896 -291
1893 -347
1890 1029
1887 548
1884 -1522
1881 -1148
1878 692
1875 1391
1872 -861
1869 -424
1866 -356
1863 602
1860 698
1857 -1652
1854 -1699
1851 1216
1848 -1093
1845 759
1842 1968
1839 554
1836 997
1833 -1759
1830 95
1827 -655
1824 1877
1821 -1850
1818 1663
1815 892
1812 1700
1809 -166
1806 -1512
1803 886
1800 371
1797 -1741
1794 -1765
1791 -2016
1788 -1116
1785 1814
1782 -1636
1779 -1599
1776 213
1773 742
1770 1765
1767 355
1764 1501
1761 -529
1758 -692
1755 -28
1752 1603
1749 2008
1746 -1678
1743 0
1740 -849
1737 -1776
1734 -197
1731 -376
1728 668
1725 -893
1722 -1935
1719 1623
1716 -896
1713 567
1710 -1216
1707 -1635
1704 886
1701 -1859
1698 1198
1695 -1230
1692 1919
1689 1802
1686 -2020
1683 1851
1680 73
1677 -247
1674 505
1671 351
1668 941
1665 -1714
1662 -652
1659 9
1656 -1996
1653 -1458
1650 -814
1647 -1372
1644 1656
1641 1436
1638 1545
1635 1733
1632 -369
1629 -824
1626 -404
1623 -1405
1620 750
1617 1864
1614 259
1611 -646
1608 -1884
1605 -112
1602 -667
1599 -849
1596 -1165
1593 0
1590 2038
1587 95
1584 1173
1581 1837
1578 1109
1575 -510
1572 1301
1569 1523
1566 1559
1563 1417
1560 2039
1557 -1687
1554 754
1551 1401
1548 1242
1545 1937
1542 986
1539 474
1536 958
1533 801
1530 1514
1527 -1483
1524 1063
1521 1560
1518 -1469
1515 1110
1512 -561
1509 -512
1506 764
1503 1441
1500 -705
1497 -329
1494 -880
1491 1568
1488 1496
1485 -2039
1482 1140
1479 -1919
1476 226
1473 1676
1470 -420
1467 653
1464 -210
1461 676
1458 -1898
1455 -957
1452 -1047
1449 -1534
1446 745
1443 822
1440 1872
1437 1571
1434 -1803
1431 -1586
1428 1553
1428 BOTTOMOFSTACK

2034 1774
2031 186
2028 2028
2025 -493
2022 227
2019 -1908
2016 1323
2013 -1403
2010 160
2007 1834
2004 -1123
2001 207
1998 523
1995 432
1992 334
1989 -844
1986 1765
1983 -1465
1980 1968
1977 1623
1974 -1743
1971 426
1968 1288
1965 -1160
1962 1074
1959 56
1956 -320
1953 -522
1950 1723
1947 778
1944 -866
1941 1234
1938 1764
1935 -824
1932 1422
1929 1627
1926 785
1923 120
1920 1395
1917 768
1914 344
1911 -233
1908 117
1905 -860
1902 -1279
1899 369
1896 -1689
1893 -1100
1890 -1186
1887 -1364
1884 1989
1881 1867
1878 1234
1878 BOTTOMOFSTACK

