2034 1305
2031 21
2028 2028
2025 180
2022 -1751
2019 -424
2016 -2007
2013 -1919
2010 662
2007 -1929
2004 -605
2001 -737
1998 1199
1995 -1963
1992 1676
1989 1407
1986 1732
1983 1980
1980 684
1977 -644
1974 -921
1971 2034
1968 -714
1965 1144
1962 -1359
1959 -397
1956 396
1953 285
1950 1963
1947 -1997
1944 -1525
1941 -422
1938 1083
1935 1962
1932 -217
1929 1237
1926 452
1923 -1486
1920 593
1917 726
1914 1155
1911 -1046
1908 2025
1905 241
1902 -1157
1899 445
1896 -266
1893 1874
1890 18
1887 490
1884 -499
1881 565
1878 564
1875 1718
1872 361
1869 770
1866 -1758
1863 632
1860 39
1857 607
1854 -1846
1851 -950
1848 550
1845 -1809
1842 -2033
1839 1937
1836 1363
1833 1725
1830 -544
1827 1774
1824 -1035
1821 -1068
1818 1469
1815 1069
1812 -1572
1809 -879
1806 590
1803 1177
1800 -1155
1797 -459
1794 1618
1791 1116
1788 -590
1785 1500
1782 -971
1779 1351
1776 727
1773 -1935
1770 803
1767 -846
1764 382
1761 946
1758 905
1755 1417
1752 -32
1749 1214
1746 1092
1743 1495
1740 -1087
1737 -691
1734 1400
1731 -2010
1728 -1789
1725 -1346
1722 310
1719 1464
1716 799
1713 871
1710 -476
1707 -403
1704 -295
1701 -446
1698 -125
1695 682
1692 68
1689 -679
1686 -1418
1683 952
1680 1814
1677 -1802
1674 -633
1671 185
1668 -649
1665 -1929
1662 -370
1659 1591
1656 -1277
1653 1604
1650 869
1647 -656
1644 1709
1641 -1264
1638 -63
1635 -739
1632 -2029
1629 -1079
1626 63
1623 -1582
1620 1100
1617 -718
1614 -861
1611 178
1608 1690
1605 -287
1602 -1883
1599 184
1596 -183
1593 1764
1590 556
1587 928
1584 1828
1581 436
1578 -673
1575 -778
1572 -1718
1569 1581
1566 469
1563 494
1560 -1868
1557 1013
1554 -1278
1551 -1493
1548 581
1545 -1550
1542 305
1539 -300
1536 709
1533 -1649
1530 967
1527 177
1524 1491
1521 1701
1518 -1206
1515 1050
1512 1823
1509 1089
1506 -699
1503 141
1500 1801
1497 -1083
1494 1253
1491 -720
1488 1597
1485 -1955
1482 802
1479 -1087
1479 BOTTOMOFSTACK

2019 374
2016 1168
2013 287
2010 198
2007 2007
2004 -170
2001 -1920
1998 1434
1995 -972
1992 -847
1989 -1813
1986 1056
1983 -1973
1980 1379
1977 1764
1974 -2042
1971 -464
1968 -943
1965 126
1962 1922
1959 -1568
1956 1858
1953 1445
1950 1269
1947 -1218
1944 -1401
1941 -1014
1938 1022
1935 1581
1932 -267
1929 190
1926 1974
1923 -1978
1920 -1638
1917 873
1914 -232
1911 497
1908 1104
1905 1196
1902 1723
1899 1747
1896 -557
1893 -479
1890 802
1887 989
1884 1642
1881 -840
1878 2025
1875 1543
1872 647
1869 -1583
1866 1373
1863 1746
1860 2040
1857 -2005
1854 -39
1851 1710
1848 -2025
1845 -87
1842 -1572
1839 1560
1836 1555
1833 933
1830 -54
1827 734
1824 -1238
1821 470
1818 -326
1815 1166
1812 -1301
1809 437
1806 707
1803 -65
1800 -574
1797 1117
1794 95
1791 -1846
1788 -1270
1785 -1149
1782 543
1779 -1135
1776 -1084
1773 -1158
1770 -350
1767 -1803
1764 -284
1761 -469
1758 -1743
1755 -885
1752 968
1749 -346
1746 1217
1743 -1506
1740 637
1737 1711
1734 811
1731 163
1728 142
1725 587
1722 893
1719 1609
1716 1330
1713 1407
1710 2035
1707 -1399
1704 -1512
1701 1640
1698 -711
1695 371
1692 -554
1689 -248
1686 2033
1683 1934
1680 0
1677 475
1674 -89
1671 37
1668 -518
1665 -1666
1662 1280
1659 -1059
1656 1707
1653 -1039
1650 1218
1647 -1182
1644 -373
1641 -1990
1638 730
1635 31
1632 -1129
1629 58
1626 -586
1623 1444
1620 775
1617 1028
1614 1444
1611 350
1608 -1790
1605 402
1602 -1682
1599 -1513
1596 -193
1593 527
1590 797
1587 -976
1584 -1040
1581 -673
1578 705
1575 -1853
1572 -606
1569 -1892
1566 967
1563 206
1560 -570
1557 478
1554 1667
1551 -634
1548 1112
1545 -658
1542 482
1539 -283
1536 1759
1533 1979
1530 -1875
1527 -1990
1524 491
1521 -1537
1518 -1741
1515 1634
1512 -79
1509 -1835
1506 -1774
1503 1202
1500 -259
1497 -1106
1494 -1318
1491 595
1488 -1665
1485 645
1482 -1986
1479 1636
1476 -1555
1473 -1775
1470 -1741
1467 -549
1464 2021
1461 686
1458 456
1455 996
1452 -742
1449 455
1446 -282
1443 450
1440 1315
1437 1032
1434 -1315
1431 942
1428 108
1425 -57
1422 102
1419 1529
1416 705
1413 1830
1410 1534
1407 1189
1404 1443
1401 1701
1398 -722
1395 2043
1392 -1811
1389 1921
1386 1727
1383 616
1380 405
1377 217
1374 -1333
1371 1284
1368 -1078
1365 -291
1362 1446
1359 691
1356 -1950
1353 -1992
1350 -643
1347 807
1344 -1817
1341 -150
1338 1413
1335 -814
1332 498
1329 1974
1326 -918
1323 1238
1320 888
1317 -1598
1314 -245
1311 1099
1308 0
1305 1267
1302 -1735
1299 -1652
1296 757
1293 -1869
1290 1687
1287 1254
1284 1010
1281 -1811
1278 -547
1275 1901
1272 1580
1269 -37
1266 1886
1263 1092
1260 -1275
1257 1674
1254 783
1251 -1116
1248 958
1245 -148
1242 1979
1239 97
1236 61
1233 -1926
1230 -878
1227 366
1224 1924
1221 -1071
1218 -815
1215 -427
1212 -1789
1209 1346
1206 -1269
1203 1509
1200 1351
1197 862
1194 407
1191 -289
1188 342
1185 473
1182 0
1179 -1302
1176 -1502
1173 -1939
1170 -735
1167 173
1164 944
1161 1930
1158 -1676
1155 1697
1152 1088
1149 -256
1146 1733
1143 -1871
1140 -1933
1137 436
1134 -1526
1131 528
1128 2039
1125 -2034
1122 -2007
1119 -1990
1116 1746
1113 -1956
1110 -1910
1107 -1201
1104 -1758
1101 1276
1098 -1906
1095 -242
1092 614
1089 -1791
1086 -691
1083 -952
1080 -1800
1077 -113
1074 110
1071 -813
1068 1155
1065 -1347
1062 15
1062 BOTTOMOFSTACK

2022 1883
2019 372
2016 2016
2013 658
2010 -854
2007 -801
2004 -1995
2001 -1288
1998 1642
1995 -432
1992 1068
1989 1372
1986 -1496
1983 -1008
1980 -99
1977 -1768
1974 503
1971 193
1968 -1834
1965 644
1962 1666
1959 -1827
1956 943
1953 -1339
1950 -1085
1947 1673
1944 -1428
1941 732
1938 -2045
1935 1901
1932 1294
1929 -350
1926 1309
1923 -1026
1920 1517
1917 -980
1914 967
1911 -1895
1908 -1514
1905 -604
1902 1016
1899 -1239
1896 1404
1893 -1215
1890 447
1887 -1639
1884 1662
1881 -930
1878 -1949
1875 -1584
1872 -1268
1869 1276
1866 -23
1863 -1459
1860 2007
1857 1820
1854 381
1851 1399
1848 -1339
1845 -911
1842 -1768
1839 -1204
1836 -1351
1833 559
1830 0
1827 1965
1824 -1805
1821 1726
1818 -1941
1815 1219
1812 -647
1809 1732
1806 -1645
1803 -1151
1800 381
1797 -1313
1794 315
1791 -1360
1788 1243
1785 1058
1782 1463
1779 1600
1776 -1705
1773 1059
1770 -1339
1767 1108
1764 -1798
1761 1904
1758 -1167
1755 -1708
1752 -1762
1749 663
1746 -1236
1743 -720
1740 -533
1737 -134
1734 1599
1731 1124
1728 1229
1725 -35
1722 833
1719 -1498
1716 9
1713 65
1710 -76
1707 632
1704 1454
1701 -195
1698 465
1695 1998
1692 -580
1689 1484
1686 564
1683 -471
1680 352
1677 -1422
1674 -361
1671 -613
1668 -791
1665 -108
1662 -447
1659 -1688
1656 -915
1653 1093
1650 124
1647 -1637
1644 -423
1641 1537
1638 1354
1635 -438
1632 -1628
1629 1191
1626 809
1623 1643
1620 776
1617 786
1614 750
1611 665
1608 1467
1605 1117
1602 151
1599 -121
1596 1978
1593 588
1590 502
1587 1673
1584 1054
1584 BOTTOMOFSTACK

2028 503
2025 1877
2022 427
2019 836
2016 561
2013 2013
2010 -68
2007 -1307
2004 -1687
2001 1866
1998 -2032
1995 1754
1992 -962
1989 -1507
1986 -1453
1983 -1696
1980 1968
1977 -829
1974 -1020
1971 -107
1968 -766
1965 -1186
1962 -1274
1959 425
1956 -728
1953 1382
1950 -236
1947 -596
1944 1371
1941 1917
1938 -882
1935 54
1932 -578
1929 1886
1926 1926
1923 1156
1920 -384
1917 1939
1914 -1040
1911 1339
1908 -1765
1905 755
1902 -99
1899 1483
1896 -1941
1893 1439
1890 863
1887 -966
1884 688
1881 1124
1878 1782
1875 930
1872 181
1872 BOTTOMOFSTACK

2043 1029
2040 1108
2037 1539
2034 732
2031 2031
2028 -188
2025 -777
2022 766
2019 -88
2016 -1481
2013 482
2010 -549
2007 -118
2004 736
2001 -1043
1998 834
1995 -611
1992 -867
1989 1347
1986 -1546
1983 -1798
1980 -1885
1977 -94
1974 -168
1971 -1186
1968 -843
1965 -1411
1962 795
1959 611
1956 -69
1953 1849
1950 1324
1947 1543
1944 -377
1941 -251
1938 -1953
1935 1421
1932 -1880
1929 -969
1926 -604
1923 219
1920 -573
1917 -229
1914 -1018
1911 -783
1908 -272
1905 1917
1902 -544
1899 934
1896 -568
1893 -2011
1890 -1462
1887 796
1884 -241
1881 -1963
1878 852
1875 588
1872 -1400
1869 -1218
1866 251
1863 1623
1860 241
1857 -90
1854 -764
1851 1785
1848 -1037
1845 -447
1842 -218
1839 8
1836 -1210
1833 238
1830 -806
1827 1139
1824 1421
1821 1742
1818 1077
1815 1308
1812 370
1809 -995
1806 -25
1803 1902
1800 -1310
1797 1883
1794 1857
1791 1963
1788 341
1785 2022
1782 -1226
1779 1682
1776 -1161
1773 1408
1770 -1136
1767 1883
1764 1382
1761 -812
1758 -1996
1755 -390
1752 -1729
1749 383
1746 1699
1743 -1628
1740 -49
1737 558
1734 371
1731 219
1728 -1985
1725 -356
1722 -278
1722 BOTTOMOFSTACK

2031 697
2028 1477
2025 590
2022 703
2019 924
2016 2016
2013 0
2010 -141
2007 1762
2004 456
2001 -1216
1998 682
1995 -430
1992 -549
1989 -937
1986 -1338
1983 1870
1980 1253
1977 9
1974 1559
1971 902
1968 -6
1965 -1764
1962 992
1959 30
1956 -1203
1953 -1150
1950 -1687
1947 1328
1944 -324
1941 -1036
1938 -1100
1935 -119
1932 -450
1929 383
1926 1178
1923 1949
1920 1395
1917 -1726
1914 -1296
1911 -1426
1908 -1603
1905 1334
1902 -626
1899 551
1896 -1952
1893 1564
1890 -1823
1887 -1654
1884 1990
1881 -570
1878 398
1875 18
1872 1015
1869 1545
1866 1244
1863 -1484
1860 -134
1857 -2019
1854 -1805
1851 541
1848 912
1845 -1994
1842 1247
1839 -1437
1836 32
1833 531
1830 1149
1827 947
1824 -725
1821 467
1818 815
1815 -890
1812 1204
1809 -954
1806 -1338
1803 -1011
1800 -335
1797 542
1794 -1620
1791 228
1788 -499
1785 1792
1782 -1931
1779 459
1776 -397
1773 1216
1770 657
1767 617
1764 -396
1761 27
1758 1937
1755 -15
1752 1724
1749 116
1746 -344
1743 -962
1740 -1584
1737 -1290
1734 -582
1731 883
1728 -1796
1725 -1188
1722 286
1719 -347
1716 1792
1713 1553
1710 -597
1707 36
1704 130
1701 -49
1698 1750
1695 -1603
1692 1734
1689 943
1686 -715
1683 -1264
1680 1945
1677 -1817
1674 1131
1671 -1262
1668 1982
1665 -1329
1665 BOTTOMOFSTACK

