2031 1915
2028 1972
2025 1
2022 2022
2019 0
2016 618
2013 1474
2010 1878
2007 -555
2004 -845
2001 -1505
1998 -552
1995 1275
1992 102
1989 -1334
1986 -1935
1983 -1641
1980 9
1977 1139
1974 -987
1971 -1698
1968 1458
1965 -1312
1962 291
1959 62
1956 -807
1953 432
1950 307
1947 -2041
1944 -1111
1941 2046
1938 1860
1935 -1582
1932 95
1929 -1216
1926 2024
1923 -1917
1920 1957
1917 -629
1914 -778
1911 -702
1908 340
1905 871
1902 919
1899 -508
1896 1902
1893 -360
1890 1237
1887 -1589
1884 -650
1881 -388
1878 -112
1875 18
1872 -1817
1869 -954
1866 -1586
1863 2045
1860 532
1857 1249
1854 1807
1851 943
1848 1122
1845 859
1842 -154
1839 1303
1836 756
1833 16
1830 -1024
1827 -624
1824 1483
1821 1044
1818 -245
1815 -622
1812 -112
1809 27
1806 1690
1803 -226
1800 -1475
1797 -1643
1794 -1615
1791 992
1788 -667
1785 -1926
1782 92
1779 180
1776 189
1773 1309
1770 -99
1767 -1527
1764 -1632
1761 1732
1758 -496
1755 -1474
1752 -220
1749 -1787
1746 -1860
1743 -340
1740 -568
1737 -521
1734 -1605
1731 1050
1728 -273
1725 538
1722 -1935
1719 -878
1716 992
1713 -544
1710 36
1707 -1917
1704 312
1701 1871
1698 985
1695 -1817
1692 -1007
1689 -16
1686 383
1683 1122
1680 -664
1677 1285
1674 1309
1671 838
1668 327
1665 -38
1662 -162
1659 -1856
1656 -1531
1653 -247
1650 1982
1647 -592
1644 825
1641 946
1638 -1132
1635 -51
1632 -1047
1629 -355
1626 867
1623 -242
1620 -1664
1617 1226
1614 -1764
1611 2
1608 -958
1605 1752
1602 -1246
1599 1706
1596 -1442
1593 663
1590 -1464
1587 -1575
1584 1782
1581 63
1578 -1655
1575 -91
1572 994
1569 -1911
1566 252
1563 1569
1560 -1487
1557 736
1554 851
1551 -1324
1548 -1861
1545 -1323
1542 1475
1539 -288
1536 1333
1533 818
1530 -823
1527 1485
1524 -1272
1521 -380
1518 -869
1515 45
1512 954
1509 515
1506 977
1503 1405
1500 624
1497 -608
1494 -607
1491 1949
1488 -838
1485 1794
1482 1541
1479 2020
1476 -1198
1473 136
1470 1641
1467 -1074
1464 -535
1461 302
1458 -83
1455 1199
1452 1771
1449 -234
1446 -1422
1443 406
1440 633
1437 -1860
1434 -799
1431 891
1428 -216
1425 -868
1422 -300
1419 1365
1416 453
1413 -1693
1410 2029
1407 -1934
1404 252
1401 -447
1398 263
1395 -545
1392 1908
1389 1050
1386 -2
1383 -841
1380 1411
1377 -556
1374 1768
1371 -1068
1368 -1365
1365 736
1362 289
1359 74
1356 67
1353 1590
1350 655
1347 -111
1344 -1373
1341 -819
1338 514
1335 466
1332 -137
1329 780
1326 -1915
1323 1438
1320 -1962
1317 1755
1314 1795
1311 -1186
1308 -1764
1305 1926
1302 -768
1299 1771
1296 -555
1293 1494
1290 -739
1287 -540
1284 -1631
1281 -1783
1278 1580
1275 841
1272 -290
1269 831
1266 500
1263 1555
1260 -247
1257 -1240
1254 -1178
1251 -1029
1248 854
1245 -890
1242 1066
1239 -77
1236 655
1233 857
1230 -1432
1227 -942
1224 303
1221 1333
1218 -472
1215 -431
1212 -192
1209 1709
1206 -1664
1203 722
1200 1893
1197 89
1194 1900
1191 1695
1188 -1526
1185 1638
1182 -1842
1179 1659
1176 -813
1173 -449
1170 1804
1167 -1521
1164 -353
1161 -13
1158 -504
1155 -1266
1152 1860
1149 -582
1146 -698
1143 655
1140 915
1137 327
1134 285
1131 -42
1128 -1000
1125 419
1122 -117
1119 473
1116 -201
1113 1108
1110 1359
1107 1025
1104 -1868
1104 BOTTOMOFSTACK

2034 2038
2031 198
2028 2028
2025 0
2022 1878
2019 -1148
2016 1632
2013 1445
2010 -169
2007 1710
2004 -1018
2001 803
1998 -1279
1995 -1186
1992 -1813
1989 61
1986 -1477
1983 -1989
1980 362
1977 -1436
1974 -927
1971 -952
1968 1033
1965 1771
1962 1271
1959 159
1956 -164
1953 -919
1950 -302
1947 138
1944 -1354
1941 -603
1938 -1285
1935 1894
1932 1318
1929 1921
1926 930
1923 1900
1920 65
1917 980
1914 -1920
1911 1488
1908 1246
1905 9
1902 447
1899 -567
1896 -1679
1893 -32
1890 1725
1887 1263
1884 1369
1881 1148
1878 -973
1875 -859
1872 223
1869 892
1866 496
1863 -1619
1860 758
1857 349
1854 -1611
1851 -1933
1848 1681
1845 1421
1842 471
1839 -206
1836 -226
1833 881
1830 -557
1827 381
1824 608
1821 1752
1818 1340
1815 731
1812 -203
1809 -1085
1806 -1200
1803 -1513
1800 1733
1797 -263
1794 892
1791 -523
1788 -1127
1785 1531
1782 77
1779 -335
1776 990
1773 -443
1770 -629
1767 798
1764 -1788
1761 224
1758 60
1755 569
1752 -560
1749 903
1746 -1158
1743 18
1740 -1806
1737 -604
1734 1663
1731 -1337
1728 -1896
1725 1176
1722 841
1719 917
1716 523
1713 -1672
1710 1758
1707 462
1704 1125
1701 1657
1698 -683
1695 -831
1692 1737
1689 541
1686 597
1683 27
1680 1753
1677 -780
1674 664
1671 -439
1668 1484
1665 384
1662 535
1659 -351
1656 -1383
1653 889
1650 916
1647 -349
1644 -451
1641 733
1638 -480
1635 -714
1632 531
1629 1038
1626 -1572
1623 -28
1620 -1301
1617 -523
1614 1510
1611 36
1608 1020
1605 1380
1602 -1639
1599 382
1596 -1900
1593 -126
1590 1845
1587 1569
1584 1105
1581 -4
1578 -405
1575 426
1572 263
1569 -342
1566 1339
1563 1834
1560 1571
1557 -1522
1554 1411
1551 1955
1548 1748
1545 575
1542 907
1539 -742
1536 807
1533 271
1530 -1125
1527 1244
1524 1953
1521 -1567
1518 1594
1515 438
1512 911
1509 1313
1506 -721
1503 765
1500 772
1497 1307
1494 1382
1491 1991
1488 -967
1485 651
1482 115
1479 -921
1476 596
1473 37
1470 1929
1467 -701
1464 -1023
1461 551
1458 1979
1455 -154
1452 -379
1449 -842
1446 1646
1443 -1016
1440 -294
1437 -1938
1434 -267
1431 -1208
1428 170
1425 1683
1422 -568
1419 1837
1416 264
1413 948
1410 1966
1407 328
1404 -1350
1401 -1010
1398 162
1395 1925
1392 -1616
1392 BOTTOMOFSTACK

2046 352
2043 1675
2040 396
2037 2037
2034 -903
2031 -1276
2028 -1767
2025 169
2022 753
2019 -355
2016 -1392
2013 -1878
2010 -1146
2007 335
2004 1655
2001 -821
1998 855
1995 -287
1992 1364
1989 1214
1986 -713
1983 1615
1980 2042
1977 -1955
1974 -1643
1971 121
1968 1495
1965 -1825
1962 -574
1959 455
1956 1274
1953 -660
1950 -1825
1947 888
1944 -788
1941 1759
1938 -1668
1935 -468
1932 -711
1929 150
1926 -868
1923 -1280
1920 388
1917 -1838
1917 BOTTOMOFSTACK

2019 124
2016 701
2013 585
2010 2010
2010 BOTTOMOFSTACK

2028 1811
2025 996
2022 1851
2019 629
2016 771
2013 2013
2010 486
2007 -1425
2004 -1133
2001 -1974
1998 -1002
1995 182
1992 1218
1989 1836
1986 544
1983 -424
1980 408
1977 971
1974 -50
1971 1817
1968 585
1965 651
1962 -544
1959 -1633
1956 -881
1953 -1648
1950 864
1947 -1358
1944 -1596
1941 -1728
1938 -1045
1935 1969
1932 -1279
1929 1731
1926 -903
1923 390
1920 -325
1917 737
1914 -182
1911 1849
1908 -1124
1905 297
1902 1054
1899 1921
1896 -1857
1893 -436
1890 1381
1887 649
1884 1491
1881 -1614
1878 1700
1875 407
1872 36
1869 1480
1866 -1460
1863 1243
1860 1093
1857 1119
1857 BOTTOMOFSTACK

2031 1421
2028 957
2025 2025
2022 1829
2019 -1434
2016 1865
2013 -1748
2010 1774
2007 356
2004 -1620
2001 -434
1998 1015
1995 -121
1992 -107
1989 22
1986 117
1983 -830
1980 -427
1977 -131
1974 -1643
1971 1036
1971 BOTTOMOFSTACK

2013 281
2010 273
2007 1530
2004 96
2001 1116
1998 1998
1995 1502
1992 -1145
1989 -431
1986 -732
1983 -628
1980 1452
1977 1346
1974 -933
1971 -403
1968 1762
1965 -476
1962 471
1959 -157
1956 -181
1953 -39
1950 314
1947 90
1944 705
1941 631
1938 944
1935 -1432
1932 644
1929 1629
1926 984
1923 506
1920 -1964
1917 1634
1914 -1293
1911 -1555
1908 -228
1905 1025
1902 1084
1899 211
1896 -642
1893 693
1890 -726
1887 210
1884 -913
1881 1410
1878 -244
1875 -1647
1872 558
1869 0
1866 -1056
1863 -1925
1860 64
1857 -40
1854 -1383
1851 -1074
1848 1545
1845 1632
1842 -797
1839 -460
1836 1826
1833 -1750
1830 311
1827 1597
1824 -684
1821 1741
1818 189
1815 788
1812 -1417
1809 -524
1806 1305
1803 -1124
1800 -655
1797 1685
1794 540
1791 -1628
1788 453
1785 -408
1782 1988
1779 -1234
1776 410
1773 -534
1770 -301
1767 1259
1764 -396
1761 1394
1758 634
1755 1548
1752 1288
1749 825
1746 1633
1743 1921
1740 565
1737 1684
1734 88
1731 600
1728 -129
1725 192
1722 -30
1719 790
1716 99
1713 365
1710 -1240
1707 1218
1704 1782
1701 1536
1698 57
1695 -672
1692 -616
1689 -1455
1686 557
1683 1502
1680 1537
1677 1976
1674 0
1671 1719
1668 1213
1665 339
1662 1485
1659 -1863
1656 420
1656 BOTTOMOFSTACK

