2037 1870
2034 13
2031 2031
2028 1038
2025 1610
2022 1593
2019 -6
2016 -130
2013 -581
2010 -258
2007 275
2004 -277
2001 -375
1998 366
1995 -1902
1992 1569
1989 1572
1986 1983
1983 1263
1980 1521
1977 961
1974 -1546
1971 -1586
1968 -1871
1965 -1339
1962 1630
1959 34
1956 -285
1953 1047
1950 -830
1947 -1223
1944 1375
1941 1900
1938 -229
1935 -1584
1932 620
1929 1847
1926 -99
1923 352
1920 1280
1917 1378
1914 -327
1911 -1196
1908 1061
1905 210
1902 -745
1899 -891
1896 1027
1893 -1252
1890 2014
1887 1885
1884 -1927
1881 889
1878 809
1875 -432
1872 -501
1869 -233
1866 1317
1863 -308
1860 715
1857 -357
1854 1549
1851 -692
1848 -1214
1845 779
1842 1683
1839 -175
1836 849
1833 1838
1830 1759
1827 -1125
1824 -1446
1821 -522
1818 -894
1815 -935
1812 -1314
1809 -962
1806 410
1803 -1086
1800 -156
1797 -1185
1794 1397
1791 200
1788 1313
1785 -1308
1782 898
1779 142
1776 1757
1773 1247
1770 1246
1767 -1861
1764 69
1761 -614
1758 -1673
1755 374
1752 -464
1749 336
1746 717
1743 -1559
1740 -243
1737 373
1734 1951
1731 -509
1728 215
1725 -1338
1722 1788
1719 -1476
1716 1438
1713 -1460
1710 -659
1707 978
1704 50
1701 528
1698 213
1695 1324
1692 -87
1689 982
1686 1274
1683 -299
1680 -724
1677 -1530
1674 617
1671 -1086
1668 -2026
1665 647
1662 819
1659 1847
1656 -1664
1653 -131
1650 1733
1647 -697
1644 -1075
1641 504
1638 1701
1635 -1241
1632 165
1629 350
1626 -1933
1623 324
1620 -538
1617 -1469
1614 -474
1611 270
1608 137
1605 586
1602 -833
1599 2039
1596 935
1593 909
1590 -2023
1587 -490
1584 1818
1581 -492
1578 -1562
1575 1287
1572 -1646
1569 -858
1566 105
1563 -492
1560 1697
1557 1598
1554 450
1551 181
1548 815
1545 1209
1542 -749
1539 -1830
1536 -1589
1533 -1649
1530 848
1527 1540
1524 154
1521 -868
1518 -942
1515 -1298
1512 -1410
1509 1293
1506 -338
1503 -612
1500 -153
1497 1125
1497 BOTTOMOFSTACK

2019 1241
2016 207
2013 2013
2010 -1512
2007 -1571
2004 -260
2001 -274
1998 -684
1995 1878
1992 1899
1989 1091
1986 -2003
1983 593
1980 -23
1977 164
1974 1771
1971 -1050
1968 -1530
1965 -90
1962 -1695
1959 -459
1956 342
1953 -1439
1950 66
1947 129
1944 123
1941 -230
1938 -1097
1935 201
1932 -1985
1929 205
1926 -1923
1923 935
1920 1505
1917 1499
1914 1718
1911 244
1908 -1372
1905 168
1902 1556
1899 607
1896 -1813
1893 1721
1890 1006
1887 -1295
1884 -1137
1881 -152
1878 582
1875 -1110
1872 257
1869 -1338
1866 -307
1863 -5
1860 -909
1857 -1990
1854 -204
1851 -216
1848 368
1845 -93
1842 -1851
1839 -1659
1836 704
1833 -1563
1830 591
1827 -1904
1824 -1706
1821 -1714
1818 -1088
1815 -1654
1812 906
1809 1176
1806 2024
1803 451
1800 -427
1797 1507
1794 -1915
1791 1526
1788 1681
1785 -1670
1782 -1879
1779 -321
1776 -677
1773 -953
1770 475
1767 -1888
1764 -110
1761 430
1758 -534
1755 1775
1752 -103
1749 1070
1746 104
1743 851
1740 2014
1737 831
1734 -1231
1731 1631
1728 578
1725 1265
1722 1003
1719 845
1716 1950
1713 1708
1710 -1839
1707 -1653
1704 -1626
1701 1554
1698 -1696
1695 -719
1692 -1889
1689 -1005
1686 -430
1683 -1127
1680 516
1677 634
1674 -1245
1671 -1887
1668 1489
1665 -483
1662 1913
1659 -975
1656 -493
1653 -472
1650 -971
1647 1609
1644 -1987
1641 1545
1638 1747
1635 -1931
1632 -238
1629 312
1626 979
1623 -374
1620 -775
1617 736
1614 1842
1611 869
1608 248
1605 -1644
1602 -1227
1599 -1971
1596 926
1593 1468
1590 2006
1587 924
1584 1947
1581 -398
1578 -715
1575 -110
1572 -540
1569 -483
1566 1462
1563 1670
1560 1081
1557 378
1554 -98
1551 -703
1548 -337
1545 1540
1542 615
1539 1893
1536 -1042
1533 -373
1530 -1768
1527 -372
1524 -584
1521 -1553
1518 -467
1515 1034
1512 759
1512 BOTTOMOFSTACK

2004 675
2001 387
1998 1998
1995 228
1992 813
1989 786
1986 -1108
1983 66
1980 1643
1977 1842
1974 -869
1971 -59
1968 547
1965 37
1962 -152
1959 -1484
1956 -272
1953 -1508
1950 -1288
1947 1254
1944 -1137
1941 -1341
1938 1913
1935 577
1932 1551
1929 -673
1926 1931
1923 -562
1920 2006
1917 1974
1914 1324
1911 243
1908 -82
1905 1022
1902 777
1899 1192
1896 520
1893 160
1890 1570
1887 -1870
1884 -1396
1881 1330
1878 296
1875 -1925
1872 -317
1869 -1045
1866 -1096
1863 301
1860 1701
1857 796
1854 -768
1851 -1498
1848 -348
1845 1684
1842 1848
1839 -1568
1836 -105
1833 500
1830 46
1827 1761
1824 -1459
1821 480
1818 89
1815 -265
1812 -489
1809 2010
1806 361
1803 425
1800 539
1797 -729
1794 1048
1791 -2044
1788 -1229
1785 -781
1782 1932
1779 -796
1776 1560
1773 -669
1770 -1329
1767 -339
1764 57
1761 1466
1758 1528
1755 -1808
1752 -420
1749 571
1746 -1585
1743 -671
1740 -1165
1737 1940
1734 1944
1731 390
1728 -146
1725 -1636
1722 -691
1719 -463
1716 -1233
1713 -1872
1710 -192
1707 -1310
1704 1369
1701 -1393
1698 1486
1695 1135
1692 1902
1689 1787
1686 -1530
1683 -1440
1680 657
1677 -384
1674 1083
1671 -1737
1668 110
1665 701
1662 469
1659 1547
1656 -373
1653 438
1650 -950
1647 -1232
1644 1318
1641 -57
1638 -425
1635 154
1632 -1604
1629 -812
1626 1399
1623 1683
1620 1153
1617 -1425
1614 1137
1611 1862
1608 -653
1605 429
1602 1552
1599 456
1596 -1599
1593 455
1590 1360
1587 339
1584 1326
1581 31
1578 -1704
1578 BOTTOMOFSTACK

2001 2003
1998 576
1995 1995
1992 42
1989 -1090
1986 1258
1983 -1301
1980 -1756
1977 -1968
1974 690
1971 23
1968 -261
1965 404
1962 -1359
1959 1464
1956 333
1953 753
1950 1965
1947 485
1944 -370
1941 584
1938 -1524
1935 165
1932 818
1929 676
1926 -1534
1923 114
1920 -762
1917 1057
1914 1334
1911 723
1908 1731
1905 36
1902 -923
1899 -1751
1896 1396
1893 1122
1890 -1234
1887 -2012
1884 -1475
1881 -1576
1878 -448
1875 -143
1872 -781
1869 1333
1866 375
1863 96
1860 18
1857 318
1854 1194
1851 1440
1848 1396
1845 1972
1842 -1845
1839 1104
1836 1768
1833 79
1830 1709
1827 -87
1824 1511
1821 -368
1818 680
1815 -1772
1812 -232
1809 38
1806 539
1803 119
1800 109
1797 1759
1794 1942
1791 -955
1788 1066
1785 -1086
1782 1150
1779 -7
1776 1116
1773 232
1770 -218
1767 1974
1764 -1184
1761 1184
1758 -1171
1755 404
1752 -1132
1749 -675
1746 1705
1743 -642
1740 1817
1737 1655
1734 -931
1731 -1451
1728 -434
1725 1889
1722 -1175
1719 1801
1716 270
1713 -1446
1710 1758
1707 874
1704 -752
1701 710
1698 1862
1695 -125
1692 225
1689 252
1686 -1560
1683 1776
1680 -461
1677 -498
1674 1592
1671 -1956
1668 -1074
1665 1275
1662 -1902
1659 -629
1656 1042
1653 -1428
1650 -217
1647 1804
1644 932
1641 -1
1638 1983
1635 -253
1632 1784
1629 2025
1626 -726
1623 -913
1620 -554
1617 -83
1614 356
1611 1519
1608 1490
1605 448
1602 -270
1599 -227
1596 -658
1593 490
1590 -1235
1587 -1898
1584 -884
1581 1381
1578 1762
1575 -280
1572 -1285
1569 824
1566 -231
1563 -34
1560 -1223
1557 -1770
1554 -1950
1551 486
1548 1242
1545 -1934
1542 1858
1539 -1565
1536 1270
1533 -170
1530 -1936
1527 -1249
1524 -1872
1521 1163
1518 772
1515 -1280
1512 -1810
1509 -565
1506 1736
1503 152
1500 -21
1497 1506
1494 721
1491 -417
1488 1610
1485 756
1482 61
1479 -915
1476 -891
1473 -922
1470 -1082
1467 1234
1464 -1475
1461 1114
1458 760
1455 1116
1452 -1688
1452 BOTTOMOFSTACK

2043 1264
2040 765
2037 2037
2034 -1878
2031 752
2028 -398
2025 692
2022 0
2019 1569
2016 -1637
2013 -308
2010 -1542
2007 1385
2004 651
2001 1525
1998 -524
1995 1552
1992 1827
1989 -749
1986 471
1983 -557
1980 -1591
1977 872
1974 1983
1971 1011
1968 1688
1965 1623
1962 -1053
1959 -1207
1956 623
1953 1287
1950 1948
1950 BOTTOMOFSTACK

2004 1305
2001 939
1998 1998
1995 0
1992 -526
1989 843
1986 -1974
1983 1555
1980 1027
1977 18
1974 -608
1971 1822
1968 -1793
1965 1271
1962 -840
1959 1940
1956 1391
1953 -1109
1950 1364
1947 1337
1944 9
1941 -14
1938 -2003
1935 -1983
1932 583
1929 -473
1926 813
1923 -1788
1920 -360
1917 -1425
1914 -78
1911 -1309
1908 -718
1905 2045
1902 -1278
1899 590
1896 1962
1893 -50
1890 1927
1887 -1139
1884 972
1881 -878
1878 1518
1875 903
1872 1202
1869 65
1866 1870
1863 -905
1860 -130
1857 -1743
1854 1256
1851 -1766
1848 -756
1845 18
1842 1981
1839 429
1836 -292
1833 -1128
1830 -357
1827 -122
1824 1219
1821 -1514
1818 -426
1815 1104
1812 -1901
1809 1951
1806 1213
1803 -948
1800 826
1797 -936
1794 -1198
1791 1874
1788 206
1785 -1526
1782 871
1779 468
1776 -1230
1773 1073
1770 324
1767 -1369
1764 -447
1761 919
1758 -140
1755 -1351
1752 -457
1749 -695
1746 1922
1743 -30
1740 245
1737 960
1734 -246
1731 797
1728 1518
1725 -443
1722 -1344
1719 -1995
1716 -238
1713 1655
1710 -86
1707 -1275
1704 -463
1701 -788
1698 -1927
1695 -309
1692 171
1689 -832
1686 -1781
1683 63
1680 -1293
1677 -1519
1674 -317
1671 100
1668 -1472
1665 -984
1662 2044
1659 -150
1656 -1207
1653 -1016
1650 -1036
1647 1116
1644 -384
1641 1076
1638 -628
1635 1588
1632 -1841
1629 -903
1626 138
1623 383
1620 162
1617 -605
1614 1756
1611 1002
1608 1740
1605 -1687
1602 499
1599 1191
1596 -75
1593 900
1590 1342
1587 1592
1584 -79
1581 1410
1578 -1675
1575 433
1572 135
1569 10
1566 465
1563 101
1563 BOTTOMOFSTACK

2034 1683
2031 989
2028 75
2025 1607
2022 1125
2019 2019
2016 402
2013 -463
2010 -1454
2007 -1835
2004 468
2001 1583
1998 -990
1995 -445
1992 -987
1989 -1538
1986 -650
1983 1008
1980 -1937
1977 752
1974 752
1971 -527
1968 1176
1965 37
1962 -841
1959 -424
1956 1663
1953 -1326
1950 -916
1947 850
1944 -1809
1941 -1726
1938 -599
1935 -475
1932 -919
1929 1571
1926 -669
1923 -1202
1920 -1784
1917 1076
1914 52
1911 -1762
1908 -1883
1905 2024
1902 1679
1899 1334
1896 376
1893 -179
1890 1781
1887 1939
1884 -227
1881 -1111
1878 1108
1875 1062
1872 1900
1869 -98
1866 494
1863 -237
1860 600
1857 1922
1854 1232
1851 -816
1848 -1247
1845 265
1842 -1929
1842 BOTTOMOFSTACK

2037 1334
2034 1925
2031 77
2028 1299
2025 2025
2022 1465
2019 258
2016 -1569
2013 1357
2010 1031
2007 1269
2004 633
2001 -491
1998 246
1995 1284
1992 762
1989 939
1986 -683
1983 964
1980 -73
1977 1314
1974 379
1971 -1910
1968 -595
1965 72
1962 -70
1959 -1652
1956 1740
1953 2046
1950 1661
1947 -1468
1944 -837
1941 1027
1938 198
1935 -47
1932 -385
1929 -1931
1926 1871
1923 -199
1920 -1677
1917 -916
1914 1274
1911 -1051
1908 -1756
1905 -1140
1902 -1263
1899 1474
1896 -1480
1893 1492
1890 -1992
1887 1834
1884 1415
1881 -1294
1878 427
1875 1467
1872 25
1869 589
1866 14
1863 -1372
1860 241
1857 -819
1854 646
1851 335
1848 -744
1845 -1727
1842 -1974
1839 1133
1836 1700
1833 615
1830 425
1827 358
1824 -95
1821 -1928
1818 -162
1815 1838
1812 405
1809 1010
1806 -1067
1803 737
1800 -28
1797 -1989
1794 -203
1791 -169
1788 -988
1785 -1181
1782 -1003
1779 783
1776 1060
1773 -973
1770 -1803
1767 1969
1764 -1557
1761 497
1758 1900
1755 150
1752 703
1749 426
1746 -637
1743 -375
1740 -1332
1737 -1383
1734 1718
1731 894
1728 801
1725 -461
1722 847
1719 -1457
1716 -1300
1713 305
1710 821
1707 -1568
1704 1129
1701 -1057
1698 469
1695 382
1692 -890
1689 1675
1686 -525
1683 0
1680 1097
1677 -682
1674 -1980
1671 -1389
1668 820
1665 -773
1665 BOTTOMOFSTACK

