2028 228
2025 665
2022 1644
2019 273
2016 16
2013 2013
2010 0
2007 1166
2004 1236
2001 2044
1998 -764
1995 124
1992 -119
1989 -353
1986 1857
1983 961
1980 -1309
1977 901
1974 268
1971 -832
1968 1929
1965 346
1962 -2042
1959 825
1956 202
1953 -1250
1950 529
1947 -645
1944 -221
1941 392
1938 0
1935 849
1932 1985
1929 1360
1926 -1073
1923 1082
1920 735
1917 -1968
1914 1282
1911 -803
1908 1823
1905 1621
1902 -1693
1899 1121
1896 1043
1893 66
1890 -317
1887 -1702
1884 1044
1881 1240
1878 1672
1875 850
1872 -93
1869 15
1866 1042
1863 679
1860 1098
1857 -1532
1854 -1965
1851 1285
1848 -420
1845 1215
1842 1134
1839 659
1836 1691
1833 -882
1830 1345
1827 -192
1824 1006
1821 1284
1818 0
1815 1015
1812 1415
1809 765
1806 694
1803 987
1800 -1762
1797 -1129
1794 1439
1791 -1583
1788 855
1785 1067
1782 -1938
1779 -664
1776 66
1773 -1006
1770 -1709
1767 1874
1764 -1248
1761 -1547
1758 216
1755 627
1752 -275
1749 257
1746 1755
1743 -177
1740 -1573
1737 -1561
1734 1628
1731 -1450
1728 420
1725 601
1722 910
1719 871
1716 -260
1713 699
1710 282
1707 -506
1704 -378
1701 1369
1698 108
1695 -1994
1692 -1022
1689 1571
1686 -833
1683 -555
1680 41
1677 -212
1674 1962
1671 -1056
1668 -1449
1665 1182
1662 1884
1659 1187
1656 1086
1653 -1831
1650 -2009
1647 1285
1644 1095
1641 1764
1638 -1156
1635 -1664
1632 -781
1629 663
1626 130
1623 119
1620 241
1617 -1266
1614 -846
1611 -281
1608 -1455
1605 -329
1602 1648
1599 -1574
1596 444
1593 -2007
1590 -176
1587 -121
1584 961
1581 -1482
1581 BOTTOMOFSTACK

2040 426
2037 189
2034 2034
2031 125
2028 611
2025 420
2022 1433
2019 -518
2016 -565
2013 -1285
2010 -1029
2007 1065
2004 -889
2001 873
1998 -1898
1995 397
1992 -900
1989 452
1986 1473
1983 1211
1980 -1357
1977 -554
1974 451
1971 416
1968 1049
1965 -974
1962 1146
1959 -1964
1956 1168
1953 272
1950 1181
1947 857
1944 859
1941 528
1938 -1737
1935 -1320
1932 -855
1929 -943
1926 1394
1923 1909
1920 869
1917 865
1914 1782
1911 616
1908 -1273
1905 349
1902 -1967
1899 1658
1896 -1259
1893 -1885
1890 -361
1887 -1074
1884 170
1881 -995
1878 -1818
1875 -2041
1872 505
1869 1248
1866 1478
1863 1847
1860 1482
1857 -951
1854 -1326
1851 807
1848 -890
1845 0
1842 -1803
1839 302
1836 -1962
1833 -149
1830 768
1827 389
1824 -205
1821 916
1818 214
1815 -440
1812 1048
1809 -1366
1806 -299
1803 717
1800 -659
1797 27
1794 881
1791 -703
1788 -671
1785 395
1782 1460
1779 969
1776 -1135
1773 1627
1770 1966
1767 1552
1764 -2024
1761 833
1758 -1834
1755 -1464
1752 996
1749 -490
1746 2028
1743 1304
1740 601
1737 -66
1734 -322
1731 1772
1728 -1047
1725 621
1722 397
1719 1413
1716 9
1713 2007
1710 577
1707 1587
1704 1270
1701 240
1698 1290
1695 299
1692 1369
1689 -1804
1686 -1296
1683 1992
1680 -1374
1677 719
1674 43
1671 781
1668 -350
1665 719
1662 1175
1659 -704
1656 -252
1653 -419
1650 1370
1647 -1742
1644 -1241
1641 -457
1638 1798
1635 1918
1632 1154
1629 -1105
1626 854
1623 -655
1620 117
1617 -217
1614 739
1611 -1522
1608 -275
1605 1623
1602 810
1599 -1803
1596 359
1593 -298
1590 -331
1587 -1019
1584 -427
1581 -674
1578 -69
1575 1569
1572 -51
1569 1238
1566 -469
1563 1961
1560 808
1557 1965
1554 -1817
1551 -2001
1548 -251
1545 1620
1542 1552
1539 1871
1536 -2000
1533 -1880
1530 776
1527 1569
1524 462
1521 1793
1518 128
1515 1369
1512 904
1509 1757
1506 -1007
1503 -1728
1500 788
1497 -2032
1494 90
1491 -948
1488 -780
1485 -720
1482 -1871
1479 -971
1476 1862
1473 -778
1470 -1580
1467 -658
1464 1287
1461 1243
1458 922
1455 845
1452 -8
1449 -1544
1446 617
1443 -1281
1440 28
1437 1071
1434 57
1431 1782
1428 -1708
1425 1459
1422 162
1419 52
1416 579
1413 1794
1410 -1172
1407 1596
1404 -708
1401 875
1398 -503
1395 703
1392 1966
1389 -897
1386 325
1383 1891
1380 872
1377 1883
1374 -253
1371 1802
1368 -896
1365 328
1362 -1708
1359 416
1356 728
1353 1462
1350 676
1347 -1187
1344 -567
1341 -1134
1338 -614
1335 -1624
1332 -768
1329 -860
1326 126
1323 -1658
1320 -1323
1317 833
1314 993
1311 -1760
1308 364
1305 849
1305 BOTTOMOFSTACK

2019 1808
2016 1920
2013 378
2010 2010
2007 1425
2004 1754
2001 342
1998 -422
1995 -1527
1992 -2044
1989 -1427
1986 -662
1983 1660
1983 BOTTOMOFSTACK

2031 544
2028 237
2025 95
2022 360
2019 576
2016 2016
2013 1025
2010 1968
2007 -822
2004 -1507
2001 930
1998 1919
1995 -492
1992 1828
1989 759
1986 1007
1983 1088
1980 -726
1977 -645
1974 1866
1971 -1413
1968 -1816
1965 658
1962 -1012
1959 -1648
1956 888
1953 1524
1950 335
1947 554
1944 1012
1941 1459
1938 -165
1935 1660
1932 260
1929 -1449
1926 1907
1923 -297
1920 -226
1917 887
1914 -145
1911 -1207
1908 -1241
1905 -132
1902 -1651
1899 1236
1896 40
1893 -1776
1890 -480
1887 -1328
1884 -360
1881 92
1878 -138
1875 79
1872 -11
1869 1770
1866 831
1863 -1556
1860 -628
1857 -277
1854 1023
1851 1815
1848 -798
1845 -215
1842 -1294
1839 -553
1836 1413
1833 -1392
1830 -206
1827 -1582
1824 747
1821 -1849
1818 1015
1815 -280
1812 -204
1809 -560
1806 317
1803 492
1800 1217
1800 BOTTOMOFSTACK

