2031 314
2028 1080
2025 32
2022 2022
2022 BOTTOMOFSTACK

2043 819
2040 28
2037 1765
2034 416
2031 207
2028 2028
2025 1812
2022 1855
2019 1401
2016 1908
2013 -805
2010 -792
2007 1137
2004 317
2001 682
1998 1358
1995 -75
1992 -706
1989 1842
1986 -1596
1983 1155
1980 158
1977 -1342
1974 -948
1971 737
1968 828
1965 -742
1962 -2015
1959 1103
1956 -1090
1953 381
1950 -492
1947 311
1944 995
1941 -1791
1938 -1713
1935 1477
1935 BOTTOMOFSTACK

2010 1520
2007 67
2004 723
2001 241
1998 375
1995 1995
1992 -1401
1989 -1344
1986 223
1983 996
1980 504
1977 -701
1974 1542
1971 924
1968 -408
1965 125
1962 -917
1959 -1645
1956 -489
1953 -1221
1950 -624
1947 363
1944 950
1941 -121
1938 -769
1935 82
1932 1142
1929 -276
1926 337
1923 -1386
1920 -1238
1917 1887
1914 167
1911 -1233
1908 1223
1905 280
1902 1035
1899 1322
1896 -219
1893 -1564
1890 1642
1887 -1876
1884 543
1881 1144
1878 -522
1875 -1519
1872 1614
1869 277
1866 501
1863 -382
1860 914
1857 -1012
1854 2042
1851 1846
1848 184
1845 1148
1842 -1045
1839 0
1836 -1733
1833 1310
1830 1030
1827 1334
1824 -288
1821 1349
1818 -2008
1815 -1570
1812 718
1809 -1314
1806 -25
1803 0
1800 -1767
1797 1549
1794 -285
1791 -1610
1788 1101
1785 -1922
1782 -398
1779 1236
1776 -78
1773 1789
1770 -841
1767 -1272
1764 -1709
1761 -676
1758 978
1755 2019
1752 -1055
1749 547
1746 -1522
1743 1253
1740 763
1737 1810
1734 -818
1731 -504
1728 469
1725 1801
1722 124
1719 -353
1716 778
1713 1868
1710 -747
1707 1491
1704 -438
1701 -36
1698 -1781
1695 -550
1692 586
1689 -639
1686 -1347
1683 -686
1680 9
1677 1539
1674 -1202
1671 -1345
1668 -1544
1665 -626
1662 -471
1659 858
1656 560
1653 -870
1650 1404
1647 -751
1644 1669
1641 -638
1638 -1988
1635 1976
1632 17
1629 -484
1626 1383
1623 1118
1620 1972
1617 -401
1614 1232
1611 1602
1608 1692
1605 525
1602 225
1599 -1801
1596 1993
1593 1229
1590 303
1587 0
1584 -1509
1581 640
1578 646
1575 -89
1572 443
1569 1273
1566 1859
1563 -2003
1560 1603
1557 1880
1554 340
1551 1151
1548 -1355
1545 1464
1542 626
1539 1395
1536 693
1533 766
1530 449
1527 165
1524 1100
1521 2011
1518 527
1515 -703
1512 -1873
1509 -1435
1506 831
1503 753
1500 1804
1497 1235
1494 -475
1491 -186
1488 -991
1485 -227
1482 -331
1479 1468
1476 -633
1473 -2032
1470 1207
1467 -1540
1464 161
1461 224
1458 1467
1455 1527
1452 1061
1449 -650
1446 -641
1443 1317
1440 -1143
1437 -39
1434 -1823
1431 1840
1428 -1811
1425 -255
1422 -870
1419 -349
1416 -53
1413 -1685
1410 -1023
1407 -979
1404 1718
1401 658
1398 71
1395 -179
1392 -1792
1389 1283
1386 -928
1383 -446
1380 -1547
1377 1476
1374 -1996
1371 735
1368 96
1365 1487
1362 1649
1359 -207
1356 -994
1353 1634
1350 547
1347 -1808
1344 177
1341 1560
1338 1168
1335 920
1332 856
1329 -183
1326 -1608
1323 286
1320 1630
1317 -2016
1314 -541
1311 -722
1308 845
1305 -1142
1302 1522
1299 1268
1296 -2046
1293 -1369
1290 -525
1287 -1166
1287 BOTTOMOFSTACK

