2046 800
2043 547
2040 1991
2037 1715
2034 24
2031 2031
2028 370
2025 -686
2022 -1471
2019 352
2016 -29
2013 -975
2010 -1807
2007 1531
2004 -568
2001 1467
1998 -87
1995 513
1992 297
1989 1531
1986 -721
1983 1361
1980 -1165
1977 -558
1974 1413
1971 -973
1968 -374
1965 -632
1962 839
1959 -1475
1956 -1437
1953 -19
1950 -822
1947 935
1944 1650
1941 -1295
1938 744
1935 1601
1932 778
1929 239
1926 -776
1923 -761
1920 -1823
1917 -474
1914 -1282
1911 -242
1911 BOTTOMOFSTACK

2043 1290
2040 847
2037 1534
2034 2047
2031 219
2028 2028
2025 -1236
2022 2022
2019 -1993
2016 -1192
2013 -1104
2010 1435
2007 -1513
2004 1033
2001 110
1998 1350
1995 -343
1992 721
1989 -292
1986 1261
1983 935
1980 643
1977 628
1974 1165
1971 -1058
1968 758
1965 -1005
1962 -1498
1959 -788
1956 492
1953 1285
1950 -1400
1950 BOTTOMOFSTACK

2010 1894
2007 1801
2004 922
2001 1775
1998 405
1995 1995
1992 -1940
1989 92
1986 888
1983 -1413
1980 -342
1977 591
1974 -1139
1971 1317
1968 -1094
1965 1757
1962 171
1959 1377
1956 -134
1953 1470
1950 122
1947 -1803
1944 -308
1941 1457
1938 1054
1935 -1111
1932 -130
1929 753
1926 -1068
1923 898
1920 461
1917 -449
1914 -1234
1911 1390
1908 -1355
1905 -1327
1902 1429
1899 287
1896 862
1893 -1089
1890 -973
1887 -757
1884 0
1881 1371
1878 -29
1875 674
1872 1463
1869 1860
1866 -31
1863 286
1860 1557
1857 1796
1854 -1188
1851 882
1848 -307
1845 33
1842 -888
1839 1707
1836 -885
1833 -611
1830 -1015
1827 -397
1824 1815
1821 1796
1818 110
1815 602
1812 874
1809 -571
1806 -475
1803 953
1800 1563
1797 -1287
1794 -136
1791 486
1788 540
1785 -329
1782 56
1779 -224
1776 -1713
1773 262
1770 1963
1767 1767
1764 1363
1761 612
1758 1938
1755 -998
1752 -13
1749 -1271
1746 409
1743 426
1740 67
1737 1590
1734 -1004
1731 -1010
1728 -319
1725 1234
1722 642
1719 -553
1716 261
1713 -924
1710 -1381
1707 1811
1704 1775
1701 1569
1698 -424
1695 1056
1692 -859
1689 -1210
1686 1073
1683 -1884
1680 -1886
1677 -110
1674 -638
1671 1688
1668 773
1665 -1740
1662 1865
1659 -340
1656 -1116
1653 -917
1650 -865
1647 -1530
1644 -695
1641 -1557
1638 451
1635 860
1632 1197
1629 -1439
1626 -1405
1623 -1074
1620 944
1617 -1156
1617 BOTTOMOFSTACK

2040 1876
2037 271
2034 264
2031 498
2028 597
2025 2025
2022 -1199
2019 1267
2016 -1237
2013 -281
2010 1252
2007 1983
2004 -1659
2001 -1878
1998 -1123
1995 -1871
1992 395
1989 751
1986 832
1983 581
1980 812
1977 -731
1974 1392
1971 -1008
1968 -2014
1965 -363
1962 667
1959 1322
1956 739
1953 -1911
1950 -1595
1947 1106
1944 -2010
1941 -1758
1938 -765
1935 -255
1932 -1761
1929 -2016
1926 1544
1923 1101
1920 -1534
1917 -1310
1914 -1007
1911 334
1908 520
1905 -651
1902 1706
1899 -102
1896 -328
1896 BOTTOMOFSTACK

2055 1060
2052 1364
2049 294
2046 1892
2043 750
2040 2040
2037 798
2034 -1291
2031 317
2028 242
2025 225
2022 -688
2019 603
2016 -118
2013 -1203
2010 1240
2007 621
2004 -833
2001 1469
1998 1896
1995 755
1992 244
1989 905
1986 -1240
1983 1051
1980 1770
1977 -1317
1974 1618
1971 -1877
1968 1259
1965 -400
1962 -1750
1959 -1600
1956 -416
1953 1972
1950 -335
1947 -999
1944 -871
1941 -1957
1938 -887
1935 -1964
1935 BOTTOMOFSTACK

2043 679
2040 1035
2037 1011
2034 984
2031 951
2028 2028
2025 28
2022 -469
2019 -235
2016 172
2013 -1491
2010 -362
2007 67
2004 1465
2001 1951
1998 -589
1995 12
1992 1490
1989 1088
1986 -803
1983 119
1980 22
1977 522
1974 -410
1971 1904
1968 -345
1965 -470
1962 -2010
1959 392
1956 1100
1953 1955
1950 1043
1947 1010
1944 1705
1941 1281
1938 1483
1935 1321
1932 -1088
1929 -1410
1926 556
1923 -1519
1920 -1491
1917 -1657
1914 -1338
1911 1455
1908 1436
1905 -1954
1902 -542
1899 0
1896 496
1893 1348
1890 -555
1887 -1844
1884 1794
1881 1714
1878 1970
1875 703
1872 -1571
1869 1037
1866 1250
1863 -462
1860 1403
1857 -2033
1854 -947
1851 748
1848 23
1845 -1440
1842 -969
1839 1107
1836 1907
1833 -1637
1830 -854
1827 50
1824 -268
1821 695
1818 -1457
1815 -1012
1812 -188
1809 -89
1806 -1713
1803 9
1800 -1124
1797 83
1794 -634
1791 -1713
1788 -35
1785 -1902
1782 772
1779 -1137
1776 -1060
1773 -650
1770 -585
1767 1781
1764 1137
1761 1920
1758 -2022
1755 -907
1752 726
1749 -1689
1746 1797
1743 -1561
1740 -1282
1737 -1626
1734 -1359
1731 1764
1728 491
1728 BOTTOMOFSTACK

2031 1985
2028 1110
2025 2025
2025 BOTTOMOFSTACK

