2046 1887
2043 1672
2040 47
2037 2037
2034 -1349
2031 -1153
2028 -1523
2025 1831
2022 -1229
2019 2038
2016 -1615
2013 -161
2010 1668
2007 -1
2004 -354
2001 1271
1998 -883
1995 1497
1992 124
1989 1846
1986 -2009
1983 -727
1980 -212
1977 -914
1974 578
1971 -82
1968 801
1965 217
1965 BOTTOMOFSTACK

2034 1872
2031 805
2028 1222
2025 1830
2022 213
2019 2019
2016 1169
2013 1828
2010 -623
2007 607
2004 -584
2001 1956
1998 -1350
1995 999
1992 -1254
1989 -1799
1986 -1407
1983 201
1980 -1689
1977 41
1974 489
1971 1351
1968 1909
1965 -567
1962 -2023
1959 1254
1956 1930
1953 -1288
1950 1218
1947 1256
1944 -1821
1941 -713
1938 -1043
1935 1892
1932 -1319
1929 1694
1926 1102
1923 1011
1920 -427
1917 -1254
1914 332
1911 1175
1908 1172
1905 -607
1902 851
1899 -668
1896 -1775
1893 1940
1893 BOTTOMOFSTACK

2031 1571
2028 1470
2025 414
2022 2022
2019 1291
2016 1965
2013 680
2010 1822
2007 1256
2004 860
2001 897
1998 -942
1995 802
1992 1368
1989 -1384
1986 134
1983 1809
1980 -445
1977 -114
1974 -1974
1971 1781
1968 -367
1965 1126
1962 1722
1959 589
1956 -1681
1953 96
1950 430
1947 2013
1944 -782
1941 -920
1938 -255
1935 -576
1932 -1121
1929 255
1926 -834
1923 307
1920 -308
1917 2039
1914 868
1911 -55
1908 1497
1905 -893
1902 -797
1899 -602
1896 412
1893 952
1890 -1058
1887 -1179
1884 1604
1881 1501
1878 -982
1875 -1894
1872 -739
1869 -1499
1866 1763
1863 -1805
1860 1473
1857 412
1854 216
1851 227
1848 -2035
1845 1911
1842 1262
1839 -869
1836 37
1833 885
1830 598
1827 -1377
1824 -541
1821 1837
1818 -1936
1815 417
1812 -1100
1809 -71
1806 162
1803 1710
1800 89
1797 -1611
1794 1479
1791 -1272
1788 1005
1785 1766
1782 -1834
1779 339
1776 1314
1773 1253
1770 426
1770 BOTTOMOFSTACK

2037 221
2034 2033
2031 224
2028 1858
2025 594
2022 2022
2019 1430
2016 72
2013 -717
2010 -389
2007 -32
2004 -34
2001 1546
1998 -1332
1995 894
1992 -146
1989 177
1986 563
1983 -1406
1980 -1135
1977 -1440
1974 -1999
1971 1486
1968 -650
1965 -20
1962 777
1959 -884
1956 -1050
1953 -131
1950 -638
1947 -1137
1944 -1459
1941 -1267
1938 1371
1935 896
1932 1559
1929 631
1926 1494
1923 934
1920 -1404
1917 -1303
1914 207
1911 -1739
1908 -1743
1905 -1127
1902 702
1899 611
1896 -987
1893 1003
1890 1464
1887 -1712
1884 1493
1881 -1947
1878 -238
1875 941
1872 -2031
1869 1853
1866 -871
1863 1988
1860 1696
1857 -252
1854 -1102
1851 934
1848 -1461
1845 -1305
1842 1047
1839 -506
1836 169
1833 1660
1830 -190
1827 -192
1824 400
1821 -2006
1818 866
1815 -1802
1812 134
1809 958
1806 577
1803 -970
1800 -4
1797 -1926
1794 -1264
1791 1816
1788 -1127
1785 -1790
1782 -1506
1779 1180
1776 -227
1773 919
1770 -1828
1767 -58
1764 -682
1761 -1956
1758 605
1755 -1659
1752 -1695
1749 203
1746 1267
1743 -1217
1740 1336
1737 -136
1737 BOTTOMOFSTACK

2031 1670
2028 345
2025 1134
2022 1320
2019 771
2016 2016
2013 1499
2010 44
2007 174
2004 -1591
2001 -597
1998 -644
1995 297
1992 108
1989 -169
1986 -132
1983 -1814
1980 1315
1977 131
1974 -473
1971 -149
1968 -1509
1965 -1283
1962 217
1959 950
1956 -719
1953 -1820
1950 223
1947 -685
1944 1228
1941 -1464
1938 -1224
1935 1009
1932 1355
1929 291
1926 38
1923 -1137
1920 1483
1917 -1226
1914 -279
1911 1937
1908 134
1905 -236
1902 917
1899 1845
1896 90
1893 175
1890 -782
1887 -812
1884 637
1881 1871
1878 -407
1875 -1965
1872 1671
1869 1750
1866 987
1863 -1114
1860 694
1857 -1321
1854 -2042
1851 522
1848 -1698
1845 311
1842 -520
1839 -1070
1836 -1526
1833 1689
1830 299
1827 1773
1824 -1283
1821 559
1818 -468
1815 1508
1812 165
1809 -1451
1806 914
1803 -1204
1800 1953
1797 1816
1794 1763
1791 -1036
1788 570
1785 1084
1782 1772
1779 -642
1776 -560
1773 -1614
1770 822
1767 431
1764 -1416
1761 246
1758 -303
1755 -1799
1752 -637
1749 1542
1746 -1963
1743 1028
1740 -2020
1737 242
1734 959
1731 -695
1728 414
1725 -1562
1722 -981
1719 232
1716 942
1713 695
1710 -1963
1707 1287
1704 1499
1701 1365
1698 1501
1695 1730
1692 1002
1689 -472
1686 891
1683 -787
1680 163
1677 -270
1674 356
1671 -585
1668 795
1665 -716
1662 1180
1659 -1470
1656 167
1653 1520
1650 1659
1647 -567
1644 -754
1641 -693
1638 -1049
1635 1493
1632 1192
1629 -1457
1626 -741
1623 -1568
1620 1621
1617 -1573
1614 -647
1611 -1177
1608 1307
1605 -1642
1602 1456
1599 1735
1596 1477
1593 1850
1590 -1557
1587 1067
1584 -1567
1581 -1655
1578 966
1575 -1450
1572 1300
1569 -179
1566 20
1563 1439
1560 -1892
1557 1369
1554 -1571
1551 967
1548 -1769
1545 -1301
1542 -540
1539 -619
1536 1334
1533 -799
1530 -407
1527 875
1524 -1919
1521 2039
1518 -1483
1515 979
1512 -416
1509 -459
1506 856
1503 -1742
1500 -1187
1497 -1424
1494 2013
1491 -1808
1488 1220
1485 -153
1482 -622
1479 -1044
1476 1958
1473 0
1470 193
1467 -630
1464 -1728
1461 45
1458 565
1455 -1445
1452 -1642
1449 -1230
1446 252
1443 577
1440 -1974
1437 1503
1434 -331
1431 1005
1428 -1194
1425 144
1422 -884
1419 -1798
1416 965
1413 1725
1410 -1705
1407 930
1404 -695
1401 873
1398 788
1395 -1115
1392 -756
1389 -342
1386 -1860
1383 1283
1380 -1308
1377 -1780
1374 -650
1371 65
1368 1877
1365 1839
1362 -348
1359 1010
1356 411
1353 58
1350 1921
1347 1354
1344 1688
1341 576
1338 -229
1335 1750
1332 -1948
1329 629
1326 -481
1323 -854
1320 1747
1317 -1604
1314 -1602
1311 -1147
1308 969
1305 528
1302 1396
1299 -23
1296 -1840
1293 -902
1290 -588
1287 1025
1287 BOTTOMOFSTACK

2001 1311
1998 927
1995 1995
1992 -476
1989 -1733
1986 748
1983 -1054
1980 -1979
1977 -30
1974 1552
1971 1257
1968 1754
1965 1088
1962 -668
1959 -86
1956 -1459
1953 -1938
1950 -898
1947 -883
1947 BOTTOMOFSTACK

2016 1359
2013 1128
2010 2010
2007 1776
2004 435
2001 1527
1998 704
1995 219
1992 1277
1989 558
1986 128
1983 -686
1980 1822
1977 -71
1974 -1726
1971 883
1968 692
1965 1341
1962 1972
1959 1415
1956 1937
1953 -1002
1950 300
1947 705
1944 738
1941 -754
1938 1736
1935 282
1932 841
1929 872
1926 517
1923 -579
1920 -1633
1917 -679
1914 146
1911 516
1908 422
1905 -1816
1902 -101
1899 -1323
1896 447
1893 1320
1890 -306
1887 1785
1884 1609
1881 1254
1878 -1487
1875 1737
1872 1794
1869 -1355
1866 -1714
1863 -1540
1860 -2030
1857 459
1854 591
1851 504
1848 -1512
1845 -1669
1842 399
1839 312
1836 -10
1833 1367
1830 1068
1827 446
1824 1688
1821 796
1818 192
1815 -22
1812 88
1809 -264
1806 340
1803 568
1800 -922
1800 BOTTOMOFSTACK

