2055 158
2052 1417
2049 1771
2046 1719
2043 28
2040 2040
2037 1049
2034 771
2031 1190
2028 1750
2025 -1551
2022 -1674
2019 1202
2016 1835
2013 -1832
2010 1750
2007 172
2004 -98
2001 -322
1998 896
1995 -980
1992 -898
1989 1402
1986 787
1983 -191
1980 1347
1977 1198
1974 263
1971 -1372
1968 24
1965 -1393
1962 -1251
1959 924
1956 738
1953 193
1950 810
1947 2028
1944 1799
1941 -175
1938 1310
1935 1216
1932 355
1929 2025
1926 -968
1923 1597
1920 1572
1917 -1230
1914 1331
1911 -199
1908 515
1905 1566
1902 844
1899 1730
1896 -297
1893 -155
1890 -1392
1887 108
1884 1609
1881 -1013
1878 -2031
1875 -95
1872 -1187
1869 -1708
1866 -681
1863 -946
1860 -717
1857 1703
1854 -174
1851 -881
1848 -905
1845 1750
1842 -384
1839 1146
1836 1781
1833 542
1830 604
1827 910
1824 451
1821 -525
1818 -1116
1815 752
1812 -944
1809 -1865
1806 456
1803 -1080
1800 1812
1797 1845
1794 -211
1791 482
1788 -696
1785 1155
1782 -1848
1779 -298
1776 13
1773 224
1770 -428
1767 -483
1764 -1347
1761 1648
1758 -2005
1755 -859
1752 1216
1749 617
1746 935
1743 335
1740 687
1737 1863
1734 -1619
1731 1379
1728 -468
1725 -391
1722 1636
1719 396
1716 381
1713 1643
1710 -704
1707 -1359
1704 1619
1701 -808
1698 -348
1695 -968
1692 1706
1689 1762
1686 1020
1683 1368
1683 BOTTOMOFSTACK

2049 1733
2046 801
2043 1207
2040 54
2037 210
2034 2034
2031 -997
2028 -2030
2025 -1303
2022 -141
2019 1094
2016 374
2013 0
2010 -120
2007 1361
2004 566
2001 505
1998 1687
1995 -1536
1992 500
1989 -5
1986 -1392
1983 665
1980 -1738
1977 668
1974 -671
1971 -1374
1968 -584
1965 -1822
1962 -1648
1959 -625
1956 1574
1953 -1680
1950 1692
1947 -626
1944 -1496
1941 -333
1938 -1925
1935 1951
1932 -1462
1929 0
1926 1246
1923 -358
1920 1048
1917 -553
1914 920
1911 1344
1908 -1602
1905 492
1902 994
1899 1097
1896 15
1893 -1826
1890 287
1887 -1208
1887 BOTTOMOFSTACK

2046 197
2043 772
2040 985
2037 378
2034 2034
2031 1069
2028 -1520
2025 360
2022 -1108
2019 -583
2016 95
2013 1452
2010 600
2007 1503
2004 1186
2001 -623
1998 1387
1995 -176
1992 -759
1989 -1600
1986 1116
1983 941
1980 715
1977 161
1974 1114
1971 -1729
1968 1124
1965 -695
1962 616
1959 -1724
1956 1464
1953 1583
1950 682
1947 -713
1944 1785
1941 -1884
1938 1513
1935 -1550
1932 616
1929 1253
1926 491
1923 -883
1920 1229
1917 2021
1914 -135
1911 -700
1908 1724
1905 -1148
1902 143
1899 316
1896 -309
1893 216
1890 1892
1887 -1368
1884 87
1881 1000
1878 -1400
1875 -622
1872 -180
1869 -215
1866 -991
1863 -1652
1860 -1474
1857 1972
1854 1207
1851 1853
1848 1212
1845 1750
1842 -1531
1839 994
1836 -896
1833 -2017
1830 -1537
1827 1952
1824 -1424
1821 -416
1821 BOTTOMOFSTACK

2043 1017
2040 1872
2037 293
2034 1213
2031 570
2028 2028
2025 1012
2022 873
2019 -139
2016 539
2013 1783
2010 75
2007 -794
2004 178
2001 -58
1998 -783
1995 1431
1992 1647
1989 1046
1986 701
1983 1648
1980 1409
1977 709
1974 1451
1971 2010
1968 1101
1965 812
1962 554
1959 -1083
1956 -885
1953 679
1950 162
1947 1356
1944 -1281
1941 -1543
1938 106
1935 -262
1932 -1828
1929 2014
1926 -237
1923 -344
1920 -1275
1917 107
1914 -892
1911 -1340
1908 1383
1905 -1299
1902 173
1899 1418
1896 -843
1893 149
1890 386
1887 80
1884 -910
1881 1711
1878 -1618
1875 1282
1872 1527
1869 1051
1866 -1102
1863 -976
1860 -1615
1857 -179
1854 -1762
1851 888
1848 -416
1845 -167
1842 658
1839 -909
1836 1165
1833 -306
1830 1699
1827 310
1824 950
1821 981
1818 -1354
1815 -1359
1812 -610
1809 1900
1806 775
1803 922
1800 1890
1797 -457
1794 -1855
1791 -1853
1788 1549
1785 -1852
1782 1632
1779 1588
1776 930
1773 -1828
1770 811
1767 -785
1764 -217
1761 1607
1758 710
1755 0
1752 -464
1749 569
1746 1968
1743 446
1740 1312
1737 800
1734 128
1731 -573
1728 1520
1725 756
1722 1530
1719 -186
1716 1750
1713 -819
1710 -904
1707 -1942
1704 398
1701 950
1698 11
1695 -562
1692 -1075
1689 430
1686 569
1683 -206
1680 1359
1677 -1863
1674 -1206
1671 80
1668 -1246
1665 81
1662 -1796
1659 -1976
1656 1743
1653 1509
1650 1903
1647 -588
1644 -131
1641 2029
1641 BOTTOMOFSTACK

2028 951
2025 1318
2022 726
2019 2019
2016 -1506
2013 -391
2010 37
2007 1924
2004 -897
2001 -854
1998 883
1995 -1553
1992 422
1989 -1970
1986 1230
1983 624
1980 -1091
1977 480
1974 485
1971 -1180
1968 -538
1965 903
1962 -1468
1959 -1409
1956 0
1953 -1370
1950 -137
1947 387
1944 746
1941 -1469
1938 -546
1935 -1328
1932 1386
1929 -1946
1926 -939
1923 -123
1920 1532
1917 -813
1914 365
1911 -919
1908 -306
1905 -1394
1902 -251
1899 509
1896 -1041
1893 -1048
1890 1492
1887 429
1884 1700
1881 464
1878 -511
1875 1858
1872 -901
1869 -832
1866 268
1863 1637
1860 179
1857 -1295
1854 -1617
1851 1540
1848 -363
1845 1889
1842 1716
1839 -1239
1836 -1430
1833 -172
1830 -1629
1827 -305
1824 276
1821 0
1818 1042
1815 -1216
1812 1100
1809 -638
1806 -646
1803 1426
1800 -730
1797 1290
1794 -239
1791 -1795
1788 82
1785 -495
1782 2027
1779 626
1776 1246
1773 -1061
1770 1516
1767 1854
1764 1372
1761 -1607
1758 -1975
1755 556
1752 -1930
1752 BOTTOMOFSTACK

2019 523
2016 1093
2013 909
2010 2010
2007 1905
2004 1654
2001 -982
1998 -643
1995 -1127
1992 675
1989 1008
1986 -1469
1983 242
1980 1666
1977 652
1974 -398
1971 905
1968 -1640
1968 BOTTOMOFSTACK

2028 1193
2025 857
2022 881
2019 1065
2016 2016
2013 -494
2010 -943
2007 749
2004 -1247
2001 -157
1998 603
1995 1699
1992 -835
1989 2042
1986 1794
1983 -1780
1980 1762
1977 -214
1974 700
1971 -114
1968 -832
1965 306
1962 1008
1959 206
1956 -764
1953 -1312
1950 1565
1947 -449
1944 -751
1941 106
1938 1463
1935 -1215
1932 478
1929 -123
1926 91
1923 440
1920 -1106
1917 1752
1914 -604
1911 1565
1908 267
1905 28
1902 -797
1899 -1866
1896 1138
1893 -1519
1890 2023
1887 259
1884 -242
1881 1895
1878 -2017
1875 -1844
1872 -1038
1869 1843
1866 -1862
1863 1792
1860 -645
1857 -1699
1854 -870
1851 408
1848 -472
1845 -1578
1842 -1681
1839 -1467
1836 339
1833 -1971
1830 1035
1827 -1732
1824 33
1821 1266
1818 -1324
1815 1505
1812 1025
1812 BOTTOMOFSTACK

2046 1409
2043 1257
2040 2040
2040 BOTTOMOFSTACK

2007 629
2004 1437
2001 2001
1998 1722
1995 -1313
1992 641
1989 -162
1986 15
1983 962
1980 -974
1977 2007
1974 -368
1971 1387
1968 -144
1965 -1764
1962 189
1959 1399
1956 1762
1953 -326
1950 -1127
1947 1903
1944 1547
1941 173
1938 -610
1935 -388
1932 1269
1929 -720
1926 1688
1923 1597
1920 1789
1917 -1172
1914 1411
1911 845
1908 -993
1905 124
1902 -781
1899 1442
1896 397
1893 -240
1890 -1770
1887 -889
1884 -740
1881 -1562
1878 1257
1875 273
1872 -1732
1869 -1329
1866 -254
1863 -1423
1860 9
1857 1562
1854 -1857
1851 -708
1848 725
1845 1739
1842 1731
1839 425
1836 858
1833 1693
1830 -663
1827 1814
1824 -1563
1821 -477
1818 -1991
1815 -608
1812 354
1809 -1575
1806 1370
1803 -10
1800 392
1797 440
1794 78
1791 828
1788 -770
1785 186
1782 1573
1779 -1554
1776 -1118
1773 -176
1770 1706
1767 1650
1764 -1201
1761 1043
1758 1658
1755 -1067
1752 -221
1749 184
1746 -1398
1743 124
1740 1740
1737 882
1734 1706
1731 -1355
1728 -126
1725 -1286
1722 -169
1719 -1937
1716 -194
1713 -752
1710 -1525
1707 721
1704 846
1701 875
1698 1380
1695 1553
1692 1498
1689 -1345
1686 268
1683 -143
1680 925
1677 1071
1674 1603
1671 -1847
1668 -1838
1665 707
1662 1863
1659 810
1656 -1990
1653 523
1650 0
1647 1847
1644 -160
1641 -929
1638 -484
1635 778
1632 -1649
1629 -1040
1626 -1083
1623 -1400
1620 696
1617 -89
1614 -1748
1611 1983
1608 -370
1605 1049
1602 -567
1599 1094
1596 -230
1593 1260
1590 -1702
1587 651
1584 901
1581 -276
1578 -89
1575 1919
1572 -443
1569 -773
1566 -1561
1563 -2018
1560 -1585
1557 565
1554 1233
1551 -644
1548 1304
1545 -115
1545 BOTTOMOFSTACK

