2046 520
2043 886
2040 41
2037 2037
2034 1209
2031 -1655
2028 -1264
2025 -1966
2022 -1972
2019 131
2016 694
2013 -912
2010 -1746
2007 49
2004 1213
2001 -1790
1998 -1201
1995 -1794
1992 -1879
1989 34
1986 -417
1983 288
1980 -96
1977 -1221
1974 1548
1971 -1260
1968 -938
1965 -1381
1962 -678
1959 -1367
1956 -82
1953 909
1950 1234
1947 1268
1944 564
1941 -1701
1938 1936
1935 864
1932 1926
1929 1331
1926 235
1923 56
1920 9
1917 899
1914 -307
1911 352
1908 -169
1905 -81
1902 530
1899 -2014
1896 -1861
1893 607
1890 1410
1887 661
1884 0
1881 688
1878 613
1875 -969
1872 -159
1869 1287
1866 1790
1863 1945
1860 -159
1857 1378
1854 -2004
1851 -390
1848 -545
1845 -930
1842 1232
1839 418
1836 1365
1833 2043
1830 1819
1827 793
1824 355
1821 -695
1818 -391
1815 -520
1812 -1505
1809 1738
1806 -1506
1803 1240
1800 1793
1797 -978
1794 -85
1791 -1363
1788 1699
1785 -1145
1782 -950
1779 1694
1776 -947
1773 -334
1770 1300
1767 -1418
1764 1006
1761 -173
1758 1657
1755 1034
1752 1065
1749 479
1746 -1937
1743 -1278
1740 -438
1737 -1685
1734 1163
1731 -1695
1728 281
1725 1774
1722 -334
1719 1038
1716 -1034
1713 1520
1710 -689
1707 -1955
1704 -89
1701 -199
1698 -1305
1695 -1590
1692 -475
1689 1070
1686 1312
1683 -1847
1680 1784
1677 -1437
1674 -313
1671 1238
1668 1951
1665 -348
1662 621
1659 -148
1656 271
1653 1170
1650 1433
1647 586
1644 1057
1641 -1399
1638 -1016
1635 -1383
1632 165
1629 -880
1626 -305
1623 -608
1620 -1658
1617 2026
1614 206
1611 -1441
1608 130
1605 -1606
1602 -1821
1599 652
1596 384
1593 1651
1590 772
1587 107
1584 -1001
1581 -818
1578 1018
1575 1108
1572 -549
1569 -533
1566 1362
1563 241
1560 -799
1557 -1637
1554 -1970
1551 944
1548 206
1545 1376
1542 -1144
1539 -1279
1539 BOTTOMOFSTACK

2004 1220
2001 1290
1998 204
1995 1995
1992 898
1989 1672
1986 -170
1983 1502
1980 -1446
1977 -1179
1974 -1713
1971 -1581
1968 -279
1965 827
1962 1474
1959 -414
1956 -1453
1953 -1004
1950 -534
1947 31
1944 -1310
1941 225
1938 1232
1935 1910
1932 -1172
1929 -509
1926 -469
1923 -224
1920 401
1917 -561
1914 -1594
1911 -1154
1908 299
1905 835
1902 1917
1899 194
1896 748
1893 -1192
1890 -653
1887 -651
1884 -767
1881 -1018
1878 675
1875 -701
1872 994
1869 312
1866 -1081
1863 1362
1860 -1540
1857 655
1854 -286
1851 -1406
1848 -1931
1845 -503
1842 1582
1839 -1036
1836 1401
1833 -1025
1830 1956
1827 2024
1824 218
1821 1921
1818 -737
1815 -483
1812 1635
1809 1048
1806 396
1803 -450
1800 -494
1797 1889
1794 -1349
1791 335
1788 576
1785 -21
1782 867
1779 -837
1776 -1610
1773 922
1770 1893
1767 831
1764 -1365
1761 331
1758 -960
1755 148
1752 1046
1749 674
1746 1881
1743 1710
1740 -1049
1737 1107
1734 2042
1731 -21
1728 19
1725 0
1722 -1588
1719 -1683
1716 -1834
1713 -153
1710 2018
1707 -10
1704 742
1701 -81
1698 1558
1695 -1505
1692 922
1689 517
1686 1300
1683 -276
1680 677
1677 427
1674 -758
1671 -758
1668 1895
1665 1757
1662 -1661
1659 -721
1656 -967
1653 -1568
1650 447
1647 -602
1644 -1401
1641 1478
1638 1054
1635 363
1632 893
1629 740
1626 1077
1623 385
1620 802
1617 1679
1614 1415
1611 -1161
1608 -1360
1605 1341
1602 -747
1599 75
1596 -986
1593 -1856
1593 BOTTOMOFSTACK

2052 964
2049 1789
2046 107
2043 384
2040 2040
2037 0
2034 1901
2031 -1065
2028 -1081
2025 1570
2022 1363
2019 1674
2016 -1265
2013 -213
2010 -1201
2007 114
2004 859
2001 -86
1998 1375
1995 1825
1992 -1156
1989 1114
1986 1597
1983 -1389
1980 -1393
1977 1374
1974 -478
1971 -1033
1968 -1843
1965 344
1962 -1645
1959 645
1956 1738
1953 -1665
1950 1626
1947 -377
1944 -1845
1941 -1032
1938 -2012
1935 9
1932 133
1929 2003
1926 1329
1923 -1916
1920 -1843
1917 -122
1914 -722
1911 682
1908 -1185
1905 1828
1902 -1613
1899 168
1896 365
1893 -245
1890 -547
1887 -1877
1884 1510
1881 1662
1878 -1541
1875 374
1872 -115
1869 1125
1866 -19
1863 773
1860 -845
1857 -680
1854 -1442
1851 1658
1848 1226
1845 -679
1842 1135
1839 1874
1836 148
1833 204
1830 1885
1827 -1262
1824 -1473
1821 -1566
1818 1267
1815 -1448
1812 18
1809 -388
1806 1625
1803 201
1800 293
1797 27
1794 -184
1791 -901
1788 1050
1785 1394
1782 1021
1779 -880
1776 -915
1773 -503
1770 -2012
1767 47
1764 36
1761 -1367
1758 -82
1755 1643
1755 BOTTOMOFSTACK

2016 629
2013 739
2010 1595
2007 558
2004 2004
2001 1223
1998 -758
1995 1595
1992 1883
1989 383
1986 1323
1983 715
1980 938
1977 -1258
1974 1595
1971 1755
1968 396
1965 457
1962 -1501
1959 -429
1956 -744
1953 311
1950 1927
1947 -1038
1944 -1143
1941 -1590
1938 925
1935 1773
1932 730
1929 1234
1926 -1670
1923 525
1920 -1385
1917 754
1914 -1706
1911 -1503
1908 285
1905 247
1902 1996
1899 1991
1896 -1129
1893 -2030
1890 1286
1887 -1372
1884 33
1881 -1438
1878 98
1875 1799
1872 -1441
1869 1920
1866 1738
1863 -780
1860 -1356
1857 -1414
1854 -1358
1851 412
1851 BOTTOMOFSTACK

2022 1232
2019 735
2016 2016
2013 1398
2010 1477
2007 -814
2004 1815
2001 -878
1998 1136
1995 -1188
1992 1989
1989 -317
1986 724
1983 -376
1980 1059
1977 734
1974 -440
1971 1100
1968 565
1965 -1135
1962 -1028
1959 -1315
1956 -1983
1953 -488
1950 1100
1947 1872
1944 1168
1941 1129
1938 1050
1935 446
1932 -1743
1929 -1742
1926 493
1923 -88
1920 -1717
1917 1785
1914 275
1911 -1983
1908 -937
1905 417
1902 1945
1899 1016
1896 425
1893 282
1890 1381
1887 -1699
1884 117
1881 -112
1878 -30
1875 1079
1872 -20
1869 -503
1866 -1523
1863 -2019
1860 -1175
1857 -1567
1854 -662
1851 -551
1848 1030
1845 1432
1842 1308
1839 622
1836 1362
1833 -238
1830 586
1827 -967
1824 -1201
1821 34
1818 -1611
1815 -1792
1812 -609
1809 -1025
1806 -381
1803 1383
1800 -79
1797 -236
1794 -1023
1791 -1914
1788 -12
1785 266
1782 -1268
1779 327
1776 374
1773 753
1770 1835
1767 -1995
1764 1057
1761 -1122
1758 520
1755 -116
1752 573
1749 1302
1746 -934
1743 -1061
1740 577
1737 1690
1734 -561
1731 1876
1728 -238
1725 228
1722 -551
1719 1716
1716 236
1713 -1056
1710 -1152
1707 837
1704 -2044
1701 591
1698 443
1695 1218
1692 1032
1689 1868
1686 1761
1683 -1602
1680 -1810
1677 -382
1674 6
1671 -1061
1668 1465
1665 -1081
1662 716
1659 -239
1656 -1714
1653 1513
1650 38
1647 -154
1644 -1444
1641 443
1638 1107
1635 -1504
1632 -1303
1629 -2036
1626 -2044
1623 697
1620 -1272
1617 -1861
1614 1325
1611 -955
1608 140
1605 273
1602 -501
1599 -1192
1596 -123
1593 -234
1590 297
1587 -494
1584 -915
1581 -277
1578 -12
1575 -55
1572 475
1569 -1232
1566 -1969
1563 628
1560 -374
1557 -1938
1554 1488
1551 1626
1548 -56
1545 1829
1542 -90
1539 -299
1536 -142
1533 -21
1530 -1407
1527 -787
1524 789
1521 1003
1518 127
1515 -1745
1512 -32
1509 579
1506 46
1503 -735
1500 -535
1497 -1467
1494 952
1491 908
1488 1989
1485 -485
1482 777
1479 1785
1476 872
1473 153
1470 921
1467 -185
1464 -64
1461 -18
1458 -680
1455 -1839
1452 1492
1449 587
1449 BOTTOMOFSTACK

2031 1955
2028 570
2025 148
2022 1121
2019 900
2016 2016
2013 442
2010 -1014
2007 -904
2004 -475
2001 -1688
1998 708
1995 73
1992 -715
1989 -1201
1986 -1504
1983 937
1980 -34
1977 -1601
1974 2025
1971 -1724
1968 372
1965 -452
1962 -172
1959 -746
1956 -1380
1953 -835
1950 -324
1947 244
1944 -1063
1941 -61
1938 -1206
1935 659
1932 -649
1929 1177
1926 1284
1923 -1679
1920 549
1917 -1746
1914 -1485
1911 1089
1908 -1778
1905 1064
1902 -762
1899 -523
1896 -152
1893 465
1890 -2041
1887 1830
1884 1756
1881 765
1878 -123
1875 -1562
1872 1599
1869 -830
1866 449
1863 -841
1860 263
1857 225
1854 -1899
1851 881
1848 1845
1845 -1840
1842 -1612
1839 -164
1836 -1783
1833 1829
1830 271
1827 -938
1824 -1168
1821 1603
1818 -283
1815 783
1812 -557
1809 -1569
1806 1082
1803 264
1800 -497
1797 -1945
1794 -810
1791 1741
1788 -419
1785 1177
1782 -1092
1779 -208
1776 16
1773 1616
1770 -878
1767 -382
1764 1143
1761 1685
1758 501
1755 -1809
1752 0
1749 1715
1746 1179
1743 121
1740 557
1737 713
1734 313
1731 -1905
1728 -901
1725 -1540
1722 -2046
1722 BOTTOMOFSTACK

2004 395
2001 1089
1998 1998
1995 0
1992 -1220
1989 368
1986 750
1983 996
1980 1042
1977 -1461
1974 -729
1971 1385
1968 1284
1965 -185
1962 -89
1959 76
1956 1753
1953 1051
1950 -1393
1947 1368
1944 1379
1941 -1669
1938 691
1935 2009
1932 -1329
1929 -1005
1926 -539
1923 -1393
1920 169
1917 -578
1914 -580
1911 -1112
1908 -1788
1905 -1204
1902 -1377
1899 -868
1896 -686
1893 1100
1890 -98
1887 1071
1884 648
1881 -248
1878 -790
1875 1487
1872 -1262
1869 942
1866 1416
1863 949
1860 711
1857 1938
1854 -335
1851 -1061
1848 1784
1845 480
1842 -762
1839 1387
1836 1773
1833 -1360
1830 -1684
1827 -1713
1824 882
1821 631
1818 -814
1815 1528
1812 69
1809 -959
1806 -253
1803 997
1800 1653
1797 -631
1794 517
1791 -1004
1788 -382
1785 -1661
1782 -728
1779 1493
1776 1837
1773 123
1770 -1058
1767 -2032
1764 1162
1761 1775
1758 -137
1755 -1053
1752 -1792
1749 1583
1746 9
1743 -538
1740 -1897
1737 1229
1734 1481
1731 1523
1728 1483
1725 988
1722 -1533
1719 -1478
1716 1098
1713 -1712
1710 626
1707 1297
1704 -1245
1701 -1979
1698 530
1698 BOTTOMOFSTACK

