001101010000000101100101010000110000001111111011000100100000000000000000000101100010001100000000011000000000001001110000000000110000111100101110000100100011000100100000010000000000100110101001000000000000000110101110001100000000000000000000011111000110001100000000000000000000011111011011001100000000011000000000001100110110010001100000111111101000000100010000010000100000011101010110000100100011000100110000010100000000010001100000111111010000000100010011010000010000011101110110000100100010000000000000100011000100010100000001000000000000000010111010001100000000011000000000001001110000000100000001000100110011000000000000000101100110001100000000000000000000011011010011001100000000011000000000000110110011010100110000010000000000010000111110000000110000111000010110000000010000011001001100000000000000000110100001001100000000000000000000010000010111001100000000011000000000000011110110000000110000000101010111010000010000010100101000000101100101001101010000011100000000

001101010000000101100101010001100000111111110001000100000011010000000000101110000000000000000000010111010111001100000000011000000000001001110000010001100000111110000010000000010000001011000101010100110000010001100000111111110111000100100000000000000000000011000001001100000000000000000000001010110110001100000000011000000000010010001100000101100101001101010000011100000000

001101010000000101100101000100010011010100010000010001100000111110111011000100110001010000110000101100100011000100110011010001100000111110111000000100000001010001100000111110110101000101100101001101010000011100000000

001101010000000101100101000100010011000000000000011111110011001100000000000000000000001010001110001100000000011000000000000011110110000100000000010100100001010001100000111110000101000000100000011111000111000000100000111000011100010100110010010100100001000000000000000001001010001100000000000000000000000010011101001100000000011000000000000011110110000000000000111100001100010000110000111110000011000000110000110100010001010100000011000100010000010100000010000101100101001101010000011100000000

001101010000000101100101010001100000111111010000010100110001000100110000010001100000111111101110010100100000010001100000111111010110000100010010000000100000010111010101010000100000101101101001010001100000111111000100000000010000011011101110010000110000100011001011000000000000011100111011001100000000000000000000001011110100001100000000000000000000010101111001001100000000011000000000000000101110010001100000111111101011000101100101001101010000011100000000

001101010000000101100101010001100000111110110010010000100000100100010110010001100000111110001000000000010000101010111000010000010000100001001001010001100000111110101100000000000000111101111111010001100000111110000010000000100000111000110110010000110000010001111110000100010011010100110010010001100000111110011101010000000000100100100000000000000000011001110010001100000000000000000000011101111011001100000000011000000000010010001100000100000010010100000001010001100000111110010100000100100010000000000000010100011110001100000000000000000000001101100101001100000000000000000000001001110100001100000000011000000000000000101110010001100000111111010110010000000000011010111000000000110000000100101001000000110000101100110000000000000000101010110100010000010000110010110000000000100000111110110011010000000000000111100001000000000000010000100000000101100101001101010000011100000000

001101010000000101100101010001100000111110110101010100010010000000000000011001101000010100010000010001100000111110001011000101100101001101010000011100000000

001101010000000101100101000100000011010000110000101011111110000000000000010000010100001100000000000000000000000100001110001100000000011000000000000110110011010000110000100011101101010001100000111110000101010000010000110000111111010100010010000000000000000110111110001100000000000000000000000011111101001100000000011000000000010010001100000000010000001001001110010001100000111110011101000100100000010100100000010001100000111110000010010100110000000100000001000000000000001011110100001100000000000000000000010111000100001100000000011000000000000011110110010001100000111111110001000000000000101100101011010001100000111111101011000100010010000101100101001101010000011100000000

