001101010000000101100101000000100000011101010010010100010011010001100000111111010011000100110001000100010010010100000011010000100000111010110101000000000000000101111000001100000000011000000000000011011011010000000000100011000100000100000000000100000001000101100101001101010000011100000000

001101010000000101100101010001100000111111100010010001100000111110011101000000110000111001100110010001100000111111011111000100100010010100000000010100010000010000000000000111001001010001100000111110110010000100000000010000110000101010110100000101100101001101010000011100000000

001101010000000101100101010001100000111101111111010100010011000100110011010001100000111111100101000100110011010000000000111010111010000101100101001101010000011100000000

001101010000000101100101010001100000111111100010000100000000000100000001000000000000001010001000000000000000010001101000001100000000011000000000000011011011010001100000111111110111010100100001000100000010010100100011000000000000001100101000001100000000011000000000010001011001010000010000001110010001000100100011010100010001010001100000111110100011000000000000000110110010000101100101001101010000011100000000

001101010000000101100101010001100000111110010111000000010000111100001100010001100000111111110111000000010000111110100001010100110010000000000000001011010011001100000000011000000000000011011011010000110000011010010110000100100010010000000000101001011010010001100000111110111000010000110000110001111001000100110000000100110010010100010001010001100000111110100110000100000001010000010000100010100101000101100101001101010000011100000000

001101010000000101100101010001100000111110110101010100000011010000010000001011110011000000000000100011011100010000100000001110111100010000000000000101111100010000000000100000101000010001100000111111101011010100000001010001100000111101111111000000010000110001001000010000010000011000010111010001100000111110100011010000110000010001000001000100110010010000000000001100010110000000110000010011010011010000000000101111110000000000010000110011000111000000000000011111110010001100000000011000000000000011011011000000000000111100010110000100000001000000110000100110101111000000000000000011100111001100000000011000000000000011011011010100000000000100010001010000110000101110001011010000000000110010110000000100000001000100100001000000100000001000111000000000110000100010000000010000100000011010111101000000000000001111101110001100000000011000000000010001011001000100000001010000000000100111101000000101100101001101010000011100000000

001101010000000101100101010001100000111110011010000100100001010100000000000100110000010000010000110101111101000100100001010100110001000000000000001100100100001100000000000000000000000010001001001100000000000000000000010000100111001100000000011000000000000000100001000100000000010100000001010100000001010000010000111011100111000000000000111110001111000000100000000111000111000000010000100001111001010000000000100101010000000100100000010000000000000101101001000100000001010100100011000000000000011011011111001100000000000000000000001010111100001100000000011000000000001110110111000000110000101010111010010000010000101011101110000000000000010111101100001100000000000000000000001101110000001100000000000000000000010010001101001100000000011000000000000000100001010000010000001000110001000101100101001101010000011100000000

001101010000000101100101000000100000100111110001000101100101001101010000011100000000

001101010000000101100101000100000011010000110000001011101110010001100000111110100110000100110010010000110000011010011011000100110011010001100000111110100110010000010000110101010001000000000000110001100100010100100010000000000000000100011010001100000000000000000000010111010100001100000000011000000000001001001001000100000001010100110000000000000000110011100000010000100000001011000100010000010000101010001001000000000000010010110101001100000000000000000000010001111111001100000000011000000000001110110111010100110000000100010011000000000000110100110010010100010010000000000000010000101000001100000000000000000000010101101111001100000000000000000000000100100001001100000000011000000000010100011111000000000000111011000011000100010011000100010000010100000000010000110000111001001111000101100101001101010000011100000000

