001101010000000101100101010001100000111110110101000000010000111110111011010000000000011110010010000100110011010000010000000011110100000000000000000010011001001100000000011000000000001110110001010001100000111110100011010000110000110101011110000000110000101010100111010001100000111101111111010001100000111110100110000000010000011001100001010000010000101001000100000100000000010100100001010001100000111111110001010100010011000000000000001010111011001100000000011000000000001110110001010100100011000101100101001101010000011100000000

001101010000000101100101000000010000110011001001010000100000001001011001010001100000111110001011010001100000111110100110000100000010010000010000100101011000010001100000111111000100000100110000010001100000111110000101010000000000011111101111000000010000001011110000010100110000000100000011010001100000111110011101000000000000001111101110010000010000000011110010000000000000000001010001001100000000011000000000001110110001000000000000000100010100001100000000011000000000001110110001010001100000111110010001010100110001000000010000110010001001010000100000111110100110010000110000100011011101000101100101001101010000011100000000

001101010000000101100101000100010010010001100000111111101011000100110000010000100000001101001011010001100000111110100011010001100000111111011001000100100000010100100001000000000000001001101011001100000000011000000000001110110001010001100000111110111000010100110000000100010011010001100000111110000101000000010000010101111111010000110000000011010111000000010000000010100000010100100011000100000011010100010000010100100011000000010000100010000100010001100000111110011101000000000000110001010010010000100000110000010100010001100000111111100010010000000000010001110110010001100000111110100011010000010000000010011011000100000001010100110001010000100000011110011010010100000011000101100101001101010000011100000000

001101010000000101100101010001100000111110010100000100100010010100000001010100000001000100010010000100010001010000110000010010011000000000100000010010010101010100000010000000010000001111111101010100000011000100110010010100110000000000100000001001011101000000000000011011111001001100000000011000000000001110110001010000010000010111101110000000000000000100111001001100000000011000000000000110011011010000100000100110111110010000010000000010001111000000010000101111001101010000100000110001011001000100100011010000000000011111011000000000000000001101110100001100000000000000000000000010101110001100000000011000000000000011011000000000110000011011110010010000100000001110000110000000110000100011000100010000100000101110110100000000000000010000100100000000110000101001000000000000100000111011101100010000010000010101011111000100100000010100110011000101100101001101010000011100000000

001101010000000101100101000000000000010111010110001100000000011000000000001110110001010001100000111110110101000000010000110001100110010000000000111111011010010001100000111111100010010000110000010010011010010001100000111111011001000100010011010100000000000100100011010100110011000000000000011010111111001100000000000000000000010010100101001100000000011000000000000011011000010001100000111110110101000000000000111110111101010001100000111110110010000000100000110101101011010100000011000100110001000101100101001101010000011100000000

001101010000000101100101000100110011010100110001010001100000111110110101000100110011000000010000000011110111010100100000010001100000111110100011000100000011010001100000111111001101000100110001010100100011010001100000111111101000000000010000000110001110000100010001000000000000010011010011001100000000000000000000001010100000001100000000000000000000001111110011001100000000011000000000001100001111010001100000111111110001010000000000111100000010010000110000100010011100000100000010010100110010000000000000011011111101001100000000000000000000010110100011001100000000000000000000000100111011001100000000011000000000001100001111010100110010010000010000011111101100000000000000010000011110001100000000000000000000011000100000001100000000011000000000000000100000000000000000001101110010010100100000000100110001010000110000111101001010000101100101001101010000011100000000

