001101010000000101100101010001100000111110111110000000100000111110010101000000000000011001011010001100000000000000000000010100001101001100000000011000000000001000110100010000010000110110100110010000110000010011010011000100010001000100100000000100110001000100110011010100000011010100010000010100010000000000000000000011010111001100000000011000000000001011110100010000010000010001110001000100010010000000010000001100101010010000100000011110111100000100100011010000000000111111111001000101100101001101010000011100000000

001101010000000101100101000100000010010001100000111110001110000000110000100100000000010000000000000011110110000101100101001101010000011100000000

001101010000000101100101000000000000000111010101010000110000000011011110010001100000111111110111000100010010010001100000111110101001000100100011010000100000110100101010010001100000111110101111000000000000010001101011001100000000011000000000001011110100000000000000100111000001000100110000010100100000010001100000111110111011010100000011000000000000011011011011001100000000000000000000001000000011001100000000000000000000001001010111001100000000000000000000000101000110001100000000011000000000001110111101000100110011010100010011000000010000001000101110010100000001000100000011010100100010010001100000111111101110000101100101001101010000011100000000

001101010000000101100101010001100000111110101001010100000000010001100000111110101100010001100000111111000001010000100000000111101111010000010000011011000111010001100000111111001010000100100010010000100000010010101001010001100000111110101111000100010010000000000000010111101010001100000000011000000000001011110100000000100000000000111110010100000000010001100000111110001110010100010011000000000000001001000001001100000000011000000000000011001100010001100000111111001010010001100000111110100110010001100000111110010001000100100011010001100000111111110001000000000000010011110001001100000000000000000000000110110011001100000000000000000000000010011000001100000000011000000000000101111010000100100010000000100000101011000000010000010000111111010000000100000001010000000000100000010100000000000000000011101001001100000000011000000000000000001110000000010000101000011111000000000000010101001101000100010001010100100001000000000000010011111110010000110000010101100010000101100101001101010000011100000000

001101010000000101100101010001100000111110001110010100100001010001100000111110010111000000100000010100001010010100010010010000110000001000010110010001100000111111011111000000100000000001011100010000000000000101110010000100110000010100010010010000000000111110110110000101100101001101010000011100000000

001101010000000101100101010001100000111110111110000000010000101011001000010000000000010001011010000100100001000000100000110101100001010000100000001100100011010001100000111110010001010000010000000100000000010001100000111110110101000100000001010100110000000000000000001101010100001100000000011000000000001011110100000100100010010100010010010001100000111110110010010100100001010001100000111110110010010100010010010001100000111110100011000100110001010000100000010010000101010001100000111110111000000100110000010000010000001010100001010001100000111110000010000000000000100110111111010000110000001011010110000101100101001101010000011100000000

