2040 768
2037 412
2034 416
2031 1494
2028 14
2025 2025
2022 223
2019 -1371
2016 1088
2013 1756
2010 1666
2007 -473
2004 429
2001 1581
1998 -596
1995 -538
1992 -562
1989 1887
1986 -1042
1983 1807
1980 940
1977 795
1974 1928
1971 -1514
1968 931
1965 1505
1962 -1566
1959 -1627
1956 -870
1953 -761
1950 1029
1947 235
1944 -440
1941 625
1938 -13
1935 2043
1932 -776
1929 76
1926 1454
1923 1470
1920 -220
1917 220
1914 -2035
1911 1647
1908 -902
1905 1592
1902 -1497
1899 -1493
1896 440
1893 -1551
1890 -1601
1887 1409
1884 -248
1881 -1770
1878 821
1875 810
1872 -913
1869 -1382
1866 -308
1863 1466
1860 120
1857 -1913
1854 -419
1851 1918
1848 -1570
1845 -1283
1842 792
1839 -1482
1836 -1945
1833 -1325
1830 1479
1827 1678
1824 -162
1821 258
1818 -412
1815 -877
1812 -740
1809 86
1806 -2035
1803 1352
1800 -1054
1797 -560
1794 299
1791 -504
1788 -1375
1785 -639
1782 1789
1779 1347
1776 1305
1773 526
1770 -1182
1767 -796
1764 352
1761 1872
1758 607
1755 -1169
1752 415
1749 -598
1746 1060
1743 1559
1740 1703
1737 -713
1734 -731
1731 -638
1728 1488
1725 478
1722 -1771
1719 1075
1716 1261
1713 -11
1710 2024
1707 441
1704 -326
1701 -1233
1698 1412
1695 1185
1692 341
1689 967
1686 1069
1683 1553
1680 -165
1680 BOTTOMOFSTACK

2052 2036
2049 1660
2046 1261
2043 1672
2040 201
2037 2037
2034 1410
2031 -426
2028 105
2025 -1717
2022 -620
2019 -1739
2016 1789
2013 -338
2010 -1601
2007 727
2004 1821
2001 -666
1998 -868
1995 -738
1992 -1464
1989 -573
1986 1075
1983 1995
1980 1196
1977 1738
1974 2003
1971 1369
1968 -624
1965 1278
1962 -1831
1959 1984
1956 1399
1953 -771
1950 1356
1947 -1904
1944 993
1941 -1864
1938 269
1935 -65
1932 -121
1929 1874
1926 1773
1923 765
1920 1288
1917 -29
1914 42
1911 1685
1908 307
1905 -1879
1902 1093
1899 1018
1896 -852
1893 29
1890 330
1887 -1112
1884 -455
1881 -1381
1878 562
1875 1661
1872 559
1869 1776
1866 -1171
1863 1496
1860 -209
1857 178
1854 -1270
1851 -162
1848 -1575
1845 -1640
1842 1419
1839 -1289
1836 -827
1833 2022
1830 -511
1827 1582
1824 1698
1821 1047
1818 1753
1815 1840
1812 1982
1809 271
1806 -1289
1803 -163
1800 -207
1797 -538
1794 -982
1791 1670
1788 1120
1785 -1204
1782 111
1779 139
1776 842
1773 -1272
1770 -265
1767 0
1764 -224
1761 1764
1758 1845
1755 2025
1752 1745
1749 170
1746 908
1743 513
1740 -1935
1737 -356
1734 1360
1731 491
1728 1321
1725 1238
1722 -1204
1719 1849
1716 -683
1713 1884
1710 -686
1707 -278
1704 -1815
1701 -1765
1698 1395
1695 824
1692 1213
1689 -1667
1686 749
1686 BOTTOMOFSTACK

2031 1923
2028 801
2025 384
2022 2022
2019 183
2016 -893
2013 -13
2010 1574
2007 -608
2004 1839
2001 -1232
1998 374
1995 1971
1992 25
1989 -2042
1986 -665
1983 -1675
1980 467
1977 -1645
1974 228
1971 1556
1968 1247
1965 -714
1962 1932
1959 1177
1956 619
1953 -1653
1950 1826
1947 -651
1944 801
1941 1877
1938 1088
1935 -923
1932 1225
1929 -57
1926 -797
1923 -1792
1920 1953
1917 -1420
1914 -513
1911 -1031
1908 1878
1905 1730
1902 590
1899 1715
1896 1751
1893 789
1890 -974
1887 -1289
1884 -1988
1881 -1368
1878 747
1875 -690
1872 735
1869 -574
1866 -1150
1863 647
1860 773
1857 1619
1854 -817
1851 1536
1848 337
1845 1427
1842 1248
1839 1096
1836 1073
1833 -1806
1830 -1726
1827 -502
1824 1874
1821 133
1818 1579
1815 -1840
1812 257
1809 -782
1806 1413
1803 -230
1800 490
1797 1661
1794 -510
1791 5
1788 1479
1785 1097
1782 552
1779 1381
1776 1941
1773 -1340
1770 -981
1767 1778
1764 1003
1761 297
1761 BOTTOMOFSTACK

2043 369
2040 669
2037 552
2034 2034
2031 -339
2028 -1175
2025 -709
2022 574
2019 1908
2016 -1526
2013 1199
2010 -1163
2007 2008
2004 268
2001 -861
1998 846
1995 -1820
1992 -748
1989 -524
1986 -632
1983 1730
1980 -1586
1977 227
1974 1352
1971 -89
1971 BOTTOMOFSTACK

2037 1566
2034 714
2031 2031
2028 1285
2025 1384
2022 -432
2019 1744
2016 648
2013 -136
2010 -1609
2007 -1059
2004 -484
2001 1193
1998 1573
1995 -574
1992 46
1989 520
1986 -1953
1983 290
1980 1210
1977 -522
1974 1294
1971 -954
1968 422
1965 1247
1962 568
1959 -374
1956 -1092
1953 -592
1950 -626
1947 521
1944 1438
1941 -718
1938 327
1935 484
1932 -469
1929 -1273
1926 -1723
1923 -814
1920 354
1917 3
1914 1
1911 453
1908 -933
1905 -1712
1902 -888
1899 -806
1896 -1437
1896 BOTTOMOFSTACK

2043 783
2040 1403
2037 743
2034 912
2031 2031
2028 779
2025 341
2022 -1684
2019 1918
2016 1370
2013 -344
2010 1912
2007 -726
2004 1494
2001 1527
1998 167
1995 -873
1992 -82
1989 287
1986 921
1983 -777
1980 -655
1977 275
1974 -1905
1971 715
1968 -294
1965 -599
1962 1573
1959 -1743
1956 230
1953 1447
1950 -262
1950 BOTTOMOFSTACK

2016 538
2013 1219
2010 101
2007 1107
2004 2004
2001 1943
1998 1932
1995 -422
1992 -986
1989 557
1986 -109
1986 BOTTOMOFSTACK

2052 689
2049 1915
2046 351
2043 1287
2040 2040
2037 838
2034 508
2031 -954
2028 68
2025 -827
2022 271
2019 157
2016 1
2013 1261
2010 -1965
2007 -830
2004 -949
2001 79
1998 -1315
1995 1301
1992 -848
1989 -28
1986 -1360
1983 -1822
1980 -542
1977 1673
1974 0
1971 1685
1968 -1718
1965 -1557
1962 456
1959 220
1956 -1744
1953 -9
1950 -1380
1947 -1925
1944 1152
1941 -515
1938 -692
1935 572
1932 1280
1929 1584
1926 1442
1923 -470
1920 1445
1917 1867
1914 1273
1911 1288
1908 841
1905 -545
1902 -888
1899 695
1896 850
1893 559
1890 -1836
1887 -267
1884 162
1881 -7
1878 -1560
1875 -1871
1872 -354
1869 396
1866 1749
1863 1185
1860 9
1857 1517
1854 -1840
1851 -1395
1848 -1534
1845 94
1842 -870
1839 438
1836 1080
1833 -664
1830 -1190
1827 -1469
1824 480
1821 1841
1818 1083
1815 259
1812 -1789
1809 -1698
1806 -546
1803 -205
1800 -1899
1797 -126
1794 -332
1791 -678
1788 -1498
1785 1667
1782 301
1779 803
1776 -615
1773 1840
1770 -1043
1767 662
1764 1035
1761 -928
1758 -112
1755 150
1752 -858
1749 972
1746 -757
1743 1071
1740 -870
1737 933
1734 -169
1731 1340
1728 -443
1725 1750
1722 -1537
1719 1927
1716 -267
1713 -1405
1710 1391
1707 672
1704 -1289
1704 BOTTOMOFSTACK

