2031 1166
2028 2044
2025 28
2022 2022
2019 744
2016 93
2013 -233
2010 815
2007 -700
2004 211
2001 -1301
1998 524
1995 1561
1992 193
1989 1096
1986 740
1983 1303
1980 1853
1977 1781
1974 1364
1971 -295
1968 -1074
1965 1403
1962 907
1959 1215
1956 669
1953 -1733
1950 1561
1947 -135
1944 -981
1941 1832
1938 390
1935 -1644
1932 -1581
1929 -404
1926 1535
1923 6
1920 653
1917 -67
1914 -1791
1911 29
1908 -583
1905 256
1902 1653
1899 65
1896 -1430
1893 1067
1890 293
1887 -705
1884 1752
1881 -805
1878 1543
1875 -1169
1872 -313
1869 1447
1866 294
1863 -1039
1860 1786
1857 -1956
1854 -199
1851 1721
1848 -1031
1845 575
1842 136
1839 1502
1836 -26
1833 1256
1830 -615
1827 2004
1824 1843
1821 1359
1818 1882
1815 1241
1812 1970
1809 152
1806 -136
1803 1797
1800 93
1797 -1704
1794 1270
1791 93
1788 -279
1785 81
1782 -997
1779 -1838
1776 -1942
1773 -1744
1770 661
1767 -685
1764 1056
1761 -205
1758 999
1755 -112
1752 678
1749 -1607
1746 -678
1743 -895
1740 -637
1737 -212
1734 -498
1731 -18
1728 -427
1725 -758
1722 1741
1719 2041
1716 1004
1713 1565
1710 841
1707 553
1704 -113
1701 -1718
1698 -2024
1695 -16
1692 1131
1689 -1466
1686 -1431
1683 -1607
1680 430
1677 1090
1674 -386
1671 161
1668 -1786
1665 -631
1662 -4
1659 1752
1656 -750
1653 850
1650 1790
1647 -640
1644 -1984
1641 -825
1638 1649
1635 1074
1632 79
1629 1790
1626 144
1623 -943
1620 -1467
1617 -1910
1614 -1534
1611 -1389
1608 919
1605 1658
1602 1174
1599 -1260
1596 -542
1593 -427
1590 534
1587 -1209
1584 184
1581 16
1578 1380
1575 518
1572 -1470
1569 501
1566 -1487
1563 1428
1560 445
1557 944
1554 -291
1551 -1568
1548 1562
1545 -272
1542 18
1539 -1829
1536 -594
1533 -266
1530 1505
1527 673
1524 1470
1521 558
1521 BOTTOMOFSTACK

2001 1108
1998 180
1995 1995
1992 1494
1989 197
1986 17
1983 -558
1980 -1738
1977 -279
1974 -1145
1971 1530
1968 -1541
1965 1639
1962 113
1959 1598
1956 -1909
1953 -52
1950 584
1947 1890
1944 1753
1941 919
1938 -785
1935 658
1932 -1242
1929 431
1926 -935
1923 -840
1920 -941
1917 899
1914 2020
1911 1516
1908 619
1905 -968
1902 -713
1899 -1926
1896 -917
1893 1429
1890 1782
1887 -498
1884 -1652
1881 -866
1878 -64
1875 1346
1872 -621
1869 300
1866 657
1863 -1243
1860 1113
1857 60
1854 -1480
1851 453
1851 BOTTOMOFSTACK

