2028 1206
2025 44
2022 2022
2019 1409
2016 -461
2013 137
2010 -739
2007 -176
2004 -263
2001 -1208
1998 -555
1995 -108
1992 151
1989 1275
1986 -243
1983 -609
1980 235
1977 792
1974 1947
1971 -1855
1968 -475
1965 -720
1962 1848
1959 -447
1956 1353
1953 1179
1950 1306
1947 -868
1944 530
1941 1410
1938 1300
1935 240
1932 2039
1929 1336
1926 -1175
1923 163
1920 1791
1917 -1145
1914 1127
1911 -551
1908 935
1905 1226
1902 397
1899 521
1896 -627
1893 -587
1890 -84
1887 543
1884 240
1881 1589
1878 1328
1875 1956
1872 -38
1869 -1929
1866 -620
1863 162
1860 -299
1857 0
1854 -57
1851 689
1848 -629
1848 BOTTOMOFSTACK

2052 231
2049 589
2046 1413
2043 863
2040 204
2037 2037
2034 1017
2031 2014
2028 -1124
2025 344
2022 1854
2019 -976
2016 1753
2013 -730
2010 -659
2007 -602
2004 308
2001 -1880
1998 381
1995 -1045
1992 104
1989 696
1986 262
1983 -721
1980 -1352
1977 1331
1974 1798
1971 -376
1968 1934
1965 741
1962 -1351
1959 767
1956 -467
1953 -1052
1950 -1480
1947 1161
1944 232
1941 -537
1938 2000
1935 -198
1932 -1132
1929 -784
1926 1568
1923 390
1920 1706
1917 138
1914 -939
1911 -798
1908 -1944
1905 1194
1902 1684
1899 731
1896 -1309
1893 446
1890 1723
1887 1134
1884 -1138
1881 521
1878 -1459
1875 -1528
1872 -765
1869 -366
1866 1286
1863 89
1860 -833
1857 295
1854 399
1851 508
1848 309
1845 -1104
1842 519
1839 301
1836 -620
1833 -1859
1830 599
1827 -832
1824 -1381
1821 -548
1818 -1333
1815 -1493
1812 296
1809 -123
1806 -577
1803 414
1800 387
1797 1642
1794 1002
1791 522
1788 1082
1785 353
1782 1909
1779 -813
1776 408
1773 33
1770 625
1767 502
1764 1821
1761 -1641
1758 -1207
1755 -1218
1752 -1617
1749 -2041
1746 469
1743 -234
1740 9
1737 -1996
1734 1163
1731 1841
1728 289
1725 -354
1722 -434
1719 -988
1716 1813
1713 -800
1710 160
1707 -270
1704 -1135
1701 -1030
1698 -702
1695 -1833
1692 -2011
1689 -141
1686 -91
1683 -1376
1680 -58
1677 -1201
1674 426
1671 102
1668 -1691
1665 14
1662 -2032
1659 -138
1656 1630
1653 1752
1653 BOTTOMOFSTACK

2040 635
2037 541
2034 1442
2031 850
2028 393
2025 2025
2022 1905
2019 1491
2016 -290
2013 -265
2010 -1585
2007 87
2004 -586
2001 -578
1998 1088
1995 -418
1992 1234
1989 882
1986 78
1983 -707
1980 1357
1977 792
1974 1272
1971 1784
1968 1529
1965 -561
1962 122
1959 -294
1956 2044
1953 -445
1950 -1029
1947 -2031
1944 565
1941 1842
1938 -995
1935 886
1932 -1882
1929 187
1926 504
1923 1551
1920 1805
1917 1734
1914 -1237
1911 1283
1908 -194
1905 -448
1902 1728
1899 643
1896 -1353
1893 476
1890 1716
1887 -448
1884 786
1881 712
1878 -349
1875 -1036
1872 -827
1869 1420
1866 -789
1863 548
1860 160
1857 -1915
1854 -455
1851 1202
1848 -722
1845 175
1842 -1124
1839 2037
1836 -1913
1833 -1055
1830 541
1827 168
1824 1366
1821 -1208
1818 -1902
1815 -476
1815 BOTTOMOFSTACK

2013 120
2010 1310
2007 1833
2004 591
2001 2001
1998 -1043
1995 1871
1992 -888
1989 -786
1986 -473
1983 1975
1980 -352
1977 -888
1974 122
1971 -1129
1968 -1590
1965 -1141
1962 1547
1959 -1185
1956 866
1953 -1894
1950 1204
1947 1766
1944 1344
1941 227
1938 -1066
1935 -440
1932 -257
1929 -24
1926 1448
1923 -1944
1920 -1756
1917 1971
1914 -146
1911 -1289
1908 168
1905 -507
1902 1788
1899 1961
1896 -1029
1893 473
1890 1772
1887 122
1884 2004
1881 718
1878 27
1875 -1570
1872 1618
1869 1870
1866 -1085
1863 -1130
1860 -952
1857 1505
1854 -767
1851 -453
1848 2036
1845 -586
1842 -521
1839 -1013
1836 83
1833 1
1830 1292
1827 -1808
1824 -977
1821 -1755
1818 -362
1815 -1915
1812 1185
1809 1292
1806 -1727
1803 -1416
1800 1725
1797 927
1794 1819
1791 1809
1788 -818
1785 2021
1782 -1122
1779 -344
1776 1964
1773 -1826
1770 -1610
1767 -468
1764 1069
1761 -1724
1758 -1259
1755 705
1752 -75
1749 1398
1746 -1552
1743 -916
1740 1725
1737 1107
1734 -549
1731 -39
1728 1050
1725 115
1722 -987
1719 511
1716 1880
1713 219
1710 1196
1707 -881
1704 223
1701 1203
1698 600
1695 -1416
1692 -1960
1689 429
1686 1851
1683 1659
1680 -1754
1677 168
1674 2027
1671 -331
1668 -1139
1665 967
1662 -797
1659 -171
1656 466
1653 -1495
1650 853
1647 -1157
1644 1467
1641 86
1638 563
1635 -982
1632 -1489
1629 365
1626 1097
1623 -1576
1623 BOTTOMOFSTACK

2022 157
2019 765
2016 2016
2013 192
2010 -1309
2007 1420
2004 -156
2001 1019
1998 -1248
1995 -1201
1992 -742
1989 -572
1986 -1397
1983 1434
1980 700
1977 1582
1974 -740
1971 1393
1968 1305
1965 -1823
1962 -2028
1959 1980
1956 738
1953 1413
1950 1095
1947 -1527
1944 -402
1941 -848
1938 -1086
1935 52
1932 1039
1929 1160
1926 1279
1923 -421
1920 -1423
1917 1437
1914 -203
1911 385
1908 -1125
1905 -1783
1902 682
1899 177
1896 341
1893 1792
1890 -359
1887 -743
1884 894
1881 -1564
1878 -308
1875 -226
1872 -1156
1869 1729
1866 -802
1863 1986
1860 358
1857 732
1854 327
1851 1432
1848 -1289
1845 -1837
1842 -482
1839 -999
1836 -486
1833 954
1830 1688
1827 201
1824 1823
1821 -209
1818 -1879
1815 -204
1812 1935
1809 -1032
1806 1735
1803 672
1800 -67
1797 -21
1794 -1788
1791 1674
1788 -1306
1785 689
1782 -1004
1779 -191
1776 1989
1773 1518
1770 -1027
1767 -1505
1764 791
1761 -1772
1758 1993
1755 -674
1752 1785
1749 362
1746 -963
1743 -120
1740 -1015
1737 1046
1734 946
1731 977
1728 -1916
1725 353
1722 -436
1719 -28
1716 -129
1713 1612
1710 -1942
1707 805
1704 1396
1701 1916
1698 1953
1695 1311
1692 -1191
1689 1865
1686 1588
1683 1583
1680 -601
1677 1853
1674 -482
1671 -114
1668 -1087
1665 0
1662 695
1659 -1986
1656 -1873
1653 359
1650 -1533
1647 -1631
1644 1232
1641 929
1638 -1555
1635 -655
1632 1467
1629 1610
1626 1009
1623 -2014
1620 -1251
1617 1283
1614 -356
1611 1645
1608 760
1605 1975
1602 -1265
1599 0
1596 -1884
1593 341
1590 -39
1587 -477
1584 -1372
1581 1108
1578 -1309
1575 -942
1572 -1362
1569 -79
1566 1657
1563 1055
1560 659
1557 58
1554 -1303
1551 665
1548 -801
1545 -22
1542 -171
1539 -285
1536 -964
1533 1349
1530 144
1527 -486
1524 -1536
1521 1670
1518 941
1515 1793
1512 -999
1509 604
1506 967
1503 1507
1500 1552
1497 -1729
1494 -1648
1491 -1521
1488 -230
1485 1370
1482 901
1479 1395
1476 -1517
1473 673
1470 1031
1467 256
1464 1288
1461 -1817
1458 -1327
1455 -1520
1452 1833
1449 -649
1446 528
1443 -514
1440 2040
1437 348
1434 -1806
1431 411
1428 -1142
1425 -1229
1422 1340
1419 -1125
1416 -317
1413 261
1410 -1396
1407 -1473
1404 -506
1401 -149
1398 -1817
1395 1159
1392 -1640
1389 1775
1386 952
1383 632
1380 1357
1377 -598
1374 405
1371 808
1368 -1478
1365 1922
1362 -698
1359 65
1359 BOTTOMOFSTACK

2028 840
2025 1775
2022 954
2019 2019
2016 438
2013 2003
2010 1746
2007 -758
2004 1194
2001 833
1998 1940
1995 1381
1992 -33
1989 -1643
1986 -1446
1983 -919
1980 408
1977 1844
1974 -1367
1971 470
1968 -1807
1965 750
1962 668
1959 1040
1956 -149
1953 -742
1950 -1004
1947 404
1944 -503
1941 370
1938 913
1935 1939
1932 1279
1929 -698
1926 -1496
1923 -1353
1920 518
1917 -710
1914 -1447
1911 -147
1908 342
1905 -1147
1902 -1445
1899 266
1896 -95
1893 -2031
1890 1863
1887 1752
1884 1356
1881 1430
1878 -337
1875 -1060
1872 -719
1869 -319
1866 -124
1863 -1522
1860 -1165
1857 -354
1854 1678
1851 156
1848 625
1845 1043
1842 -1707
1839 1909
1839 BOTTOMOFSTACK

