2040 1375
2037 1180
2034 13
2031 2031
2028 1400
2025 -1200
2022 -106
2019 1355
2016 -1335
2013 189
2010 232
2007 1581
2004 -1323
2001 -1065
1998 1545
1995 892
1992 -649
1989 278
1986 -976
1983 343
1980 1541
1977 -403
1974 -13
1971 2014
1968 1355
1965 290
1962 12
1959 -1012
1956 -481
1953 -1938
1950 -254
1947 924
1944 678
1941 1756
1938 1371
1935 1152
1932 -1386
1929 401
1926 1626
1923 107
1920 -1326
1917 -500
1914 1484
1911 171
1908 396
1905 614
1902 -461
1899 1746
1896 -486
1893 -92
1890 -1849
1887 -647
1884 -544
1881 -100
1878 -523
1875 -80
1872 1288
1869 1494
1866 -1983
1863 -902
1860 96
1857 -82
1854 -1442
1851 -1279
1848 224
1845 945
1842 -823
1839 -420
1836 388
1833 743
1830 -794
1827 -1720
1824 1683
1821 -1128
1818 -1313
1815 649
1812 -1632
1809 -462
1806 -1461
1803 -1257
1800 2011
1797 -1974
1794 -835
1791 1310
1788 -1751
1785 -1545
1782 -625
1779 233
1776 731
1773 -1638
1770 1474
1767 801
1764 63
1761 532
1758 1672
1755 -1721
1752 -1551
1749 -1116
1746 -1648
1743 1128
1743 BOTTOMOFSTACK

2043 1421
2040 850
2037 174
2034 2034
2031 170
2028 1486
2025 93
2022 1369
2019 -1035
2016 -1683
2013 1629
2010 2001
2007 -1216
2004 -1048
2001 -573
1998 311
1995 -1176
1992 469
1989 -1894
1986 1788
1983 637
1980 -528
1977 -1972
1974 -220
1971 -916
1968 324
1965 1723
1962 -956
1959 -911
1956 -1939
1953 -2
1950 1028
1947 -794
1944 -714
1941 1564
1938 -1916
1935 2005
1932 1448
1929 -184
1926 -136
1923 257
1920 -15
1917 30
1914 -1168
1911 -1463
1908 239
1905 1404
1902 862
1899 -1946
1896 0
1893 152
1890 -863
1887 -406
1884 1995
1881 -151
1878 -1257
1875 841
1872 232
1869 181
1866 1658
1863 -1282
1860 1109
1857 1979
1854 1369
1851 991
1848 -334
1845 1940
1842 -188
1839 -927
1836 -1117
1833 -1959
1830 1560
1827 -298
1824 -1715
1821 500
1818 -1798
1815 9
1812 -1818
1809 931
1806 -908
1803 -885
1800 328
1797 1050
1794 323
1791 -1407
1788 -571
1785 -1186
1782 1991
1779 -701
1776 -1486
1773 986
1770 245
1767 -1398
1764 -459
1761 1652
1758 1680
1755 1359
1752 -63
1749 888
1746 196
1743 -664
1740 1864
1737 -1293
1734 -894
1731 868
1728 1348
1725 2020
1722 1876
1719 -1851
1716 693
1716 BOTTOMOFSTACK

2019 1678
2016 429
2013 1345
2010 597
2007 330
2004 2004
2001 -800
1998 -1410
1995 -1987
1992 -1706
1989 -1246
1986 -819
1983 -389
1980 1468
1977 1427
1974 -1156
1971 53
1968 -230
1965 757
1962 -1891
1959 174
1956 1126
1953 -2036
1950 -26
1947 1065
1944 -1427
1941 1564
1938 1672
1935 -1829
1932 1749
1929 -550
1926 1297
1923 1766
1920 -1742
1917 -1712
1914 1290
1911 -671
1908 -203
1905 132
1902 -726
1899 1874
1896 -1968
1893 -446
1890 -1034
1887 1450
1884 -1364
1881 1771
1878 -369
1875 1197
1872 -1278
1869 -44
1866 1641
1863 1718
1860 -1307
1857 1315
1854 -1203
1851 -546
1848 -1791
1845 -484
1842 282
1839 786
1836 490
1833 418
1830 1132
1827 1599
1824 -472
1821 1992
1818 2022
1815 -1555
1812 -505
1809 1013
1806 -616
1803 571
1800 -1734
1797 -1601
1794 1244
1791 375
1788 799
1785 -168
1782 -666
1779 737
1776 -517
1773 -1785
1770 -1368
1767 -608
1764 1644
1761 -1234
1758 -26
1755 -749
1752 -1460
1749 -512
1746 1628
1743 308
1740 -736
1737 -555
1734 245
1731 -1582
1728 -678
1728 BOTTOMOFSTACK

2022 864
2019 127
2016 519
2013 2013
2010 -941
2007 -25
2004 -1440
2001 1875
1998 -1469
1995 178
1992 -656
1989 -972
1986 618
1983 -1479
1980 1230
1977 1111
1977 BOTTOMOFSTACK

