2019 761
2016 42
2013 2013
2010 525
2007 -596
2004 1845
2001 -2003
1998 1639
1995 -293
1992 -1617
1989 1629
1986 -497
1983 -1159
1980 878
1977 -523
1974 465
1971 194
1968 258
1965 -578
1962 80
1959 1873
1956 180
1953 1781
1950 -1873
1947 -44
1944 1987
1941 -1443
1938 171
1935 2009
1932 1355
1929 255
1926 -616
1923 -219
1920 1246
1917 1307
1914 1748
1911 534
1908 -580
1905 1703
1902 -1019
1899 1134
1896 -824
1893 -634
1890 -1935
1887 -757
1884 -1561
1881 -1507
1878 224
1875 422
1872 -272
1869 1624
1866 1042
1863 -1075
1860 2009
1857 -23
1854 -516
1851 -1175
1848 -1105
1845 703
1842 780
1839 -268
1836 -1937
1833 -255
1830 1181
1827 0
1824 658
1821 1558
1818 -359
1815 -718
1812 832
1809 -1425
1806 401
1803 -1848
1800 -1282
1797 -933
1794 9
1791 1451
1788 1131
1785 1665
1782 -1611
1779 -1152
1776 1281
1773 1791
1770 1787
1767 567
1764 1853
1761 1667
1758 -1473
1755 1759
1752 1415
1749 1800
1746 -1986
1743 1489
1740 -1520
1737 290
1734 -242
1731 1453
1728 -1768
1725 244
1722 715
1719 1034
1716 -710
1713 1735
1710 739
1707 1180
1704 -1819
1701 -1391
1698 590
1695 -1936
1692 292
1689 1188
1686 -1132
1683 1631
1680 1645
1677 -500
1674 -861
1671 -1262
1668 -1702
1665 -203
1662 -1613
1659 591
1656 -116
1653 -1162
1650 -277
1647 337
1644 632
1641 -1147
1638 -800
1635 -224
1632 1097
1629 501
1626 169
1623 -521
1620 -697
1617 1913
1614 -459
1611 770
1608 1458
1605 -1345
1602 -1645
1599 1639
1596 -371
1593 1174
1590 -1023
1587 -1924
1584 1613
1581 -1165
1578 -714
1575 1518
1572 309
1569 -693
1566 1921
1563 -1181
1560 571
1557 -358
1554 1650
1551 -1971
1548 -1159
1545 1556
1542 997
1539 -1761
1536 -1549
1533 -289
1530 -679
1527 726
1524 901
1521 814
1518 1631
1515 316
1512 -652
1509 1771
1506 -1678
1503 -2010
1500 -1658
1497 1501
1494 -736
1491 1795
1488 1350
1485 1258
1482 37
1479 -862
1476 -2038
1473 63
1470 198
1467 1
1464 -1090
1461 -1970
1458 -606
1455 22
1455 BOTTOMOFSTACK

2034 337
2031 1205
2028 312
2025 234
2022 2022
2019 911
2016 1899
2013 -1429
2010 660
2007 1381
2004 -1647
2001 1638
1998 0
1995 1077
1992 -1017
1989 -277
1986 1770
1983 -1780
1980 554
1977 -1736
1974 692
1971 -1266
1968 -1552
1965 -854
1962 -728
1959 -1681
1956 -262
1953 -1761
1950 -1696
1947 632
1944 588
1941 -1576
1938 920
1935 934
1932 -129
1929 -517
1926 -1040
1923 414
1920 -1301
1917 -1196
1914 1678
1911 -1173
1908 1996
1905 1060
1902 -1203
1899 -65
1896 -1735
1893 9
1890 682
1887 634
1884 -2043
1881 -1662
1878 1389
1875 -1794
1872 -1327
1869 -467
1866 -714
1863 -1448
1860 1827
1857 68
1854 1410
1851 -2038
1848 -508
1845 1528
1842 -1122
1839 -1435
1836 1650
1833 1294
1830 146
1827 -851
1824 229
1821 982
1818 -1737
1815 1153
1812 742
1809 -556
1806 -458
1803 462
1800 1883
1797 1447
1794 573
1791 -44
1788 514
1785 -364
1782 163
1779 655
1776 -1379
1773 1194
1770 -1585
1767 -1815
1764 -529
1761 -969
1758 -449
1755 1963
1752 -705
1749 1418
1746 -139
1743 -1053
1740 448
1737 -814
1734 -1365
1731 -602
1728 1746
1725 1100
1722 -1842
1719 1674
1716 1181
1713 -1685
1710 -1156
1707 1650
1704 1790
1701 -606
1698 468
1695 570
1692 176
1689 -1484
1686 1388
1683 1390
1680 1444
1677 -217
1674 1009
1671 -1889
1668 672
1665 -969
1662 -1620
1659 185
1656 397
1653 148
1650 710
1647 548
1644 470
1641 -1320
1638 -63
1635 658
1632 1112
1629 367
1626 129
1623 1789
1620 -1217
1617 -1299
1614 444
1611 -482
1608 1050
1605 1987
1602 1894
1599 138
1596 -1943
1593 -1349
1590 -561
1587 171
1584 499
1584 BOTTOMOFSTACK

