2004 1054
2001 31
1998 1998
1995 0
1992 1275
1989 1357
1986 1949
1983 1219
1980 368
1977 1133
1974 -2023
1971 -789
1968 882
1965 1863
1962 332
1959 119
1956 -1362
1953 -1260
1950 -426
1947 -1963
1944 899
1941 -1734
1938 170
1935 0
1932 1609
1929 -1476
1926 1411
1923 471
1920 256
1917 -617
1914 45
1911 -1759
1908 -871
1905 -164
1902 -1560
1899 -1616
1896 -1828
1893 -171
1890 -511
1887 -577
1884 -772
1881 -2022
1878 -181
1875 1511
1872 1735
1869 -901
1866 1569
1863 -706
1860 -1837
1857 685
1854 -247
1851 1007
1848 1656
1845 155
1842 -1516
1839 255
1836 1460
1833 -422
1830 1648
1827 1015
1824 -1983
1824 BOTTOMOFSTACK

2010 1554
2007 1088
2004 789
2001 231
1998 1998
1995 -1832
1992 -1832
1989 212
1986 -1811
1983 -2004
1980 -1468
1977 -508
1974 -1104
1971 -818
1968 1864
1965 180
1962 1456
1959 -2013
1956 1794
1953 -1983
1950 -769
1947 596
1944 201
1941 1897
1938 1992
1935 -1870
1932 888
1929 465
1926 1827
1923 1877
1920 -1960
1917 257
1914 -1744
1911 1601
1908 1636
1905 -293
1902 882
1899 831
1896 766
1893 846
1890 144
1887 1859
1884 -483
1881 -449
1878 -707
1875 278
1872 -1181
1869 1161
1866 370
1863 1123
1860 -682
1857 434
1854 1343
1851 -2040
1848 -376
1845 1656
1842 -318
1839 1345
1839 BOTTOMOFSTACK

2037 1424
2034 914
2031 587
2028 408
2025 2025
2022 1382
2019 -1636
2016 -1436
2013 -72
2010 -657
2007 -876
2004 1727
2001 947
1998 -907
1995 1026
1992 1023
1989 -420
1986 -371
1983 1369
1980 1894
1977 726
1974 -961
1971 1313
1968 -788
1965 9
1962 -1061
1959 396
1956 714
1953 523
1950 1448
1947 224
1944 1215
1941 127
1938 739
1935 735
1932 55
1929 -859
1926 1734
1923 105
1920 -622
1917 -1964
1914 -572
1911 1499
1908 -1917
1905 1592
1902 1720
1899 1992
1896 868
1893 224
1890 -590
1887 47
1884 1936
1881 1895
1878 642
1875 2023
1872 1103
1869 1890
1866 1114
1863 -1113
1860 627
1857 -849
1854 260
1851 -243
1848 -351
1845 504
1842 -143
1839 -1732
1836 293
1833 -1544
1830 -1896
1827 -1826
1824 2014
1821 -1090
1818 -1972
1815 -1980
1812 1608
1809 939
1806 -1049
1803 1011
1800 -1950
1797 1986
1794 -2019
1791 -1163
1788 -1476
1785 1610
1782 60
1779 240
1776 -684
1773 -1076
1770 285
1767 1039
1764 -274
1761 1007
1758 1310
1755 1338
1752 -961
1749 903
1746 -1555
1743 -741
1740 209
1737 -870
1734 -1324
1734 BOTTOMOFSTACK

2007 1308
2004 582
2001 2001
1998 -326
1995 -1908
1992 -1795
1989 652
1986 -1503
1983 -1148
1980 -1670
1977 -1113
1974 483
1971 -780
1968 -89
1965 -186
1962 -852
1959 -1676
1956 -1897
1953 1331
1950 -1806
1947 -1648
1944 -169
1941 -1738
1938 790
1935 813
1932 861
1929 818
1926 1655
1923 711
1920 -1466
1917 -1446
1914 1185
1911 -1327
1908 2023
1905 732
1902 -453
1899 -1869
1896 2000
1893 -325
1890 491
1887 1176
1884 1082
1881 1490
1878 -485
1875 844
1872 -1490
1869 1590
1866 67
1863 -1834
1860 -642
1857 -969
1854 -746
1851 919
1848 338
1845 490
1842 551
1839 -1842
1836 147
1833 753
1830 -1567
1827 -221
1824 -1680
1821 1724
1818 -1784
1815 284
1812 1955
1809 -651
1806 81
1803 1502
1800 -1110
1797 895
1794 -1263
1791 -261
1788 -2003
1785 -654
1782 -1664
1779 1621
1776 -1109
1776 BOTTOMOFSTACK

