2043 1694
2040 600
2037 895
2034 16
2031 2031
2028 -301
2025 1927
2022 -1308
2019 1117
2016 636
2013 1973
2010 1842
2007 -1421
2004 -84
2001 -1861
1998 -1299
1995 -340
1992 -1895
1989 -404
1986 -1742
1983 -1438
1980 -260
1977 1526
1974 -1226
1971 1305
1968 -167
1965 -1807
1962 896
1959 -682
1956 -486
1953 -189
1950 -312
1947 404
1944 475
1941 -287
1938 1770
1935 1210
1932 -422
1929 737
1926 -941
1923 -1234
1923 BOTTOMOFSTACK

2004 363
2001 189
1998 1998
1995 804
1992 85
1989 1955
1986 -236
1983 -1806
1980 1225
1977 113
1974 -203
1971 1092
1968 -1964
1965 -332
1962 813
1959 -73
1956 903
1953 -67
1950 878
1947 1328
1944 1775
1941 442
1938 503
1935 397
1932 -928
1929 -1645
1926 -917
1923 -538
1920 1309
1917 -1307
1914 1845
1911 -1302
1908 1062
1905 1969
1902 494
1899 284
1896 228
1893 -210
1890 -1780
1887 1883
1884 -1309
1881 777
1878 -1007
1875 948
1872 636
1869 -741
1866 1644
1863 -309
1860 -653
1860 BOTTOMOFSTACK

2043 1324
2040 340
2037 1327
2034 378
2031 2031
2028 822
2025 1328
2022 -498
2019 1468
2016 1167
2013 -511
2010 -197
2007 336
2004 940
2001 931
1998 471
1995 996
1992 978
1989 -2014
1986 -49
1983 1449
1980 989
1977 -1400
1974 535
1971 -77
1968 -1309
1965 1776
1962 -1440
1959 195
1956 1763
1953 -1191
1950 -1919
1947 -1595
1944 -789
1941 147
1938 580
1935 -1044
1932 249
1929 1091
1926 439
1923 -1531
1920 634
1917 -988
1914 1064
1911 -308
1908 349
1905 1396
1902 484
1899 355
1896 429
1893 1162
1890 1854
1887 -1346
1884 -1650
1881 -1493
1878 1680
1875 -1802
1872 -926
1869 -111
1866 612
1863 -57
1860 -695
1857 2016
1854 -493
1851 1460
1848 874
1845 1821
1842 532
1839 -467
1836 -741
1833 1980
1830 317
1827 -1466
1824 -784
1821 1483
1818 -1344
1815 156
1812 -962
1809 -1360
1806 571
1803 -1899
1800 -459
1797 -1889
1794 -422
1791 -528
1788 -870
1785 -1869
1782 -1897
1779 -484
1776 -1369
1773 -1081
1773 BOTTOMOFSTACK

2013 1185
2010 579
2007 2007
2004 576
2001 -1484
1998 1408
1995 729
1992 1704
1989 1272
1986 -1687
1983 638
1980 -908
1977 -1273
1974 1016
1971 191
1968 878
1965 -793
1962 635
1959 212
1956 385
1953 1985
1950 1118
1947 627
1944 668
1941 -837
1938 -1335
1935 -2029
1932 -1457
1929 -550
1926 167
1923 406
1920 -578
1917 -1047
1914 -563
1911 -1065
1908 -431
1905 1727
1902 -1833
1899 836
1896 -476
1893 -1772
1890 1904
1887 -464
1884 -1306
1881 -1176
1878 -1415
1875 1954
1872 -623
1869 -122
1866 -133
1863 -697
1860 -1765
1857 -1482
1854 -1454
1851 1299
1848 -555
1845 204
1842 -565
1839 844
1836 70
1833 -1803
1830 883
1827 -893
1824 -9
1821 -468
1818 1380
1815 1990
1812 -1609
1809 -301
1806 129
1803 1686
1800 -245
1797 405
1794 197
1791 328
1788 338
1785 -1903
1782 -822
1779 1057
1776 -1339
1773 -670
1770 -448
1767 1294
1764 1330
1761 -371
1758 -647
1755 -1282
1752 -950
1749 -45
1746 1054
1743 -1575
1740 1542
1737 68
1734 -490
1731 758
1728 -1396
1725 203
1722 -1435
1719 -681
1716 994
1713 -179
1710 -1334
1707 1748
1704 837
1701 1049
1698 -2038
1695 -206
1692 763
1689 517
1686 1231
1683 99
1680 1664
1677 421
1674 -1059
1671 -985
1668 266
1665 347
1662 -874
1659 1354
1656 1100
1653 -1140
1650 131
1647 934
1644 -452
1641 1237
1638 -728
1635 -1641
1632 -1090
1629 -1488
1626 161
1623 277
1620 364
1617 -818
1614 -1213
1611 -871
1608 977
1605 -1289
1602 -889
1599 -487
1596 1067
1593 -1025
1590 48
1587 772
1584 919
1581 597
1578 308
1575 1171
1572 859
1569 1919
1566 751
1563 430
1560 -946
1557 -959
1554 -105
1551 -1303
1548 1239
1545 -1998
1542 1698
1539 -1641
1536 -1334
1533 607
1530 -161
1527 -254
1524 -1055
1521 1856
1518 -870
1515 -2036
1512 -1180
1509 1425
1506 1980
1503 1768
1500 925
1497 -1065
1494 700
1491 -682
1488 -105
1485 -1548
1482 157
1479 -1613
1476 1145
1473 593
1470 -1780
1467 -1975
1464 363
1464 BOTTOMOFSTACK

2040 1993
2037 1126
2034 1524
2031 1934
2028 762
2025 2025
2022 1439
2019 1736
2016 -1599
2013 1339
2010 1588
2007 -1271
2004 924
2001 -1765
1998 814
1995 -657
1992 930
1989 1899
1986 1571
1983 931
1980 1032
1977 7
1974 -1813
1971 -1076
1968 1887
1965 1246
1962 -1362
1959 -1710
1956 974
1953 -688
1950 384
1947 -574
1944 -738
1941 1519
1938 -1917
1935 -428
1932 -702
1929 -12
1926 -1765
1923 -36
1920 123
1917 1676
1914 -1312
1911 -861
1908 1609
1905 -61
1902 1169
1899 -15
1896 -841
1893 -540
1890 -1321
1887 -299
1884 512
1881 1913
1878 1689
1875 292
1872 302
1869 1640
1866 -1424
1863 -1922
1860 939
1857 -1472
1854 1077
1851 1816
1848 -940
1845 1045
1842 747
1839 -1148
1836 -697
1833 -160
1830 981
1827 -376
1824 -1921
1821 -999
1818 1924
1815 455
1812 840
1809 -327
1806 -1929
1803 144
1800 -7
1797 -452
1794 397
1791 -835
1788 290
1785 1169
1782 954
1779 -519
1776 -1734
1773 1367
1770 -419
1767 302
1764 -78
1761 -1810
1758 -1568
1755 150
1752 -732
1749 884
1746 792
1743 -1485
1740 -508
1737 -1766
1734 716
1731 1477
1728 1263
1725 228
1722 774
1719 -968
1716 1448
1713 135
1710 -799
1707 -1134
1704 1997
1701 68
1698 1799
1695 1312
1692 1789
1689 1891
1686 509
1683 -157
1680 -1105
1677 -829
1674 186
1671 -2027
1668 1467
1665 -319
1662 221
1659 -911
1656 276
1653 1957
1650 160
1647 1225
1644 -999
1641 73
1638 -1861
1635 1031
1632 -1000
1629 -618
1626 -1831
1623 -161
1620 1345
1617 -209
1614 1303
1611 -351
1608 1297
1605 -1845
1602 1833
1599 -1113
1596 -758
1593 1972
1590 1457
1587 1312
1584 791
1581 1244
1578 -631
1575 288
1572 -1234
1569 -1228
1566 -50
1563 -1836
1560 -1821
1557 -539
1554 1850
1551 -1776
1548 -2017
1545 1054
1542 1
1539 -1084
1536 -815
1533 556
1530 220
1527 -1341
1524 108
1521 23
1518 1272
1515 0
1512 175
1509 1581
1506 -1819
1503 -27
1500 -1300
1497 269
1494 647
1491 1804
1488 1364
1485 1767
1482 -756
1479 -1012
1476 327
1473 -919
1470 -1251
1467 294
1464 1742
1461 -2028
1458 187
1455 542
1452 -1426
1449 -1349
1446 -1101
1443 871
1440 352
1437 -1166
1434 -1556
1431 -1098
1428 1784
1425 -1418
1422 -1404
1419 50
1416 1519
1413 -893
1410 -1706
1407 -1274
1404 -663
1401 9
1398 1288
1395 -290
1392 1103
1389 684
1386 -1159
1383 -1282
1380 545
1377 646
1374 1408
1371 251
1368 -788
1365 1881
1362 -1957
1359 1350
1356 454
1353 382
1350 -423
1347 125
1344 930
1341 -246
1338 2046
1335 462
1332 -1609
1329 -132
1326 -2026
1323 1781
1320 70
1317 -677
1314 -149
1311 -1389
1308 213
1305 -419
1302 1032
1299 451
1296 -156
1293 452
1290 -664
1287 -1389
1287 BOTTOMOFSTACK

2052 1846
2049 1224
2046 1120
2043 42
2040 933
2037 2037
2034 -855
2031 1317
2028 -609
2025 2012
2022 -224
2019 1057
2016 1735
2013 803
2010 1588
2007 -2031
2004 1931
2001 -1217
1998 449
1995 -1637
1992 1280
1989 235
1986 -1740
1983 -1576
1980 689
1980 BOTTOMOFSTACK

2025 1290
2022 1768
2019 1128
2016 2016
2013 -194
2010 -829
2007 -1660
2004 -1942
2001 -1946
1998 -829
1995 458
1992 130
1989 535
1986 1847
1983 -1505
1980 -1199
1977 -480
1974 1515
1971 749
1968 742
1965 -540
1962 -1367
1959 880
1956 84
1953 1368
1950 -1009
1947 1696
1944 721
1941 179
1938 1238
1935 -66
1932 -984
1929 1148
1926 -1990
1923 -217
1920 -51
1917 -1819
1914 717
1911 1267
1908 315
1905 1358
1902 897
1899 90
1896 -753
1893 -1932
1890 -1783
1887 1517
1884 731
1881 -1866
1878 -1565
1875 -432
1872 1166
1869 337
1866 666
1863 -1502
1860 -1398
1857 1274
1854 408
1851 -1461
1848 1916
1845 -383
1842 -1256
1839 1797
1836 83
1833 -93
1830 -1413
1827 22
1824 -977
1821 -1712
1818 592
1815 1847
1812 27
1809 -168
1806 756
1803 -510
1800 -1010
1797 1914
1794 -924
1791 1086
1788 277
1785 1234
1782 274
1779 1606
1776 -1940
1773 1460
1770 1104
1767 1271
1764 2018
1761 1275
1758 -619
1755 1795
1752 23
1749 -1008
1746 -77
1743 -937
1740 823
1737 835
1734 -696
1731 -1086
1728 1792
1725 1927
1722 524
1719 -1482
1716 1805
1713 -748
1710 -928
1707 520
1704 1846
1701 884
1698 -199
1695 -1146
1692 -306
1689 -1084
1686 -1291
1686 BOTTOMOFSTACK

2055 1696
2052 823
2049 170
2046 1278
2043 1290
2040 2040
2037 221
2034 -674
2031 1675
2028 1917
2025 -1119
2022 501
2019 -817
2016 -1747
2013 -1163
2010 200
2007 1906
2004 -1825
2004 BOTTOMOFSTACK

