2031 440
2028 1261
2025 806
2022 490
2019 3
2016 2016
2013 -1147
2010 -1860
2007 925
2004 -115
2001 1582
1998 -1613
1995 790
1992 -238
1989 1506
1986 191
1983 -799
1980 2019
1977 -141
1974 933
1971 -1529
1968 1534
1965 -48
1962 342
1959 1870
1956 -598
1953 -826
1950 667
1947 -568
1944 -1861
1941 -1403
1938 -276
1935 -110
1932 1997
1929 1894
1926 -5
1923 983
1920 1693
1917 -1825
1914 1756
1911 143
1908 -681
1905 329
1902 -1941
1899 -1747
1896 -1119
1893 933
1890 1595
1887 -635
1884 -1764
1881 -602
1878 -1679
1875 1267
1872 1469
1869 -2044
1866 -960
1863 -160
1860 -605
1857 429
1854 876
1851 1758
1848 1350
1845 876
1842 216
1839 1337
1836 44
1833 -16
1830 -138
1827 414
1824 -1429
1821 -1466
1818 1948
1815 1484
1812 1567
1809 738
1806 -1777
1803 -1326
1800 1499
1797 1441
1794 -889
1791 645
1788 -1603
1785 484
1782 -1480
1779 1309
1776 -996
1773 1368
1770 -1553
1767 -1131
1764 1735
1761 -1720
1758 -125
1755 835
1752 -2012
1749 1086
1746 1937
1743 1995
1740 -2033
1737 -270
1734 -1589
1731 637
1728 1654
1725 -1457
1722 553
1719 -642
1716 1465
1713 1452
1710 -1182
1707 -1613
1704 -1600
1701 -1842
1698 654
1695 900
1692 1896
1689 220
1686 2020
1683 -808
1680 1178
1677 1468
1674 1721
1671 -848
1668 -1010
1665 1889
1662 -367
1659 62
1656 93
1653 1917
1650 867
1647 1548
1644 -1412
1641 -671
1638 1302
1635 -1862
1632 1598
1629 -330
1626 169
1623 -218
1620 1095
1617 -631
1614 -1051
1611 -1394
1608 -1092
1605 -1570
1602 -1120
1599 -595
1596 701
1593 591
1590 1131
1587 1087
1584 -779
1581 -792
1578 -1446
1575 948
1572 -1332
1569 -995
1566 -377
1563 1255
1560 -1218
1557 -1353
1554 -158
1551 1576
1548 283
1545 -30
1542 -945
1539 0
1536 -389
1533 -619
1530 -478
1527 -840
1524 -528
1521 -109
1518 1083
1515 1095
1512 1880
1509 -764
1506 -1428
1503 1577
1500 -1327
1497 -762
1494 -298
1491 -1330
1488 360
1485 -775
1482 746
1479 -1615
1476 327
1473 -1994
1470 1603
1467 612
1464 -1812
1461 1511
1458 -131
1455 1737
1452 -1490
1449 -326
1446 1538
1443 859
1440 1936
1437 -1478
1434 -213
1431 1074
1428 -790
1425 -1180
1422 -1504
1419 -450
1416 -1986
1413 1302
1410 665
1407 1392
1404 -673
1401 -2009
1398 -474
1395 501
1392 38
1389 9
1386 -761
1383 -1962
1380 1124
1377 538
1374 -1455
1371 -324
1368 173
1365 1788
1362 -537
1359 695
1356 77
1353 -538
1350 527
1347 -1014
1344 1706
1341 -1944
1338 1466
1335 2041
1332 -1100
1329 -728
1326 -778
1323 -810
1320 517
1317 -1743
1314 8
1311 -783
1308 1065
1305 -1923
1302 988
1299 -2010
1296 183
1293 1522
1290 -310
1287 -1096
1284 194
1281 1721
1281 BOTTOMOFSTACK

2028 635
2025 1858
2022 162
2019 2019
2016 1240
2013 1048
2010 -1823
2007 -405
2004 -1334
2001 -1938
1998 224
1995 1625
1992 -1719
1989 -1448
1986 -2021
1983 1457
1980 1885
1977 -1924
1974 131
1971 952
1968 -1172
1965 553
1962 1676
1959 -457
1956 -1917
1953 -1988
1950 -184
1947 174
1944 -1326
1941 -1397
1938 -1369
1935 921
1932 -1469
1929 467
1926 -1617
1923 808
1920 811
1917 776
1914 -1112
1911 -1095
1908 -1142
1905 -1791
1902 592
1899 689
1896 -86
1893 269
1890 -328
1887 -1875
1884 455
1881 739
1878 1515
1875 -97
1872 1239
1869 -946
1866 902
1863 914
1860 -1521
1857 1304
1854 -1402
1851 1380
1848 -1022
1845 307
1842 384
1839 1227
1836 479
1833 698
1830 -837
1827 -476
1824 1800
1821 948
1818 709
1815 1692
1812 -1570
1809 -1323
1806 -1910
1803 -1721
1800 707
1797 1715
1794 1420
1791 1210
1788 -1217
1785 -1825
1782 -499
1779 323
1776 -1469
1773 1575
1770 905
1767 1959
1764 494
1761 1423
1758 702
1755 -76
1752 968
1749 1597
1746 -1553
1743 -1742
1740 1615
1737 -375
1734 -32
1731 227
1728 155
1725 769
1722 -32
1719 -725
1716 -505
1713 648
1710 -419
1707 -1842
1704 498
1704 BOTTOMOFSTACK

