2013 325
2010 1031
2007 1746
2004 18
2001 2001
1998 984
1995 860
1992 -611
1989 407
1986 592
1983 -1999
1980 478
1977 -857
1974 0
1971 1617
1968 1870
1965 1440
1962 -568
1959 -525
1956 -587
1953 1152
1950 -1319
1947 101
1944 305
1941 -569
1938 -1191
1935 -1898
1932 -1607
1929 -74
1926 305
1923 784
1920 1987
1917 1151
1914 -864
1911 -1813
1908 -1205
1905 1997
1902 417
1899 1957
1896 802
1893 -413
1890 29
1887 -2014
1884 1296
1881 -126
1878 -1347
1875 1970
1872 -1059
1869 -964
1866 -722
1863 1303
1860 1263
1857 1043
1854 158
1851 120
1848 -929
1845 -1718
1842 -862
1839 -2043
1836 -971
1833 1280
1830 687
1827 -1380
1824 -942
1821 -1960
1818 199
1815 294
1812 -2034
1809 480
1806 818
1803 -2040
1800 1521
1797 93
1794 1214
1791 -230
1788 221
1785 -1026
1782 153
1779 -1278
1776 366
1773 1608
1770 2010
1767 1150
1764 1923
1761 296
1758 9
1755 1701
1752 -1950
1749 -292
1746 -370
1743 -1131
1740 1283
1737 -1336
1734 -1905
1731 -807
1728 -1860
1725 -207
1722 1694
1719 -1218
1716 -633
1713 -823
1710 694
1707 1950
1704 902
1701 -1261
1701 BOTTOMOFSTACK

2013 640
2010 1094
2007 198
2004 2004
2001 1084
1998 241
1995 -1688
1992 254
1989 957
1986 -498
1983 480
1980 -1060
1977 -148
1974 -1316
1971 1129
1968 -90
1965 -1375
1962 886
1959 1365
1956 -437
1953 -96
1950 962
1947 1380
1944 1688
1941 238
1938 -689
1935 -52
1932 -1772
1929 -742
1926 -1936
1923 966
1920 -804
1917 64
1914 1514
1911 -303
1908 -1839
1905 102
1902 170
1899 -1181
1896 0
1893 -993
1890 1935
1887 57
1884 1701
1881 -1976
1878 -327
1875 -1609
1872 -1822
1869 -666
1866 -519
1863 1242
1860 -1057
1857 -1115
1854 1151
1851 -1304
1848 184
1845 848
1842 -1993
1839 1300
1836 -1571
1833 191
1830 838
1827 -55
1824 -928
1821 1252
1818 1489
1815 9
1812 -1373
1809 317
1806 -905
1803 -743
1800 863
1797 -764
1794 716
1791 426
1788 692
1785 -119
1782 1124
1779 -929
1776 60
1773 -506
1770 -1770
1767 751
1764 -1593
1761 584
1758 1662
1755 548
1752 -1258
1749 286
1746 1825
1743 -171
1740 977
1740 BOTTOMOFSTACK

2052 1128
2049 1894
2046 1231
2043 661
2040 357
2037 2037
2034 -1423
2031 259
2028 988
2025 -654
2022 -1882
2019 -985
2016 -1431
2013 -2025
2010 1161
2007 -1148
2004 -542
2001 1476
1998 965
1995 1650
1992 -1154
1989 825
1986 -2006
1983 2035
1980 179
1977 457
1974 986
1971 -461
1968 -1408
1965 430
1962 -1445
1959 -37
1956 -1387
1953 -1122
1950 -260
1947 -883
1944 1176
1941 -407
1938 -561
1935 1033
1932 -1542
1929 2032
1926 445
1923 -1438
1920 -1466
1917 -641
1914 -987
1911 -539
1908 1501
1905 844
1902 -1914
1899 658
1896 -1120
1893 -224
1890 -1149
1887 1889
1884 598
1881 -1810
1878 -994
1875 -391
1872 1036
1869 109
1866 339
1863 861
1860 -442
1857 -1554
1854 -215
1851 1526
1848 -1030
1845 226
1842 -846
1839 -1094
1836 1880
1833 -1090
1830 29
1827 -16
1824 318
1821 -978
1818 -29
1815 -546
1812 117
1809 1881
1806 114
1803 -1051
1800 -29
1797 170
1794 121
1791 -160
1788 1794
1785 1942
1782 267
1779 -173
1779 BOTTOMOFSTACK

2025 1521
2022 1188
2019 555
2016 2016
2013 -1706
2010 -820
2007 1115
2004 -1922
2001 -1760
1998 587
1995 632
1992 905
1989 -1978
1986 1714
1983 -96
1980 1521
1977 1563
1974 207
1971 -361
1968 -872
1965 -565
1962 -480
1959 -128
1956 -1665
1953 -475
1950 -1504
1947 -1771
1944 -1991
1941 -1538
1938 1447
1935 775
1932 663
1929 -535
1926 -583
1923 889
1920 -723
1917 -1969
1914 897
1911 -1482
1908 421
1905 -684
1902 1081
1899 -1858
1896 504
1893 452
1890 -1579
1887 1036
1884 -299
1881 1189
1878 -239
1875 165
1872 1969
1869 -4
1866 -1447
1863 676
1860 59
1857 -113
1854 -906
1851 1812
1848 222
1845 1308
1842 -1839
1839 -1167
1836 348
1833 1533
1830 1152
1827 503
1824 381
1821 -1843
1818 162
1815 1406
1812 1992
1809 -155
1806 2045
1803 -2019
1800 588
1797 -349
1794 0
1791 818
1788 547
1785 1502
1782 498
1779 -1737
1776 1069
1773 -746
1770 -545
1767 -754
1764 1319
1761 -146
1758 1048
1755 -737
1752 -1044
1749 889
1746 2007
1743 414
1740 683
1737 1836
1734 181
1731 588
1728 -1102
1725 1287
1722 -1120
1719 608
1716 132
1713 474
1710 1584
1707 1799
1704 -1748
1701 -845
1698 -1689
1695 9
1692 1411
1689 864
1686 -146
1683 1624
1680 981
1677 1977
1674 1113
1671 -533
1668 1710
1665 -1681
1662 1233
1659 -1511
1656 -1924
1653 1941
1650 -95
1647 1498
1644 1913
1641 -1897
1638 333
1635 1245
1632 -585
1629 -662
1626 -1140
1623 -1340
1620 401
1617 -2009
1614 -152
1611 -1267
1608 1108
1605 -1819
1602 -1648
1599 18
1596 769
1593 459
1590 1273
1587 1838
1584 1431
1581 -1046
1578 -1986
1575 -1454
1572 -549
1572 BOTTOMOFSTACK

