2043 1975
2040 1933
2037 1215
2034 11
2031 27
2028 2028
2025 1354
2022 -771
2019 1144
2016 -247
2013 -53
2010 -1184
2007 1557
2004 201
2001 -1395
1998 -1233
1995 -503
1992 381
1989 -1304
1986 781
1983 -164
1980 737
1977 -1689
1974 599
1971 -646
1968 -1038
1965 -886
1962 838
1959 -28
1956 -1996
1953 815
1950 -2038
1947 1985
1944 -1055
1941 1913
1938 -1385
1935 -1673
1932 1324
1929 1576
1926 -740
1923 -1557
1920 -573
1917 -653
1914 1126
1911 -103
1908 -790
1905 -1094
1902 1912
1899 -2029
1896 1363
1893 -1037
1890 1883
1887 426
1884 -557
1881 -906
1878 -1482
1875 -1818
1872 1009
1869 1240
1866 881
1863 -331
1860 -537
1857 -1012
1854 -1073
1851 -1976
1848 772
1845 -723
1842 497
1839 1570
1836 -1771
1833 1393
1830 1799
1827 1621
1824 1121
1821 252
1818 -787
1815 388
1812 -489
1809 -1492
1806 -1777
1803 -1600
1800 1156
1797 696
1794 1536
1791 1893
1788 -892
1785 -1272
1782 -1577
1779 1349
1776 -211
1773 -1708
1770 890
1767 -1639
1764 299
1761 -1427
1758 781
1755 1606
1752 1273
1749 1594
1746 1327
1743 -1736
1740 1905
1737 802
1734 371
1731 -398
1728 -1772
1725 748
1722 -892
1719 -935
1716 2011
1713 -601
1710 962
1707 631
1704 1046
1701 314
1698 -581
1695 -1233
1692 -453
1689 -1688
1686 910
1683 -1001
1680 -32
1677 -201
1674 1965
1671 2015
1668 1828
1665 1242
1662 1777
1659 -263
1656 1134
1653 -1369
1650 988
1647 405
1644 1037
1641 385
1638 -39
1635 1632
1632 1197
1629 -456
1626 -1682
1623 -373
1620 -1603
1617 245
1614 1307
1611 1057
1608 -1337
1605 997
1602 -610
1599 -1485
1596 1223
1593 869
1590 934
1587 -1537
1584 1926
1581 526
1578 -860
1575 -737
1572 162
1569 -688
1566 -831
1563 -431
1560 242
1557 2036
1554 2
1551 1126
1548 1345
1545 61
1542 2033
1539 -1568
1536 -268
1533 667
1530 -879
1527 571
1524 660
1521 1097
1518 264
1515 -455
1512 1859
1509 161
1506 1280
1503 1682
1500 -1873
1497 -348
1494 35
1491 706
1488 984
1485 -823
1482 634
1479 1974
1476 -1327
1473 1786
1470 1710
1467 1697
1464 1034
1461 1372
1458 -1470
1455 -617
1452 -1882
1449 -1559
1446 -475
1443 763
1440 86
1437 -1773
1434 -2017
1431 407
1428 -338
1425 1643
1422 675
1419 -467
1416 1404
1413 -734
1410 -1312
1407 1880
1404 -1361
1401 -389
1398 -1785
1395 -1583
1392 1135
1389 -601
1386 1690
1383 83
1380 664
1377 146
1374 81
1371 1279
1368 -582
1365 1973
1362 457
1359 -118
1356 -2011
1353 -658
1350 -600
1347 -1477
1344 -1353
1341 -115
1338 1381
1335 -360
1332 1633
1329 -611
1326 -554
1323 688
1320 -1968
1317 899
1314 1928
1311 -1465
1308 934
1305 -251
1302 1794
1299 -1847
1296 299
1293 821
1290 -172
1287 -1254
1284 176
1281 904
1278 833
1275 155
1275 BOTTOMOFSTACK

2028 449
2025 1138
2022 1379
2019 195
2016 2016
2013 693
2010 1798
2007 -1084
2004 1249
2001 2025
1998 -1426
1995 2040
1992 -12
1989 2016
1986 711
1983 -1046
1980 415
1977 311
1974 1596
1971 -1672
1968 563
1965 623
1962 -1401
1959 970
1956 -1809
1953 112
1950 -1746
1947 -1690
1944 -911
1941 226
1938 -1315
1935 -306
1932 -1630
1929 -1665
1926 -655
1923 -597
1923 BOTTOMOFSTACK

2046 253
2043 360
2040 2040
2037 1982
2034 769
2031 -1848
2028 -180
2025 -539
2022 465
2019 -72
2016 -546
2013 1966
2010 1678
2007 1992
2004 -1844
2001 -626
1998 -255
1995 1721
1992 1844
1989 1211
1986 654
1983 -1941
1980 -1876
1977 -1942
1974 -1040
1971 -1868
1968 -1997
1965 -1725
1962 -2032
1959 1651
1956 778
1953 -263
1950 1639
1947 -1955
1944 1864
1941 1039
1938 -2045
1935 755
1932 1042
1929 1922
1926 1540
1923 780
1920 657
1917 -1761
1914 1102
1911 363
1908 -1382
1905 2027
1902 -1359
1899 -35
1896 -1521
1893 184
1890 -1343
1887 -106
1884 1257
1881 359
1878 -727
1875 347
1872 421
1869 -1062
1866 956
1863 1743
1860 1240
1857 1600
1854 -1451
1851 -626
1848 955
1845 -1465
1842 -64
1839 -205
1836 -1486
1833 -1069
1830 -1410
1827 -2005
1824 1746
1821 811
1818 -1534
1815 -1467
1812 -1378
1809 1777
1806 880
1803 -1071
1800 1346
1797 499
1794 -515
1791 -384
1788 855
1785 -256
1782 1173
1779 -766
1776 -1027
1773 -1308
1770 833
1767 127
1764 1548
1761 1912
1758 -1796
1755 0
1752 -503
1749 -508
1746 754
1743 483
1740 1690
1737 -1466
1734 -86
1731 1108
1728 -636
1725 1125
1722 486
1719 1939
1716 -799
1713 1085
1710 -1446
1707 859
1704 -1119
1701 -976
1698 655
1695 -395
1692 1579
1689 -929
1686 -1591
1683 9
1680 1488
1677 -1117
1674 -1308
1671 470
1668 -1130
1665 -1463
1662 59
1659 -1949
1656 2045
1653 -265
1650 -820
1647 -1150
1644 -311
1641 985
1638 319
1635 -932
1632 -656
1629 -2015
1626 490
1623 -1836
1620 -1942
1617 -1813
1614 88
1611 -1827
1608 1953
1605 -391
1602 1488
1599 1357
1596 -1984
1593 -1823
1593 BOTTOMOFSTACK

2046 702
2043 1899
2040 1447
2037 645
2034 561
2031 2031
2028 633
2025 -1721
2022 -145
2019 1471
2016 1843
2013 1017
2010 -899
2007 1125
2004 -1083
2001 -1373
1998 1908
1995 422
1992 -1854
1989 -1096
1986 -1284
1983 1345
1980 1303
1977 -1665
1974 -1462
1971 -514
1968 -1182
1965 402
1962 708
1959 -70
1956 1099
1953 642
1950 -225
1947 359
1944 -1034
1941 -673
1938 -1640
1935 -1869
1932 453
1929 -26
1926 -302
1923 613
1920 196
1917 -862
1914 1572
1911 -820
1908 -313
1905 342
1902 48
1899 900
1896 -690
1893 1675
1890 -988
1887 10
1884 1872
1881 -177
1878 1898
1875 -1876
1872 275
1869 1834
1866 1820
1863 -950
1860 1667
1857 1400
1854 -1571
1851 179
1848 -605
1845 1020
1842 213
1839 1195
1836 0
1833 -85
1830 -848
1827 2002
1824 2026
1821 275
1818 200
1815 1550
1812 -63
1809 -319
1806 -1185
1803 1853
1800 631
1797 -1788
1794 130
1791 1431
1788 1393
1785 -328
1782 1666
1779 1139
1776 -747
1773 926
1770 -1341
1767 -1726
1764 679
1761 77
1758 -1295
1758 BOTTOMOFSTACK

2013 1407
2010 744
2007 2007
2004 745
2001 -1066
1998 1907
1995 -1978
1992 1876
1989 0
1986 -2007
1983 258
1980 569
1977 -503
1974 1302
1971 -1675
1968 813
1965 -15
1962 1478
1959 -1980
1956 526
1953 1678
1950 275
1947 -420
1944 -922
1941 -934
1938 1117
1935 1423
1932 -211
1929 1617
1926 1298
1923 -1323
1920 -1168
1917 -1602
1914 -19
1911 2022
1908 -164
1905 55
1902 -999
1899 -1706
1896 1845
1893 -1978
1890 -1870
1887 -1850
1884 140
1881 -20
1878 -1484
1875 0
1872 345
1869 350
1866 -1332
1863 -45
1860 204
1857 1404
1854 550
1851 341
1848 -472
1845 1974
1842 1794
1839 52
1836 1781
1833 -1638
1830 -1198
1827 -861
1824 1
1821 1728
1818 -867
1815 -1543
1812 759
1809 1980
1806 -871
1803 -75
1800 1046
1797 -1270
1794 1204
1791 -1212
1788 357
1785 -754
1782 -1735
1779 -1591
1776 17
1773 1355
1770 1089
1767 248
1764 1957
1761 1987
1758 648
1755 1079
1752 1745
1749 1901
1746 1205
1743 985
1740 -372
1737 118
1734 -808
1731 -454
1728 -1180
1725 1521
1722 1764
1719 -353
1716 -889
1713 -187
1710 617
1707 -1085
1704 190
1701 -1923
1698 1504
1695 -419
1692 621
1689 -839
1686 1993
1683 1170
1680 237
1677 -1027
1674 1499
1671 -1983
1668 -556
1665 -205
1662 -1014
1662 BOTTOMOFSTACK

2037 1744
2034 909
2031 2031
2028 381
2025 1664
2022 -1046
2019 95
2016 794
2013 1705
2010 -1565
2007 996
2004 -1161
2001 -525
1998 819
1995 906
1992 -634
1989 873
1986 1039
1983 1787
1980 814
1977 -1002
1974 -114
1971 -472
1968 386
1965 906
1962 -305
1959 1221
1956 -1779
1953 1987
1950 -15
1947 -1979
1944 1819
1941 1961
1938 1315
1938 BOTTOMOFSTACK

2037 1750
2034 1092
2031 2031
2028 403
2025 -1237
2022 1911
2019 -1324
2016 -1102
2013 -1515
2010 -976
2007 -14
2004 -1030
2001 -1623
1998 867
1995 -206
1992 449
1989 1662
1986 -302
1983 -814
1980 1397
1977 465
1974 -1880
1971 1812
1968 609
1965 -623
1962 492
1959 1599
1956 1479
1953 1418
1950 1724
1947 405
1944 -419
1941 1001
1938 -560
1935 -1287
1932 1070
1929 -1839
1926 -864
1923 1182
1920 1591
1917 -938
1914 1429
1911 -99
1908 -237
1905 -1911
1902 -981
1899 1256
1896 1814
1893 888
1890 1388
1887 -1098
1884 -904
1881 907
1878 -422
1875 1757
1872 -181
1869 -797
1866 -1416
1863 -1373
1860 -1441
1857 -1705
1854 -1746
1851 -41
1848 -131
1845 65
1842 1174
1839 -1225
1836 -133
1833 -1427
1830 -1614
1827 688
1824 -435
1821 -712
1818 -1255
1815 1829
1812 1361
1809 1852
1806 1130
1803 894
1800 288
1797 -217
1794 -278
1791 -1886
1788 564
1785 -1886
1782 -1726
1779 -1332
1776 762
1773 -1528
1770 78
1767 -432
1764 -1505
1761 1353
1758 -1808
1755 -1979
1752 899
1749 -160
1746 -1856
1743 -1949
1740 1755
1737 -629
1734 -1787
1731 413
1731 BOTTOMOFSTACK

