2022 542
2019 1705
2016 1738
2013 11
2010 2010
2007 136
2004 1907
2001 -249
1998 1493
1995 -369
1992 1647
1989 -1354
1986 -279
1983 -1977
1980 -1865
1977 -1589
1974 1056
1971 1929
1968 -1595
1965 -1978
1962 -14
1959 551
1956 -1162
1953 391
1950 -1071
1947 -1717
1944 -739
1941 -57
1938 890
1935 -480
1932 1376
1929 -1065
1926 302
1923 1370
1920 768
1917 145
1914 697
1911 -905
1908 -1585
1905 1775
1902 -1064
1899 -1128
1896 -356
1893 1197
1890 763
1887 265
1884 -1148
1881 -240
1878 -132
1875 -6
1872 -999
1869 17
1866 1346
1863 1656
1860 258
1857 -1614
1854 -1625
1851 21
1848 -659
1845 720
1842 1431
1839 -938
1836 1589
1833 1357
1830 1745
1827 1419
1824 80
1821 -1609
1818 -768
1815 -1050
1812 -1324
1809 1236
1806 -1718
1803 0
1800 -451
1797 770
1794 -1568
1791 -784
1788 -1037
1785 -1500
1782 -502
1779 1473
1776 139
1773 -558
1770 1481
1767 -1372
1764 1096
1761 909
1758 107
1755 -1419
1752 1712
1749 -1862
1746 -1677
1743 1735
1740 -1954
1737 -1526
1734 1478
1731 810
1728 -980
1725 -1912
1722 -197
1719 51
1716 1896
1713 192
1710 1449
1707 -1418
1704 1538
1701 624
1698 204
1695 -699
1692 2012
1689 1771
1686 1193
1683 45
1680 -1901
1677 -929
1674 -1709
1671 1678
1668 -890
1665 -297
1662 1644
1659 1007
1656 -137
1653 774
1650 275
1647 -1878
1644 954
1641 601
1638 1506
1635 1192
1632 1290
1629 1648
1626 -841
1623 723
1620 -1450
1617 491
1614 -731
1611 -1078
1608 -644
1605 1859
1602 143
1599 1847
1596 1286
1593 738
1590 -37
1587 1153
1584 520
1581 897
1578 1089
1575 -1722
1572 929
1569 -1379
1566 -711
1563 -1909
1560 -39
1557 1197
1554 -944
1551 579
1548 -654
1545 411
1542 1430
1539 -1254
1536 -901
1536 BOTTOMOFSTACK

2010 189
2007 468
2004 1878
2001 447
1998 165
1995 1995
1992 1107
1989 718
1986 1289
1983 -36
1980 -1120
1977 1477
1974 1738
1971 714
1968 -353
1965 1412
1962 1240
1959 982
1956 -407
1953 -1580
1950 -1527
1947 -1187
1944 1495
1941 -1394
1938 375
1935 -1616
1932 1045
1929 101
1926 -215
1923 -1523
1920 -1503
1917 1041
1914 50
1911 -4
1908 -741
1905 1193
1902 1650
1899 -251
1896 264
1893 -694
1890 1480
1887 374
1884 -39
1881 1575
1878 -742
1875 1751
1872 -1219
1869 603
1866 124
1863 1101
1860 -207
1857 -1939
1854 141
1851 1926
1848 -1918
1845 -1923
1842 1736
1839 -1569
1836 -533
1833 -287
1830 -606
1827 291
1824 -676
1821 1193
1818 0
1815 -1683
1812 -1062
1809 -591
1806 1019
1803 1768
1800 1535
1797 -1288
1794 1461
1791 963
1788 183
1785 -1547
1782 -1094
1779 -1352
1776 1425
1773 -1742
1770 232
1767 -1663
1764 -443
1761 -1369
1758 -1677
1755 -413
1752 -688
1749 -1220
1746 1675
1743 1873
1740 834
1737 -938
1734 -247
1731 46
1728 84
1725 -1939
1722 -511
1719 -1104
1716 1030
1713 -406
1710 -1852
1707 670
1704 -1481
1701 1759
1698 -996
1695 1717
1692 1834
1689 165
1686 1799
1683 44
1680 -153
1677 1796
1674 557
1671 824
1668 1677
1665 -1369
1662 -1030
1659 1086
1656 628
1653 1343
1650 1954
1647 202
1644 -1161
1641 -545
1638 -870
1635 -1849
1632 -1947
1629 35
1626 1718
1623 -1122
1620 -197
1617 793
1614 -214
1611 0
1608 605
1605 -351
1602 -607
1599 1762
1596 -75
1593 2042
1590 1079
1587 239
1584 -865
1581 1479
1578 -860
1575 -1850
1572 1625
1569 948
1566 -1565
1563 -825
1560 -1606
1557 1382
1554 -404
1551 1393
1548 1229
1545 626
1542 1223
1539 569
1536 -1326
1533 -1653
1530 593
1527 1175
1524 -536
1521 797
1518 -1465
1515 -1191
1512 -164
1509 0
1506 -241
1503 -1768
1500 1867
1497 -1053
1494 38
1491 117
1488 860
1485 928
1482 -415
1479 330
1476 0
1473 -705
1470 -24
1467 916
1464 811
1461 -1578
1458 1006
1455 -1586
1452 -1120
1449 -1787
1446 920
1443 -1173
1440 -88
1437 -1119
1434 -706
1431 1094
1428 -1169
1425 -771
1422 1516
1419 -1284
1416 -1922
1413 1409
1410 574
1407 -1828
1404 18
1401 -1185
1398 325
1395 1611
1392 1752
1389 1972
1386 136
1383 -1401
1380 -1547
1377 -529
1374 -560
1371 1361
1368 -1364
1365 587
1365 BOTTOMOFSTACK

2052 1167
2049 1672
2046 109
2043 345
2040 2040
2037 -695
2034 326
2031 1598
2028 -719
2025 -1408
2022 -914
2019 689
2016 -1539
2013 -1317
2010 388
2007 748
2004 -773
2001 431
1998 748
1995 238
1992 1785
1989 -86
1986 -324
1983 1121
1980 -312
1977 555
1974 1883
1971 1663
1968 419
1965 1894
1962 -227
1959 209
1956 -1077
1953 -1716
1950 -466
1947 270
1944 1804
1941 957
1938 -1061
1935 -1414
1932 1479
1929 1145
1926 857
1923 550
1920 -649
1917 -699
1914 -749
1911 -1524
1908 -473
1905 -1761
1902 1545
1899 317
1896 -957
1893 1501
1890 -323
1887 1313
1884 -1497
1881 1420
1878 -266
1875 389
1872 -1678
1869 1056
1866 -1748
1863 1188
1860 406
1857 -397
1854 1263
1851 302
1848 -1664
1845 382
1842 -1290
1839 699
1836 57
1833 -990
1830 210
1827 992
1824 -683
1821 107
1818 -968
1815 741
1812 718
1809 -1662
1806 -218
1803 -905
1800 -1607
1797 639
1794 771
1791 571
1788 -1692
1785 207
1782 -738
1779 -761
1776 1745
1773 -217
1770 -1412
1767 -800
1764 -855
1761 -368
1758 -813
1755 1192
1752 751
1749 -1907
1746 -1869
1743 1767
1740 1805
1737 -1565
1734 -2029
1731 466
1728 1800
1725 -201
1722 -1419
1722 BOTTOMOFSTACK

2001 1136
1998 507
1995 1995
1992 844
1989 192
1986 -998
1983 444
1980 700
1977 272
1974 -1000
1971 -440
1968 -165
1965 1165
1962 702
1959 1753
1956 672
1953 1178
1950 -1974
1947 -1587
1944 1200
1941 -950
1938 525
1935 117
1932 -685
1929 -1128
1926 1920
1923 166
1920 -570
1917 734
1914 -1687
1911 -1381
1908 1515
1905 637
1905 BOTTOMOFSTACK

2043 770
2040 74
2037 952
2034 690
2031 2031
2028 -915
2025 -1685
2022 23
2019 -199
2016 -342
2013 -275
2010 -1456
2007 1962
2004 -1755
2001 -1106
1998 1693
1995 2037
1992 753
1989 61
1986 -1201
1983 -1038
1980 1896
1977 198
1974 1125
1971 923
1968 1757
1965 1963
1962 -991
1959 1573
1956 1011
1953 1376
1950 -18
1947 650
1944 1581
1941 -222
1938 1967
1935 -212
1932 1299
1929 -992
1926 884
1923 1328
1920 -1952
1917 -385
1914 -466
1911 -345
1908 -298
1905 -597
1902 -1297
1899 1171
1896 -279
1893 224
1890 -1385
1887 -1902
1884 -625
1881 -1272
1878 574
1875 926
1872 1517
1869 1877
1866 -170
1863 -1472
1860 -1593
1857 312
1854 -1715
1851 -72
1848 -977
1845 916
1845 BOTTOMOFSTACK

2034 981
2031 483
2028 882
2025 2025
2022 0
2019 -1800
2016 663
2013 -1502
2010 392
2007 -906
2004 1973
2001 1859
1998 -816
1995 -883
1992 -1877
1989 625
1986 -1251
1983 -108
1980 -721
1977 633
1974 -1705
1971 -1011
1968 366
1965 1528
1962 1041
1959 -1146
1956 1961
1953 -294
1950 1916
1947 -57
1944 1163
1941 -575
1938 -1257
1935 -921
1932 -1224
1929 -1580
1926 1416
1923 -1710
1920 1091
1917 -406
1914 877
1911 -1450
1908 -796
1905 9
1902 -1186
1899 1835
1896 1893
1893 500
1890 685
1887 1026
1884 -637
1881 269
1878 1132
1875 386
1872 1063
1869 728
1866 1845
1863 -1136
1860 -104
1857 -1756
1854 -1174
1851 727
1848 151
1845 -762
1842 -1679
1839 150
1836 1089
1833 -1856
1830 1856
1827 734
1824 -1627
1821 -479
1818 0
1815 -303
1812 -1041
1809 1917
1806 -682
1803 -1755
1800 -1566
1797 1637
1794 -137
1791 1607
1788 1853
1785 1071
1782 -1509
1779 -2003
1776 -1462
1773 -709
1770 -75
1767 983
1764 -1264
1761 -1125
1758 17
1755 1872
1752 -977
1749 1209
1746 -713
1743 1031
1740 -116
1737 -829
1734 -1671
1734 BOTTOMOFSTACK

2034 1794
2031 1456
2028 1999
2025 1111
2022 1074
2019 2019
2016 1449
2013 -751
2010 1045
2007 -1114
2004 1470
2001 395
1998 -1358
1995 1979
1992 1871
1989 -1973
1986 -289
1983 67
1980 1726
1977 -306
1974 -634
1971 -1435
1968 -1246
1965 -666
1962 895
1959 -479
1956 175
1953 -672
1950 -1021
1947 743
1944 -573
1941 538
1938 -349
1935 1579
1932 1170
1929 545
1926 -1466
1923 1910
1920 -426
1917 -390
1914 -662
1911 -158
1908 -1378
1905 -1175
1902 827
1899 701
1896 -354
1893 -1557
1890 720
1887 -1683
1884 1186
1881 648
1878 -1066
1875 71
1872 -1730
1869 -1136
1866 -613
1863 197
1860 -2011
1857 -1765
1854 427
1851 1075
1848 891
1845 1667
1842 1043
1839 -91
1836 1675
1833 1720
1830 -1251
1827 -651
1824 -1179
1821 -982
1818 570
1815 -449
1812 -1098
1809 977
1806 511
1803 -1205
1800 -1236
1797 -1134
1794 1962
1791 -1636
1788 1208
1785 1524
1782 -1595
1779 236
1776 -592
1773 -1357
1770 -1579
1767 -516
1764 -1242
1761 -1533
1758 -1645
1755 2024
1752 -1814
1749 -872
1746 115
1743 805
1740 502
1737 -660
1734 -201
1731 2038
1728 1575
1725 -348
1722 106
1719 -1110
1716 985
1713 729
1710 -1152
1707 67
1704 239
1701 -732
1698 984
1695 -994
1692 1391
1689 2028
1686 599
1683 -415
1680 -468
1677 1147
1674 394
1671 -1341
1668 820
1665 -1251
1662 -447
1659 -1193
1656 -473
1653 -1905
1650 1768
1647 936
1644 -972
1641 -601
1638 -1298
1635 -242
1632 1537
1629 1279
1626 2032
1623 -408
1620 1848
1617 474
1614 1060
1611 -85
1608 1751
1605 -999
1602 1511
1599 1651
1596 -1490
1593 925
1590 -981
1587 1137
1584 -387
1581 -316
1578 -1993
1575 -1541
1572 -888
1569 -287
1566 -1668
1563 528
1560 -1965
1557 86
1554 1499
1551 -1415
1548 -1469
1545 -1081
1542 1124
1539 -822
1536 1088
1533 -1792
1530 -1205
1527 1820
1524 -955
1521 -309
1518 -2045
1515 -1217
1512 1856
1509 643
1506 894
1503 1435
1500 -840
1497 -1185
1494 -74
1491 -595
1488 -1788
1485 -707
1482 1952
1479 -1884
1476 -355
1473 1802
1470 -776
1467 -1651
1464 -1934
1461 629
1458 1769
1455 -1497
1452 -1401
1449 175
1446 1303
1443 1994
1440 952
1437 -880
1434 -748
1431 1069
1428 1932
1425 -811
1422 792
1419 1801
1416 103
1413 1138
1410 -1699
1407 1999
1404 1821
1401 -556
1398 1228
1395 -335
1392 -238
1389 -1904
1386 502
1383 0
1380 329
1377 1637
1374 -1187
1371 741
1368 1060
1365 1947
1362 -391
1359 -734
1356 -1662
1353 710
1350 -90
1347 -1190
1344 1353
1341 1615
1338 642
1335 904
1332 -796
1329 -1248
1326 -959
1323 235
1320 1989
1317 -965
1314 476
1311 990
1308 663
1305 -461
1302 -492
1299 -211
1296 -856
1293 1672
1290 -824
1287 459
1284 658
1281 -872
1278 1005
1275 -594
1272 -899
1269 1448
1266 -389
1263 -1185
1260 214
1257 -821
1254 -479
1251 1329
1248 1146
1245 -188
1242 -316
1239 -2035
1236 -1992
1233 1438
1230 -528
1227 1791
1224 1312
1221 985
1218 -385
1215 -1319
1215 BOTTOMOFSTACK

2043 409
2040 135
2037 550
2034 989
2031 1233
2028 2028
2025 1225
2022 -312
2019 -1704
2016 1138
2013 1281
2010 -1011
2007 463
2004 368
2001 978
1998 1238
1995 1326
1992 -90
1989 1097
1986 1935
1983 -798
1980 -1242
1977 -1308
1974 -1496
1971 -593
1968 1275
1965 1808
1962 -1556
1959 1505
1956 -1688
1953 -510
1950 -1411
1947 804
1944 -541
1941 975
1938 -1306
1935 -278
1932 3
1929 -691
1926 -1210
1923 -591
1920 1179
1917 1912
1914 -1314
1911 140
1908 1059
1905 945
1902 1856
1899 -355
1896 -1949
1896 BOTTOMOFSTACK

2046 1205
2043 6
2040 1404
2037 2037
2034 -223
2031 -1024
2028 316
2025 -663
2022 -1273
2019 -1893
2016 -1189
2013 1432
2010 688
2007 1176
2004 -1061
2001 -371
1998 39
1995 1167
1992 1600
1989 -246
1986 641
1983 -586
1980 2012
1977 -1976
1974 1230
1971 -1677
1968 -643
1965 -797
1962 324
1959 2025
1956 -1303
1953 1086
1950 642
1947 -1367
1944 -597
1941 -477
1938 -1081
1935 -73
1932 1146
1929 -1341
1926 1507
1923 -1859
1920 -102
1917 -1458
1914 -1758
1911 -1142
1908 264
1905 -1260
1902 80
1899 1973
1896 1605
1893 -890
1890 624
1887 1096
1884 -1646
1881 835
1878 1205
1875 1816
1872 656
1869 1975
1866 -1424
1863 -1730
1860 1046
1857 -1021
1854 1448
1851 451
1848 -1821
1845 589
1842 512
1839 1045
1836 -869
1833 -582
1830 1160
1827 -1368
1824 726
1821 781
1818 -623
1815 1462
1812 1979
1809 -1839
1806 -1740
1803 -279
1800 464
1797 -169
1794 240
1791 2022
1788 -801
1785 -56
1782 -1335
1779 423
1776 1276
1773 716
1770 1182
1767 -290
1764 780
1761 1583
1758 -1319
1755 -794
1752 825
1749 -2041
1746 579
1743 1674
1740 -74
1737 803
1734 1128
1731 289
1728 -1274
1725 -769
1722 336
1719 1745
1716 1204
1713 541
1710 -192
1707 1906
1704 166
1701 -1425
1698 430
1695 -1756
1692 -1355
1689 -510
1686 -843
1683 175
1680 -729
1677 -371
1674 1894
1671 1285
1668 1355
1665 407
1662 -1661
1659 -848
1656 1227
1653 1599
1650 1969
1647 -943
1644 -618
1641 367
1638 -289
1635 588
1632 600
1629 844
1626 1989
1623 1769
1620 213
1617 -1395
1614 1852
1611 1220
1608 -1867
1605 -1244
1602 394
1599 1208
1596 -85
1593 178
1590 -1482
1587 1087
1584 72
1581 1870
1581 BOTTOMOFSTACK

