2013 108
2010 660
2007 42
2004 2004
2001 -1786
1998 -1886
1995 -1817
1992 -1188
1989 638
1986 -1883
1983 1743
1980 -392
1977 -1864
1974 -1277
1974 BOTTOMOFSTACK

2034 1025
2031 195
2028 2028
2025 679
2022 693
2019 1543
2016 844
2013 1645
2010 17
2007 -1736
2004 516
2001 -362
1998 929
1995 -870
1992 313
1989 -731
1986 537
1983 -32
1980 895
1977 1064
1974 -651
1971 565
1968 315
1965 -448
1962 1765
1959 1845
1956 992
1953 1958
1950 -1669
1947 -683
1944 -1267
1941 606
1938 -903
1935 59
1932 764
1929 -493
1926 -1380
1923 390
1920 1913
1917 761
1914 552
1911 -1046
1908 -692
1905 -1996
1902 74
1899 -920
1896 -942
1893 191
1890 1191
1887 833
1884 -185
1881 -807
1878 1174
1875 671
1872 1567
1869 -1108
1866 -1956
1863 942
1860 0
1857 -1102
1854 -1918
1851 -1102
1848 -1896
1845 27
1842 -1094
1839 1016
1836 1
1833 295
1830 -83
1827 -2040
1824 -1775
1821 -1274
1818 274
1815 824
1812 83
1809 878
1806 -687
1803 -161
1800 -1610
1797 719
1794 -1085
1791 1791
1788 1474
1785 1073
1785 BOTTOMOFSTACK

2031 1910
2028 461
2025 317
2022 348
2019 2019
2016 -1619
2013 -1276
2010 30
2007 -543
2004 333
2001 -899
1998 1376
1995 674
1992 -1440
1989 1497
1986 -30
1983 1963
1980 952
1977 550
1974 1575
1971 907
1968 -1821
1965 1380
1962 -564
1959 769
1956 1488
1953 833
1950 -2029
1947 1801
1944 1465
1941 495
1938 -37
1935 1289
1932 1496
1929 1699
1926 1787
1923 1076
1920 1283
1917 168
1914 -1220
1911 -863
1908 -1069
1905 -1542
1902 -1444
1899 2023
1896 365
1893 164
1890 962
1887 -744
1884 -1573
1881 -1608
1878 172
1875 1006
1872 1387
1869 577
1866 1468
1863 -1032
1860 -1219
1857 600
1854 571
1851 -1112
1848 539
1845 1254
1842 242
1839 -384
1836 -1415
1833 763
1830 -779
1827 1501
1824 606
1821 -308
1818 -1478
1815 -1245
1812 1446
1809 -735
1806 -647
1803 -1153
1800 -728
1797 1461
1797 BOTTOMOFSTACK

2028 2033
2025 1302
2022 513
2019 2019
2016 451
2013 3
2010 307
2007 1142
2004 1098
2001 2039
1998 8
1995 -1110
1992 1566
1989 -1068
1986 -1896
1983 1723
1980 237
1977 104
1974 -864
1971 422
1968 -1034
1965 53
1962 434
1959 -499
1956 -445
1953 1816
1950 -828
1947 -1167
1944 1525
1941 -66
1938 1404
1935 -1039
1932 -966
1929 0
1926 1761
1923 1452
1920 1959
1917 -1737
1914 -1422
1911 -576
1908 232
1905 436
1902 1485
1899 -1275
1896 -1519
1893 -1823
1890 -616
1887 -1296
1884 -410
1881 -773
1878 -647
1875 1198
1872 -634
1869 1546
1866 -318
1863 -1376
1860 -647
1857 -501
1854 318
1851 187
1848 429
1845 1383
1842 373
1839 -822
1839 BOTTOMOFSTACK

