2043 239
2040 38
2037 2037
2034 460
2031 806
2028 1724
2025 1732
2022 510
2019 1420
2016 -1069
2013 1114
2010 673
2007 -412
2004 1987
2001 198
1998 1357
1995 -1457
1992 1935
1989 -757
1986 841
1983 616
1980 128
1977 395
1974 921
1971 689
1968 -814
1965 721
1962 -1376
1959 1083
1956 883
1953 -666
1950 333
1947 251
1944 1746
1941 -1301
1938 1011
1935 -1076
1932 1797
1929 -1861
1926 -416
1923 1013
1920 -1627
1917 -1780
1914 -1262
1911 -1311
1908 1063
1905 1653
1902 -642
1899 -168
1896 -1145
1893 830
1890 1625
1887 910
1884 1393
1881 -1372
1878 371
1875 -1564
1872 -849
1869 -15
1866 -1740
1863 -240
1860 -1027
1857 98
1854 -697
1851 -1979
1848 -171
1845 203
1842 1662
1839 -1409
1836 -650
1833 -1183
1830 1126
1827 1009
1824 628
1821 694
1818 1323
1815 -1876
1815 BOTTOMOFSTACK

2016 1927
2013 491
2010 1392
2007 204
2004 2004
2001 1842
1998 -1948
1995 1208
1992 538
1989 649
1986 921
1983 339
1980 -1501
1977 1750
1974 -50
1971 212
1968 865
1965 799
1962 -1896
1959 19
1956 -2044
1953 -1378
1950 -694
1947 1855
1944 157
1941 817
1938 -2047
1935 1801
1932 -435
1929 -425
1926 844
1923 1497
1920 -1622
1917 -1095
1914 -1175
1911 609
1908 624
1905 -971
1902 -724
1899 402
1896 503
1893 -1013
1890 -310
1887 975
1884 1688
1881 1443
1878 1062
1875 -1233
1872 -1143
1869 -1520
1866 1871
1863 201
1860 166
1857 721
1854 -850
1851 1563
1848 -948
1845 849
1842 953
1839 -1162
1836 1025
1833 -506
1830 -1878
1827 739
1824 361
1821 848
1818 956
1815 -1481
1812 -487
1809 1762
1806 171
1803 -2005
1800 451
1797 177
1794 -1052
1791 -1813
1788 -1195
1785 1501
1782 -1152
1779 -1247
1776 -1537
1773 440
1770 1605
1767 1846
1764 64
1761 -1980
1758 -1128
1755 377
1752 -983
1749 1118
1746 609
1743 1252
1740 -949
1737 1614
1734 615
1731 -828
1728 505
1725 1698
1722 -1674
1719 853
1716 -721
1713 839
1710 -1689
1707 1248
1704 1689
1701 134
1698 -331
1695 -1087
1692 -1447
1689 -1947
1686 1490
1683 -783
1680 1405
1677 1689
1674 1957
1671 -256
1668 -1967
1665 -516
1662 -18
1659 588
1656 47
1653 -1704
1650 -1016
1647 -294
1644 -820
1641 -1658
1638 1577
1635 110
1632 1584
1629 -1819
1626 1196
1623 -1971
1620 1551
1617 -272
1614 -1524
1611 1991
1611 BOTTOMOFSTACK

2040 987
2037 366
2034 2034
2034 BOTTOMOFSTACK

2049 585
2046 746
2043 587
2040 567
2037 2037
2034 472
2031 -1756
2028 -1058
2025 287
2022 -842
2019 -1409
2016 546
2013 -819
2010 226
2007 42
2004 -361
2001 1327
1998 -2004
1995 1425
1992 770
1989 1426
1986 1734
1983 1257
1980 -498
1977 2
1974 46
1971 -683
1968 18
1965 -1629
1962 399
1959 207
1956 -993
1953 -1759
1950 288
1947 471
1944 -99
1941 155
1938 1468
1935 933
1932 -135
1929 -383
1926 -1750
1923 589
1920 -98
1917 -62
1914 312
1911 -2023
1908 -1966
1905 1659
1902 -106
1899 468
1896 0
1893 -16
1890 -387
1887 1273
1884 1557
1881 -2033
1878 539
1875 -1255
1872 -962
1869 1008
1866 -1733
1863 1912
1860 -1269
1857 -1778
1854 -2027
1851 1212
1848 952
1845 -1436
1842 1757
1839 921
1836 1983
1833 -1333
1830 1465
1827 136
1824 250
1821 1463
1818 -1455
1815 -141
1812 1824
1809 -853
1806 1120
1803 16
1800 -781
1797 1999
1794 -924
1791 1900
1788 1434
1785 1945
1782 1823
1779 193
1776 18
1773 572
1770 -742
1767 -402
1764 1487
1761 244
1758 -1791
1755 -718
1752 1931
1749 1242
1746 66
1743 -199
1740 -214
1737 -917
1734 -574
1731 8
1728 -362
1725 1056
1722 1711
1719 1011
1716 -1592
1713 -1249
1710 77
1707 -1292
1704 816
1701 212
1698 -226
1695 553
1692 267
1689 1182
1686 62
1683 1884
1680 942
1677 1752
1674 553
1671 -1348
1668 -955
1665 1800
1662 477
1659 1072
1656 934
1653 687
1650 1337
1647 -1263
1644 1887
1641 -321
1638 98
1635 600
1632 886
1629 845
1626 993
1623 822
1620 -1489
1617 1120
1614 1229
1611 -959
1608 304
1608 BOTTOMOFSTACK

2004 333
2001 904
1998 741
1995 1995
1995 BOTTOMOFSTACK

2013 1213
2010 1170
2007 1358
2004 1030
2001 930
1998 1998
1995 -1004
1992 587
1989 801
1986 -564
1983 -1179
1980 -1699
1977 941
1974 -1897
1971 -1611
1968 1602
1965 316
1962 1572
1959 1834
1956 -1587
1953 1351
1950 -1340
1947 829
1944 1259
1941 603
1938 474
1935 65
1932 -1775
1929 -1380
1926 -1533
1923 1
1920 1356
1917 173
1914 1911
1911 -36
1908 971
1905 596
1902 -1464
1899 -886
1896 -57
1893 -21
1890 -936
1887 -66
1884 1729
1881 -855
1878 -1473
1875 36
1872 961
1869 1194
1866 -1204
1863 1132
1860 1270
1857 -118
1854 -824
1851 1527
1848 738
1845 -984
1842 -1531
1839 501
1836 270
1833 1643
1830 1410
1827 -1268
1824 -1599
1821 -1453
1818 -1312
1815 -922
1812 -133
1809 -1756
1806 -764
1803 222
1800 -763
1797 -1420
1794 1721
1791 1677
1788 -1185
1785 1794
1782 569
1779 18
1776 508
1773 -1550
1770 -964
1767 1640
1764 241
1761 -290
1758 -861
1755 39
1752 1351
1749 1106
1746 817
1743 1919
1740 -1339
1737 -1996
1734 335
1731 -1775
1728 -1560
1725 -939
1722 1381
1719 1417
1716 -575
1713 1029
1710 -1900
1707 1020
1704 937
1701 6
1698 211
1695 202
1692 1388
1689 -933
1686 1401
1683 -901
1680 -282
1677 1013
1674 -870
1671 -1834
1668 1393
1665 -1109
1662 -340
1659 1251
1656 284
1653 248
1650 1184
1647 -100
1644 797
1641 -67
1638 -236
1635 -933
1632 565
1629 1211
1626 -1828
1623 1939
1620 473
1617 1451
1614 857
1611 -318
1608 -268
1605 -1691
1602 -1118
1599 678
1596 -1454
1593 -1765
1590 1103
1587 622
1584 -1490
1581 811
1578 -831
1575 1496
1572 1816
1569 -1751
1566 39
1563 -40
1560 1561
1557 124
1554 255
1551 -702
1548 1580
1545 -1196
1542 -1294
1539 898
1536 -849
1533 1673
1530 -1665
1527 -820
1524 -340
1521 968
1518 -1771
1515 -1983
1512 -1063
1509 -650
1506 -1647
1503 -1818
1500 -1310
1497 -1687
1494 -663
1491 -362
1488 1576
1485 -810
1482 -1270
1479 -1622
1476 -1445
1473 -707
1470 1929
1467 1902
1464 1512
1461 -1880
1458 -934
1455 -63
1452 956
1449 1247
1446 -2030
1443 1608
1440 -1042
1437 2018
1434 -1025
1431 1469
1428 -918
1425 267
1422 1840
1419 -90
1416 14
1413 734
1410 697
1407 -1952
1404 -1987
1401 907
1401 BOTTOMOFSTACK

2022 1841
2019 1110
2016 2016
2016 BOTTOMOFSTACK

2040 534
2037 780
2034 486
2031 1214
2028 1290
2025 2025
2022 812
2019 1909
2016 -1017
2013 -408
2010 -790
2007 1735
2004 1060
2001 -286
1998 1231
1995 1466
1992 620
1989 -1508
1986 -279
1983 -1103
1980 -1268
1977 -1609
1974 -942
1971 -184
1968 644
1965 -1793
1962 -999
1959 852
1956 1334
1953 368
1950 821
1947 1852
1944 -1190
1941 -173
1938 1472
1935 -1805
1932 -1130
1929 1836
1926 314
1923 1981
1920 830
1917 -1693
1914 -649
1911 -1823
1908 -1334
1905 -1284
1902 696
1899 1714
1896 -904
1893 -1736
1890 -138
1887 -1486
1884 -2
1881 -698
1878 1537
1875 1706
1872 1205
1869 1568
1866 -413
1863 1180
1860 -1069
1857 839
1854 646
1851 -1694
1848 -1118
1845 -33
1842 1898
1839 42
1836 433
1833 17
1830 -1102
1827 -460
1824 1225
1821 -1149
1818 -1388
1815 195
1812 1695
1809 -1415
1806 1757
1803 -1995
1800 1480
1797 -191
1794 -1132
1791 -96
1788 -1540
1785 -1485
1782 1657
1779 62
1776 -879
1773 32
1770 -167
1767 2047
1764 0
1761 -1081
1758 -365
1755 -665
1752 -667
1749 1203
1746 1640
1743 -20
1740 -1800
1737 1228
1734 1621
1731 -833
1728 -820
1725 -299
1722 363
1719 -436
1716 -1170
1713 1483
1710 761
1707 -1300
1704 -507
1701 -1163
1698 -1565
1695 1093
1692 -1296
1689 311
1686 730
1683 1241
1680 353
1677 -1543
1674 339
1671 99
1668 -918
1665 132
1662 -966
1659 -1463
1656 -1228
1653 1123
1650 -190
1647 1146
1644 866
1641 1444
1638 1975
1635 -52
1632 -1082
1629 -663
1626 1347
1623 -1495
1620 -740
1617 -1867
1614 1410
1611 328
1608 -371
1605 -1283
1602 -35
1599 619
1596 1058
1593 -502
1590 -1009
1587 1983
1584 1410
1581 -570
1578 1242
1575 -1909
1572 -1933
1569 -482
1566 1282
1563 1768
1563 BOTTOMOFSTACK

