2043 17
2040 241
2037 47
2034 2034
2031 622
2028 -1595
2025 1272
2022 606
2019 -20
2016 1301
2013 34
2010 -454
2007 949
2004 1441
2001 1298
1998 478
1995 -1480
1992 -1313
1989 648
1986 -541
1983 -1005
1980 -726
1977 -234
1974 -1300
1971 -109
1968 -1196
1965 1746
1962 1501
1959 -1921
1956 -1385
1953 1741
1950 -220
1947 1185
1944 1337
1941 687
1938 -1514
1935 1520
1932 1875
1929 -2011
1926 653
1923 1220
1920 491
1917 1221
1914 -788
1911 893
1908 425
1905 1801
1902 1679
1899 -920
1896 -1408
1893 -1428
1890 -1938
1887 1369
1884 -120
1881 1553
1878 -1895
1875 -1573
1872 2039
1869 413
1866 1510
1863 -353
1860 -1233
1857 -715
1854 1778
1851 -1115
1848 -630
1845 698
1842 -817
1839 1961
1836 -150
1833 856
1830 -673
1827 1441
1824 -1657
1821 -1923
1818 1651
1815 1120
1812 -1664
1809 -129
1806 1792
1803 87
1800 -950
1800 BOTTOMOFSTACK

2004 380
2001 573
1998 231
1995 1995
1992 0
1989 510
1986 -1493
1983 -1592
1980 640
1977 -1552
1974 1664
1971 1194
1968 -960
1965 -963
1962 -125
1959 -1170
1956 -1963
1953 -192
1950 -1042
1947 -1196
1944 376
1941 1776
1938 64
1935 1855
1932 -1776
1929 -1719
1929 BOTTOMOFSTACK

