2028 1797
2025 45
2022 2022
2019 -1610
2016 904
2013 1175
2010 915
2007 -1509
2004 -857
2001 -1084
1998 2009
1995 356
1995 BOTTOMOFSTACK

2046 1188
2043 1224
2040 222
2037 2037
2034 1275
2031 291
2028 -1555
2025 -423
2022 1243
2019 -1561
2016 -565
2013 1211
2010 1246
2007 119
2004 -1159
2001 1129
1998 1609
1995 136
1992 191
1989 -598
1986 1781
1983 -1873
1980 1925
1977 1274
1974 1083
1971 -1779
1968 -546
1965 -14
1962 -700
1959 1419
1956 -509
1953 -136
1950 1013
1947 -430
1944 -1628
1941 -1267
1938 -1061
1935 -138
1932 1518
1929 354
1926 -745
1923 -840
1920 -1456
1920 BOTTOMOFSTACK

2022 1631
2019 1598
2016 384
2013 2013
2010 315
2007 8
2004 1302
2001 1088
1998 -1888
1995 -1789
1992 1849
1989 -1747
1986 -654
1983 526
1980 -152
1977 50
1974 -508
1971 -749
1968 -592
1965 -1202
1962 -1753
1959 -8
1956 -396
1953 1676
1950 1066
1947 -938
1944 1918
1941 192
1938 -1672
1935 711
1932 622
1929 -20
1926 908
1923 -919
1920 1175
1917 582
1914 -796
1911 -707
1908 946
1905 -932
1902 -805
1899 -1072
1896 1069
1893 1226
1890 -533
1887 -355
1884 1096
1881 1307
1878 929
1875 1797
1872 -878
1869 -966
1866 225
1863 1298
1860 -439
1857 -313
1854 -932
1851 1235
1848 -1845
1845 1915
1842 -780
1839 -958
1836 1351
1833 -896
1830 -598
1827 673
1824 -1172
1821 -1744
1818 -797
1815 181
1812 324
1809 -1520
1806 -1427
1803 1025
1800 -1642
1797 -1877
1794 -1951
1791 -565
1788 1377
1785 1711
1782 73
1779 -1269
1776 1960
1773 775
1770 2016
1767 -1701
1764 -303
1761 -992
1758 973
1755 -1819
1752 1821
1749 1265
1746 1474
1743 -615
1740 -2025
1737 889
1734 -101
1731 1579
1728 -1196
1725 -1934
1722 -1124
1719 1766
1716 -1834
1713 -751
1710 1596
1707 658
1704 -1664
1701 2001
1698 847
1695 -618
1692 438
1692 BOTTOMOFSTACK

2037 223
2034 1284
2031 555
2028 2028
2025 -1091
2022 194
2019 1421
2016 -185
2013 1219
2010 1832
2007 1793
2004 1888
2001 798
1998 1359
1995 721
1992 1305
1989 1393
1986 -361
1983 1963
1980 -1533
1977 -1116
1974 -1954
1971 33
1968 161
1965 -1105
1962 -340
1959 -380
1956 -1326
1953 368
1950 1636
1947 -1538
1944 -1354
1941 1985
1938 -990
1935 -1003
1932 -33
1929 -551
1926 836
1923 -1554
1920 -1761
1917 1442
1914 669
1911 -107
1908 -1225
1905 -2000
1902 587
1899 787
1896 -1630
1893 -313
1890 604
1887 -1524
1884 -1916
1881 363
1878 1270
1875 514
1872 551
1869 1122
1866 -1659
1863 -1365
1860 -1987
1857 872
1854 -455
1851 1113
1848 -860
1845 -429
1842 -1650
1839 262
1836 1311
1833 -590
1830 -1519
1827 -834
1824 712
1821 -717
1818 -356
1815 -1887
1812 64
1809 594
1806 -1053
1803 24
1800 -1719
1797 1600
1794 871
1791 -1430
1788 1606
1785 1755
1782 -1989
1779 -763
1776 1086
1773 928
1770 -1349
1767 1253
1764 11
1761 348
1758 690
1755 -1400
1752 1918
1749 362
1746 1482
1743 -329
1740 -1841
1737 -1005
1734 1200
1731 1915
1728 1116
1725 -1802
1722 1304
1719 292
1716 -1430
1713 1244
1710 1759
1707 1245
1704 682
1701 1437
1698 1662
1695 339
1692 1286
1689 1566
1689 BOTTOMOFSTACK

2016 73
2013 673
2010 717
2007 2007
2004 1232
2001 240
1998 2009
1995 1047
1992 -1206
1989 -1799
1986 -1786
1983 -1515
1980 -1836
1977 -931
1974 -995
1971 1238
1968 1195
1965 -838
1962 1892
1959 802
1956 907
1953 -1930
1950 1564
1947 -56
1944 -488
1941 -1243
1938 1396
1935 -1257
1932 1252
1929 1393
1926 -1946
1923 -347
1920 411
1917 1584
1914 -474
1911 1715
1908 1365
1905 -797
1902 -908
1899 1659
1896 -556
1893 -609
1890 -1337
1887 -468
1884 -903
1881 -1989
1878 59
1875 744
1872 694
1869 62
1866 639
1863 -1406
1860 1748
1857 754
1854 -950
1851 -1777
1848 1807
1845 466
1842 566
1839 914
1836 1458
1833 -889
1830 -205
1827 884
1824 485
1821 -1692
1818 914
1815 1703
1812 -1254
1809 -1327
1806 -1212
1803 -119
1800 -1983
1797 470
1794 647
1791 1825
1788 -1426
1785 1009
1782 -2021
1779 1085
1776 226
1773 496
1770 -448
1767 -801
1767 BOTTOMOFSTACK

