2031 479
2028 5
2025 2025
2022 881
2019 1178
2016 -784
2013 1114
2010 1049
2007 719
2004 -488
2001 -73
1998 -1512
1995 2009
1992 -1819
1989 -1510
1986 -290
1983 1127
1980 -1402
1977 -304
1974 1189
1971 -1834
1968 1908
1965 -1915
1962 308
1959 -1041
1956 1178
1953 372
1950 362
1947 534
1944 -820
1941 1263
1938 586
1935 -1282
1932 1199
1929 1125
1926 1730
1923 -1899
1920 769
1917 -374
1914 1700
1911 -1693
1908 -1315
1905 1342
1902 156
1899 -96
1896 1478
1893 1386
1890 1569
1890 BOTTOMOFSTACK

2007 1955
2004 93
2001 838
1998 159
1995 1995
1995 BOTTOMOFSTACK

