2016 1491
2013 604
2010 2008
2007 15
2004 2004
2001 1253
1998 -782
1995 1560
1992 232
1989 -79
1986 1441
1983 -1552
1980 1325
1977 368
1974 -975
1971 1875
1968 -1085
1965 -1387
1962 1951
1959 -1310
1956 1944
1953 -1726
1950 1622
1947 622
1944 -1852
1941 591
1938 847
1935 -2026
1932 -1974
1929 -504
1926 1984
1923 1696
1920 1557
1917 -512
1914 1793
1911 -1018
1908 -934
1905 1430
1902 -965
1899 -881
1896 -120
1893 1871
1890 812
1887 1401
1884 181
1881 2041
1878 -1279
1875 -362
1872 682
1872 BOTTOMOFSTACK

2040 1068
2037 171
2034 2034
2031 0
2028 -788
2025 1606
2022 -1263
2019 979
2016 971
2013 -1733
2010 -213
2007 -1536
2004 -1603
2001 1178
1998 -1399
1995 636
1992 953
1989 -815
1986 519
1983 -1210
1980 944
1977 1469
1974 9
1971 -484
1968 1674
1965 -1016
1962 565
1959 -791
1956 781
1953 -531
1950 -611
1947 -986
1944 -1858
1941 1969
1938 812
1935 1816
1932 160
1929 -2006
1926 -1137
1923 -1894
1920 -348
1917 -968
1914 -1424
1911 641
1908 1374
1905 109
1902 1213
1899 1248
1896 808
1893 1301
1890 753
1887 -1615
1884 1418
1881 -1720
1878 1198
1875 -1302
1872 1941
1869 1424
1866 1412
1863 1994
1860 -951
1857 542
1854 1998
1851 91
1848 -937
1845 1831
1842 -403
1839 421
1836 2037
1833 -1863
1830 1462
1827 -1354
1824 396
1821 966
1818 -1871
1815 -1253
1812 1
1809 -1937
1806 724
1803 -57
1800 382
1797 497
1794 262
1791 -199
1788 -1838
1785 -932
1782 -296
1779 787
1776 -1578
1773 -1001
1770 1443
1767 285
1764 3
1761 -1744
1758 -196
1755 1351
1752 -404
1749 -816
1746 1966
1743 1593
1740 1907
1737 1961
1734 1877
1731 1147
1728 -1047
1725 732
1722 -633
1719 1871
1719 BOTTOMOFSTACK

