2031 401
2028 561
2025 1870
2022 707
2019 5
2016 2016
2013 1931
2010 -180
2007 -1144
2004 1491
2001 1348
1998 -286
1995 1812
1992 944
1989 873
1986 -667
1983 918
1980 -506
1977 -1329
1974 207
1971 -1982
1968 -2030
1965 -1020
1962 563
1959 1947
1956 -576
1953 -437
1950 -1088
1947 -1562
1944 -835
1941 -835
1938 -75
1935 933
1932 -1070
1929 1792
1926 -1966
1923 1189
1920 432
1917 -1644
1914 -84
1911 -1049
1908 957
1905 -401
1902 -862
1899 1456
1896 -1203
1893 1215
1890 2040
1887 1051
1884 -1923
1881 -394
1878 579
1875 -371
1872 -1441
1869 -599
1866 -468
1863 -929
1860 -1606
1857 -1857
1854 -324
1851 -587
1848 -840
1845 1090
1842 -1696
1839 -1741
1836 1686
1833 -1772
1830 1533
1827 1129
1824 -1202
1821 392
1818 -835
1815 -233
1812 1297
1809 694
1806 845
1803 279
1800 -1553
1797 -1147
1794 384
1791 -1175
1788 -1657
1785 -1891
1782 1862
1779 -1656
1776 1357
1773 1933
1770 1844
1770 BOTTOMOFSTACK

2034 720
2031 877
2028 1834
2025 183
2022 2022
2019 278
2016 1957
2013 -865
2010 -1105
2007 -835
2004 1133
2001 -476
1998 -904
1995 489
1992 -648
1989 -1716
1986 1512
1983 627
1980 286
1977 1565
1974 739
1971 -842
1968 1182
1965 -283
1962 694
1959 76
1956 1441
1953 -1737
1950 -539
1947 547
1944 -1995
1941 552
1938 625
1935 73
1932 1121
1929 905
1926 374
1923 -725
1920 -7
1917 -152
1914 -349
1911 2034
1908 -1162
1905 -747
1902 -1369
1899 -841
1896 189
1893 739
1890 1030
1887 1125
1884 1569
1881 -436
1878 -616
1875 1589
1872 754
1869 -1248
1866 994
1863 -283
1860 1085
1857 54
1854 1951
1851 -1103
1848 1527
1845 1020
1842 651
1839 1572
1836 1379
1833 -1532
1830 -1201
1827 -1919
1824 -1674
1821 -673
1818 -1219
1815 -1061
1812 1971
1809 -1493
1806 1619
1803 -513
1800 -967
1797 1059
1794 -1793
1791 1847
1788 -1789
1785 2020
1782 -1588
1779 1888
1776 -1709
1773 882
1770 654
1767 1988
1764 -1743
1761 -698
1758 -357
1755 1768
1752 -1198
1749 -758
1746 873
1743 -1095
1740 -1611
1737 737
1734 -510
1731 -193
1728 724
1725 -497
1722 666
1719 438
1716 -1208
1713 -1735
1710 561
1707 459
1704 -457
1701 -822
1698 -840
1695 776
1692 1593
1689 -1779
1686 -479
1683 451
1680 -775
1677 887
1674 393
1671 -1593
1668 -231
1665 -756
1662 1843
1659 1029
1656 -1418
1653 -150
1650 -396
1647 758
1644 655
1641 -1988
1638 -1668
1635 -1364
1632 397
1629 -2039
1626 777
1623 -106
1620 -33
1617 -631
1614 -1202
1611 201
1608 1096
1605 -1215
1602 1269
1599 0
1596 -533
1593 -17
1590 1344
1587 44
1584 1978
1581 -2001
1578 926
1575 -1452
1572 1833
1569 -900
1566 -190
1563 664
1560 -1990
1557 -423
1554 -50
1551 -466
1548 -1267
1545 -923
1542 -1034
1539 -1116
1536 -51
1533 837
1530 1391
1527 -507
1524 1520
1521 -173
1518 -494
1515 627
1512 -1395
1512 BOTTOMOFSTACK

2031 1682
2028 897
2025 1059
2022 342
2019 2019
2016 0
2013 -2038
2010 2028
2007 1928
2004 1965
2001 71
1998 -922
1995 1233
1992 -805
1989 -1989
1986 435
1983 -508
1980 -1837
1977 821
1974 393
1971 -313
1968 -2028
1965 338
1962 747
1959 31
1956 -1745
1953 -429
1950 -1580
1947 -1777
1947 BOTTOMOFSTACK

