2043 1968
2040 909
2037 597
2034 13
2031 2031
2028 1235
2025 -762
2022 -429
2019 931
2016 -277
2013 -852
2010 1468
2007 -1480
2004 1283
2001 -1295
1998 1125
1995 1153
1992 1227
1992 BOTTOMOFSTACK

2013 672
2010 1830
2007 1309
2004 210
2001 2001
1998 0
1995 -1726
1992 -1755
1989 1770
1986 1332
1983 1065
1980 1543
1977 9
1974 1359
1971 508
1968 502
1965 1402
1962 1353
1959 413
1956 275
1953 -578
1950 -1771
1947 1761
1944 -1688
1941 -2010
1938 1962
1935 1475
1932 2013
1929 -715
1926 -1593
1923 1713
1920 1702
1917 1235
1914 603
1911 -16
1911 BOTTOMOFSTACK

2010 964
2007 1340
2004 50
2001 77
1998 363
1995 1995
1992 1359
1989 -46
1986 -1505
1983 1974
1980 905
1977 -148
1974 -1747
1971 950
1968 -1377
1965 -1100
1962 1217
1959 6
1956 -364
1953 108
1950 491
1947 -1863
1944 -1332
1941 -1967
1938 190
1935 294
1932 1834
1929 -1832
1926 1995
1923 -591
1920 -546
1917 309
1914 -1499
1911 -256
1908 -1043
1905 -622
1902 -1192
1899 -845
1896 -1591
1893 -453
1890 1051
1887 2024
1884 771
1881 551
1878 -1939
1875 1356
1872 -1172
1869 -142
1866 1416
1863 1433
1860 -1847
1857 859
1854 -1788
1851 1711
1848 1528
1845 -238
1842 97
1839 -390
1836 431
1833 -1052
1830 213
1827 1936
1824 1255
1821 -1764
1818 -690
1815 124
1812 -1548
1809 -118
1806 1383
1803 1963
1800 -1263
1797 1544
1794 -474
1791 -1586
1788 -231
1785 -575
1782 -1957
1779 -982
1776 1539
1773 1766
1770 -706
1767 -1547
1764 -779
1761 1689
1758 -1030
1755 1091
1752 1679
1749 -1866
1749 BOTTOMOFSTACK

2037 125
2034 774
2031 450
2028 516
2025 2025
2022 -899
2019 1603
2016 -1352
2013 -888
2010 675
2007 -2046
2004 -1164
2001 -1559
1998 409
1995 -1213
1992 -425
1989 1008
1986 -1632
1983 -1683
1980 -79
1977 427
1974 671
1971 1344
1968 347
1965 -1786
1962 1502
1959 1092
1956 1008
1953 -884
1950 -536
1947 1725
1944 -1115
1941 1609
1938 -1842
1935 1322
1932 -785
1929 463
1926 -520
1923 -504
1920 -1540
1917 -816
1914 -204
1911 -1149
1908 1067
1905 -1578
1902 -351
1899 -223
1896 -325
1893 -1215
1890 -85
1887 1049
1884 -210
1881 281
1878 -981
1875 -1512
1872 -1225
1869 -1274
1866 -1927
1863 -113
1860 -772
1857 -1395
1854 -802
1851 -579
1848 1482
1845 -1776
1842 530
1842 BOTTOMOFSTACK

2022 1880
2019 72
2016 676
2013 693
2010 2010
2007 -182
2004 585
2001 765
1998 1296
1995 211
1992 1559
1989 -280
1986 -1426
1983 -490
1980 131
1977 432
1974 97
1971 -1494
1968 -977
1965 1199
1962 1788
1959 2028
1956 1844
1953 -1870
1950 -936
1947 1555
1944 -628
1941 -431
1938 1478
1935 -1526
1932 1054
1929 1194
1926 802
1923 0
1920 -248
1917 1660
1914 -87
1911 76
1908 -1749
1905 1549
1902 -1107
1899 -1143
1896 -741
1893 -601
1890 -270
1887 -1253
1884 -1529
1881 -1856
1878 566
1875 -463
1872 978
1869 -99
1866 -786
1863 -1187
1860 508
1857 766
1854 890
1851 553
1848 -2004
1845 -1805
1842 -1826
1839 -1229
1836 1977
1833 -1017
1830 -2047
1827 -741
1824 373
1821 203
1818 650
1815 -834
1812 -1343
1809 -492
1806 -1234
1803 -710
1803 BOTTOMOFSTACK

2004 2016
2001 23
1998 855
1995 1995
1992 -922
1989 856
1986 -393
1983 -1248
1980 -201
1977 647
1974 1573
1971 -639
1968 -728
1965 1233
1962 -809
1959 871
1956 -1529
1953 -1932
1950 210
1947 -261
1944 -1650
1941 -1856
1938 695
1935 -270
1932 364
1929 1168
1926 -1713
1923 -296
1920 1058
1917 -1277
1914 1530
1911 1742
1908 1844
1905 -1262
1902 -884
1899 -1809
1896 1121
1893 1895
1890 105
1887 -1692
1884 -706
1881 -189
1878 -1510
1875 -1921
1872 -1211
1869 -318
1866 -1332
1863 -1
1860 -921
1857 -1417
1854 -818
1851 -1764
1848 1887
1845 -872
1842 1314
1839 -1178
1836 -711
1833 -1680
1830 827
1827 989
1824 479
1821 300
1818 -422
1815 -774
1812 -1759
1809 1991
1806 263
1803 1004
1800 -1869
1797 -884
1794 -929
1791 -1200
1788 1084
1785 -260
1782 -82
1779 332
1776 438
1773 -1979
1770 233
1767 -369
1764 381
1761 1083
1758 846
1755 -392
1752 629
1749 1759
1746 1873
1743 1362
1740 311
1737 -1057
1734 1326
1731 350
1728 -423
1725 1401
1725 BOTTOMOFSTACK

2016 1521
2013 1016
2010 347
2007 1429
2004 1011
2001 2001
1998 328
1995 -32
1992 -1376
1989 824
1986 -1006
1983 1714
1980 -1378
1977 -1990
1974 1673
1971 -707
1968 -211
1965 -1142
1962 -1758
1959 -1994
1956 218
1953 1554
1950 827
1947 -2024
1944 -657
1941 -1338
1938 1928
1935 57
1932 1443
1929 308
1926 -424
1923 306
1920 611
1917 1719
1914 -29
1911 -1714
1908 732
1905 713
1902 -730
1899 705
1896 -17
1893 -1882
1890 -2015
1887 -766
1884 1195
1881 -1908
1878 -1856
1875 -1662
1872 1864
1869 295
1866 1170
1863 -1867
1860 1959
1857 230
1854 -1235
1851 678
1848 -1969
1845 -737
1842 1580
1839 1245
1836 -785
1833 337
1830 1535
1827 -1574
1824 -1024
1821 -1909
1818 -1629
1815 -191
1812 583
1809 1054
1806 -1237
1803 -1240
1800 -1423
1797 1685
1794 114
1791 -424
1788 -1946
1785 1415
1782 1181
1779 126
1776 -758
1773 -1487
1770 382
1767 1259
1764 -147
1761 -530
1758 86
1755 492
1752 -925
1749 1136
1746 1583
1743 1449
1740 664
1737 1069
1734 -547
1731 1740
1728 1136
1725 1367
1722 -1524
1719 435
1716 1293
1713 1344
1710 -960
1707 -1703
1704 -1682
1701 791
1698 780
1695 1810
1692 -630
1689 -714
1686 1592
1683 -623
1680 954
1677 1238
1674 1703
1671 125
1668 -749
1665 -948
1662 161
1659 1553
1656 1893
1653 57
1650 -600
1647 713
1644 -309
1641 -1662
1638 1280
1635 111
1632 1229
1629 -27
1626 -1370
1623 -969
1620 1271
1617 667
1614 -1536
1611 -779
1608 1734
1605 140
1602 1491
1599 -536
1596 1393
1593 -2004
1590 1256
1587 -23
1584 1551
1581 465
1578 841
1575 -68
1572 0
1569 -1309
1566 -66
1563 1136
1560 232
1557 -897
1554 1225
1551 106
1548 -1712
1545 -210
1542 1788
1539 1921
1536 1784
1533 -252
1530 -36
1527 41
1524 313
1521 473
1518 98
1515 -1053
1512 1477
1509 1516
1506 -1972
1503 -924
1500 290
1497 1976
1494 1643
1491 -1907
1488 958
1485 794
1482 998
1479 -845
1476 1932
1473 -1589
1470 1944
1467 75
1464 -1203
1461 809
1458 -1705
1455 -901
1452 -359
1449 -294
1446 1679
1443 70
1440 -126
1437 -1840
1434 1525
1431 -1822
1428 1208
1425 1288
1422 1938
1419 1226
1416 728
1413 -553
1410 1235
1407 560
1404 560
1401 -509
1398 -771
1395 -832
1392 865
1389 1468
1386 -1357
1383 826
1380 708
1377 -1508
1374 -1854
1371 -1403
1368 746
1365 879
1362 -1402
1359 -973
1356 1882
1353 -1898
1350 -118
1347 -652
1344 1035
1341 -477
1338 -1725
1335 -1413
1332 -1188
1329 1332
1326 1534
1323 -1575
1320 1297
1317 -1072
1314 -1133
1311 -580
1308 -191
1305 -902
1302 -477
1299 -120
1296 487
1293 161
1290 -1447
1287 -116
1284 803
1284 BOTTOMOFSTACK

2013 462
2010 344
2007 1050
2004 1185
2001 2001
1998 -1454
1995 1622
1992 -1940
1989 1519
1986 486
1983 1898
1980 -273
1977 1617
1974 1016
1971 -1848
1968 1376
1965 -769
1962 -1384
1959 -1381
1956 1849
1953 985
1950 -849
1947 -1379
1944 133
1941 1202
1938 2011
1935 48
1932 -1251
1929 -1277
1926 1282
1923 1502
1920 1857
1917 1310
1914 -1293
1911 -788
1908 -1270
1905 -1106
1902 -1900
1899 -1131
1896 723
1893 220
1890 -1685
1887 -942
1884 -101
1881 -617
1878 383
1875 -889
1872 478
1869 -360
1866 -1870
1863 -1620
1860 -1610
1857 752
1854 515
1851 465
1848 -229
1845 -1806
1842 -1889
1839 256
1836 -114
1833 -555
1830 -176
1827 1907
1824 957
1821 726
1818 -2018
1815 -1850
1812 1456
1809 246
1806 -1821
1803 -901
1800 1594
1797 396
1794 -1800
1791 -177
1788 -1391
1785 514
1782 -822
1779 -552
1776 682
1773 1201
1770 696
1767 -708
1764 -1487
1761 250
1758 -168
1755 1211
1752 -1014
1749 -1447
1746 1847
1743 -326
1740 -397
1737 1936
1734 1421
1731 -426
1728 378
1725 825
1722 -1396
1719 1480
1716 -1892
1713 -2010
1710 1698
1707 -481
1704 1995
1701 1653
1698 320
1695 257
1695 BOTTOMOFSTACK

2046 1476
2043 511
2040 1630
2037 1157
2034 1383
2031 2031
2028 46
2025 -69
2022 -1744
2019 -996
2016 1412
2013 1995
2010 1448
2007 901
2004 -443
2001 581
1998 2017
1995 -43
1992 -1932
1989 -1818
1986 -550
1983 624
1980 -1842
1977 -401
1974 -555
1971 -1523
1968 393
1965 -1536
1962 1064
1959 -1318
1956 -1409
1953 1931
1950 -1056
1947 792
1944 -1345
1941 -917
1938 -379
1935 291
1932 1414
1929 877
1926 1311
1923 -659
1920 -395
1917 1083
1914 -536
1911 1855
1908 797
1905 1628
1902 600
1899 -681
1896 -378
1893 -192
1890 -978
1887 599
1884 -420
1881 -110
1878 1585
1875 1372
1872 -1233
1869 1728
1866 -1854
1863 -1176
1860 1845
1857 1730
1854 -164
1851 382
1848 569
1845 -91
1842 -967
1839 965
1836 130
1833 364
1830 2041
1827 -736
1824 177
1821 -1040
1818 -1763
1815 -1702
1812 -1342
1809 -1611
1806 1860
1803 1072
1800 -675
1797 -1749
1794 813
1791 1409
1788 -497
1785 1677
1782 -1186
1779 -1486
1776 -580
1773 -1210
1770 460
1767 -728
1764 -1626
1761 -126
1758 322
1755 1232
1752 702
1749 493
1746 1220
1743 1220
1740 -1360
1737 484
1734 1971
1731 -313
1728 -652
1725 1673
1722 1071
1719 -1614
1716 413
1713 -2018
1710 988
1707 30
1704 1912
1701 1873
1698 1285
1695 885
1692 -362
1689 1230
1686 -1951
1683 1840
1680 -1078
1677 599
1674 -1927
1671 1586
1668 -1264
1665 1177
1662 -522
1659 -1826
1656 2011
1653 826
1650 -1940
1647 -765
1644 869
1641 -1246
1638 372
1635 53
1632 -1564
1629 -1495
1626 1972
1623 1825
1620 -1211
1617 1527
1614 -2045
1611 -1364
1608 1532
1605 297
1602 -133
1599 459
1596 -918
1593 -1707
1590 670
1587 1980
1584 -28
1581 -1544
1578 -759
1575 -887
1572 -995
1569 -1266
1566 1372
1563 -509
1560 890
1557 -540
1554 279
1551 -211
1548 -2036
1545 -1430
1542 2029
1539 110
1536 -625
1533 -35
1530 7
1527 1735
1524 -1453
1521 -1793
1518 1547
1515 -1019
1512 -1256
1509 697
1506 844
1503 1154
1500 -1125
1497 156
1494 -846
1491 301
1488 494
1485 -3
1482 1338
1479 -461
1476 1282
1473 1417
1470 -536
1467 570
1464 -943
1461 518
1458 -1631
1455 -3
1452 1110
1449 167
1446 -930
1443 1994
1440 524
1437 -295
1434 -1209
1431 -670
1428 -1877
1425 716
1422 -1655
1419 -393
1416 181
1413 921
1410 660
1407 -1454
1404 798
1401 1054
1398 905
1395 -24
1392 -1329
1389 -1794
1386 -1757
1383 283
1380 553
1377 -278
1374 1316
1371 192
1368 -1688
1365 -690
1362 -1161
1359 1295
1356 -1205
1353 -1982
1350 1916
1347 -631
1344 -1747
1341 -192
1338 213
1335 -1108
1332 1772
1329 1424
1326 -633
1323 -1169
1320 -1888
1317 1986
1317 BOTTOMOFSTACK

2010 1501
2007 1401
2004 752
2001 1557
1998 1998
1995 200
1992 -832
1989 129
1986 -1982
1983 -1614
1980 354
1977 -1074
1974 -1681
1971 508
1968 -1376
1965 -807
1962 -243
1959 -730
1956 -90
1953 829
1950 -183
1947 588
1944 -776
1941 394
1938 -1855
1935 -306
1935 BOTTOMOFSTACK

