2007 1881
2004 30
2001 2001
1998 524
1995 284
1992 -842
1989 -940
1986 -963
1983 -1775
1980 -1328
1977 1538
1974 -187
1971 1191
1968 939
1965 344
1962 449
1959 25
1956 -1602
1953 -1546
1950 56
1947 -1869
1944 1382
1941 1649
1938 26
1935 -778
1932 -1282
1929 -638
1926 72
1926 BOTTOMOFSTACK

2034 1864
2031 952
2028 1005
2025 980
2022 216
2019 2019
2016 1389
2013 1754
2010 471
2007 -812
2004 910
2001 465
1998 1727
1995 858
1992 99
1989 264
1986 -1907
1983 1422
1980 1097
1977 -1188
1974 1974
1971 604
1968 1326
1965 586
1962 -1632
1959 882
1956 284
1953 -1399
1950 -1157
1947 1672
1944 1283
1941 -1262
1938 229
1935 -1219
1932 1650
1929 -148
1926 899
1923 1851
1920 973
1917 -451
1914 -1752
1911 -102
1908 1476
1905 1922
1902 -1451
1899 -553
1896 -873
1893 0
1890 1350
1887 440
1884 -1557
1881 1796
1878 -599
1875 -89
1872 1048
1869 -121
1866 -983
1863 -851
1860 -959
1857 1893
1854 32
1851 -710
1848 -1869
1845 -714
1842 49
1839 34
1836 -894
1833 -194
1830 -416
1827 -1664
1824 -156
1821 -354
1818 1065
1815 -1308
1812 -1044
1809 -772
1806 30
1803 -12
1800 -729
1797 -1881
1794 -1326
1791 464
1788 -603
1785 -1891
1782 890
1779 830
1776 101
1773 -1300
1770 -370
1767 -1564
1764 -1398
1761 156
1758 487
1755 -561
1752 905
1749 408
1746 1408
1743 -925
1740 1218
1737 122
1734 -1752
1731 502
1728 -994
1725 -989
1722 -82
1719 -1455
1716 820
1713 -1337
1710 1417
1707 -1114
1704 -1601
1701 -1697
1698 1375
1695 -73
1692 -183
1689 -766
1686 654
1683 462
1680 -182
1677 -593
1674 -832
1671 1126
1668 -895
1665 -1289
1662 -392
1659 -1504
1656 1869
1653 1489
1650 -690
1647 1156
1644 432
1641 781
1638 1293
1635 -552
1632 1009
1629 1213
1626 -1574
1623 302
1620 292
1617 -1691
1614 -1649
1611 -1572
1608 -1337
1605 -1760
1602 -856
1599 1852
1596 -1054
1593 -1925
1590 -280
1587 1799
1584 -1408
1581 -148
1578 9
1575 574
1572 -598
1569 1276
1566 489
1563 1878
1560 2047
1557 604
1554 835
1551 -1712
1548 -1339
1545 1310
1542 -613
1539 201
1536 -281
1533 -2010
1530 -1063
1527 -420
1524 1919
1521 140
1518 -1792
1515 675
1512 -960
1509 1507
1506 1990
1503 1604
1500 -1726
1497 1752
1494 1476
1491 527
1488 758
1485 678
1482 -1550
1479 -1900
1476 1637
1476 BOTTOMOFSTACK

2016 575
2013 1565
2010 312
2007 417
2004 2004
2001 117
1998 -365
1995 -833
1992 59
1989 392
1986 -924
1983 -1882
1980 -1005
1977 185
1974 1764
1974 BOTTOMOFSTACK

2046 664
2043 1790
2040 1963
2037 597
2034 2034
2031 -1511
2028 -1150
2025 502
2022 1053
2019 1602
2016 129
2013 -1445
2010 889
2007 256
2004 962
2001 1372
1998 1684
1995 1076
1992 -816
1989 -686
1986 1886
1983 699
1980 1741
1977 1120
1974 -675
1971 -1325
1968 933
1965 1694
1962 1628
1959 -1452
1956 -1569
1953 -2020
1950 -359
1947 -1482
1944 42
1941 1640
1938 -418
1935 308
1932 1400
1929 1125
1926 -916
1923 1147
1920 -831
1917 -1053
1914 1885
1911 -543
1908 -1602
1908 BOTTOMOFSTACK

2034 1281
2031 789
2028 2028
2025 -338
2022 -710
2019 -1001
2016 652
2013 -1255
2010 1590
2007 -1206
2004 -414
2001 706
1998 726
1995 -687
1992 1013
1989 -1162
1986 1508
1983 -828
1980 1955
1977 1313
1974 398
1971 -1106
1968 1020
1965 1468
1962 -834
1959 -574
1956 1039
1953 -1587
1950 -2008
1947 690
1944 1334
1941 -1453
1938 1801
1935 388
1932 -348
1929 -1989
1926 -235
1923 1942
1920 1871
1917 1872
1914 155
1911 782
1908 1641
1905 1384
1902 -736
1899 1065
1896 1108
1893 1225
1890 -1299
1887 -921
1884 1428
1881 1644
1878 1515
1875 -774
1872 599
1869 -363
1866 -2034
1863 485
1860 -1339
1857 -1330
1854 -2017
1851 804
1848 67
1845 -1678
1842 -1871
1839 -1542
1836 -1640
1833 1110
1830 -1131
1827 1573
1824 1162
1821 -494
1818 -1277
1815 1407
1812 752
1809 353
1806 1682
1803 476
1800 -1832
1797 -367
1794 324
1791 -1901
1788 -1245
1785 697
1782 -755
1779 -960
1776 1885
1773 -300
1770 989
1767 62
1764 -287
1761 -1022
1758 -1289
1755 -830
1752 -1076
1749 -1034
1746 600
1743 -204
1740 1041
1737 -234
1734 365
1731 1007
1728 627
1725 -261
1722 -571
1719 733
1716 -350
1713 -1357
1710 -909
1710 BOTTOMOFSTACK

