2055 302
2052 1940
2049 389
2046 762
2043 44
2040 2040
2037 1538
2034 1317
2031 228
2028 -1510
2025 1012
2022 734
2019 62
2016 1704
2013 2000
2010 -1044
2007 1488
2004 678
2001 1483
1998 -47
1995 -1421
1992 955
1989 -687
1986 -1865
1983 -1029
1980 1141
1977 -1167
1974 179
1971 -564
1968 1498
1965 1495
1962 647
1959 -936
1956 1299
1953 -365
1950 1783
1947 -1293
1944 387
1941 575
1938 2043
1935 -1738
1932 -1530
1929 -1892
1926 -222
1923 1635
1920 -2006
1917 -1073
1914 1826
1911 1212
1908 -1372
1905 -827
1902 -1402
1899 -1326
1896 -364
1893 -1929
1890 376
1887 -1871
1884 339
1881 -30
1878 735
1875 302
1872 1255
1869 1765
1866 877
1863 -1661
1860 -1137
1857 -339
1854 -1947
1851 544
1848 65
1845 1313
1842 -267
1839 358
1836 1620
1833 -402
1830 2034
1827 -2012
1824 -727
1824 BOTTOMOFSTACK

2025 1668
2022 228
2019 2019
2016 288
2013 -1933
2010 -1989
2007 476
2004 -1071
2001 1017
1998 677
1995 -1770
1992 297
1989 353
1986 -1696
1983 -1727
1980 -1874
1977 -1691
1974 678
1971 -510
1968 1460
1965 -1093
1962 351
1959 -97
1956 -1873
1953 -1368
1950 -1418
1947 1271
1944 700
1941 -1544
1938 -1060
1935 1874
1932 -1342
1929 -406
1926 17
1923 -1564
1920 -103
1917 -822
1914 -1042
1911 -1175
1908 1254
1905 854
1902 315
1899 -1862
1896 1997
1893 -504
1890 -1049
1887 1432
1884 -800
1881 1748
1878 1439
1875 1279
1872 -1879
1869 1649
1866 -2039
1863 -399
1860 151
1857 1601
1854 1407
1851 1743
1848 794
1845 -435
1842 2006
1839 -2008
1836 1216
1833 860
1830 -303
1827 801
1824 1276
1821 -105
1818 594
1815 385
1812 -484
1809 1571
1806 672
1803 1853
1800 432
1797 1176
1794 -1007
1791 1113
1788 -511
1785 1604
1782 68
1779 425
1776 -63
1773 -807
1770 -1436
1767 -1943
1764 1510
1761 778
1758 606
1755 1058
1752 -487
1749 1714
1746 1153
1743 1023
1740 -774
1737 1169
1734 1434
1731 -1020
1728 758
1725 586
1722 -533
1719 -751
1716 -1237
1713 -1357
1710 496
1707 1247
1704 -1458
1701 -485
1698 -1961
1695 520
1692 -297
1689 -222
1686 1995
1683 2012
1680 -268
1677 1790
1674 429
1671 -1813
1668 1613
1665 1187
1662 842
1659 1093
1656 1493
1653 580
1650 453
1650 BOTTOMOFSTACK

2013 1115
2010 135
2007 1484
2004 426
2001 2001
1998 1559
1995 -222
1992 1170
1989 -523
1986 272
1983 724
1980 151
1977 -1570
1974 1900
1971 397
1968 1192
1965 -49
1962 -643
1959 -1625
1956 1654
1953 226
1950 1522
1947 785
1944 335
1941 -143
1938 1600
1935 -1117
1932 -267
1929 -455
1926 1849
1923 -794
1920 -1170
1917 1807
1914 -1574
1911 1214
1908 335
1905 426
1902 -1843
1899 -1950
1896 -84
1893 1629
1890 -1926
1887 1316
1884 -1443
1881 -233
1878 1491
1875 -1258
1872 -1684
1869 -1258
1866 -177
1863 -847
1860 -811
1857 -1467
1854 -647
1851 -1089
1848 -1919
1845 761
1842 -1794
1839 493
1836 1530
1833 -1469
1830 250
1827 -1208
1824 -313
1821 1588
1818 -392
1815 936
1812 -1735
1809 -411
1806 -872
1803 1500
1800 56
1797 1766
1794 1428
1791 -1623
1788 1563
1785 -1992
1782 -1204
1779 1560
1776 -1541
1773 983
1770 974
1767 977
1764 -2036
1761 794
1758 -1468
1755 -939
1752 1152
1749 -516
1746 -1649
1743 -1408
1740 -1145
1737 1227
1734 0
1731 304
1728 1638
1725 -1569
1722 1207
1719 -305
1716 -1668
1713 1281
1710 1849
1707 -1553
1704 492
1701 -490
1698 -1065
1695 1727
1692 -1628
1689 -20
1686 1620
1683 -641
1680 -1828
1677 -770
1674 1936
1671 -1922
1668 1960
1665 1408
1662 42
1659 -2047
1656 -1314
1653 595
1650 -1989
1647 -1364
1644 -484
1641 818
1638 -136
1635 -530
1632 1740
1629 541
1626 1987
1623 -547
1620 -1504
1617 -571
1614 958
1611 9
1608 -1781
1605 -976
1602 -1445
1599 -1671
1596 -615
1593 -794
1590 333
1587 -1551
1584 -1149
1581 -440
1578 846
1575 -1870
1572 -180
1569 1073
1566 -1421
1563 -33
1560 -1613
1560 BOTTOMOFSTACK

2025 1577
2022 582
2019 2019
2016 0
2013 -232
2010 1049
2007 152
2004 -395
2001 -230
1998 1476
1995 -1288
1992 1930
1989 -91
1986 1211
1983 1169
1980 -642
1977 -1548
1974 442
1971 103
1968 1494
1965 2014
1962 1268
1959 1709
1956 -1853
1953 -216
1950 -202
1947 -143
1944 -927
1941 851
1938 -1303
1935 -621
1932 1964
1929 854
1926 280
1923 1405
1920 -1435
1917 731
1914 -1335
1911 -713
1908 -1847
1905 1696
1902 1490
1899 -920
1896 1259
1893 869
1890 1106
1887 730
1884 -1763
1881 -252
1878 402
1875 -89
1872 1151
1869 -613
1866 -1806
1863 -1403
1860 -566
1857 734
1854 174
1851 -1160
1848 1727
1845 -1618
1842 -61
1839 -1814
1836 -1015
1833 9
1830 -409
1827 -45
1824 1295
1821 -1165
1818 -90
1815 -1020
1812 1818
1809 -1479
1806 -26
1803 420
1800 1154
1797 -17
1794 1076
1791 -618
1788 1701
1785 520
1782 -1220
1779 -505
1776 1464
1773 497
1770 1803
1767 -1905
1764 400
1761 1868
1758 598
1755 -1842
1752 -213
1749 -199
1746 -1151
1743 18
1740 -233
1737 -165
1734 -303
1731 -2028
1728 -1714
1725 -81
1722 376
1719 -1691
1716 267
1713 -373
1710 -919
1707 -1141
1704 -668
1701 1661
1698 -1975
1695 -1083
1692 -1001
1689 1256
1686 -1346
1683 448
1680 -983
1677 -1819
1674 1065
1671 1102
1668 563
1665 -1693
1662 1831
1659 -1025
1656 1447
1653 236
1650 27
1647 1749
1644 202
1641 -109
1638 2016
1635 1371
1632 1517
1629 908
1626 -1568
1623 -99
1620 -316
1617 946
1617 BOTTOMOFSTACK

2028 1230
2025 1242
2022 1806
2019 183
2016 780
2013 2013
2010 -1083
2007 1883
2004 1698
2001 -699
1998 -889
1995 -824
1992 938
1989 119
1986 -2014
1983 -1207
1980 -1951
1977 676
1974 -1000
1971 946
1968 468
1965 -1151
1962 1380
1959 -239
1956 63
1953 -646
1950 -865
1947 -574
1944 -1563
1941 -1790
1938 1673
1935 -1981
1932 542
1929 1718
1926 -1904
1923 -812
1920 -996
1917 -1659
1914 -1486
1911 -1698
1908 -968
1905 1170
1902 1051
1899 225
1896 -259
1893 -1086
1890 1151
1887 -1489
1884 71
1881 1724
1878 1441
1875 -1728
1872 -906
1869 1496
1866 489
1863 -984
1860 -1116
1857 -1720
1854 77
1851 -881
1848 1565
1845 1714
1842 -1239
1839 -548
1836 1377
1833 214
1830 1395
1827 -71
1824 225
1821 2001
1818 -1399
1815 -907
1812 1329
1809 912
1806 1344
1803 -553
1800 -1744
1797 746
1794 1790
1791 290
1788 -1569
1785 -480
1782 -1790
1779 419
1776 1949
1773 436
1770 -1166
1767 913
1764 -1507
1761 1560
1758 989
1755 1360
1752 -653
1749 -1731
1746 20
1743 -1607
1740 69
1737 -1910
1734 999
1731 2038
1728 569
1728 BOTTOMOFSTACK

2046 494
2043 861
2040 803
2037 954
2034 2034
2031 0
2028 1742
2025 1039
2022 1108
2019 1822
2016 -2035
2013 1747
2010 -1266
2007 -417
2004 177
2001 742
1998 459
1995 863
1992 -651
1989 -2032
1986 557
1983 110
1980 388
1977 -679
1974 1348
1971 1633
1968 224
1965 283
1962 -1985
1959 21
1956 -1736
1953 367
1950 -1648
1947 -716
1944 1309
1941 1032
1938 -1700
1935 1736
1932 -1153
1929 -740
1926 25
1923 -1695
1920 -675
1917 1630
1914 284
1911 1918
1908 887
1905 1857
1902 -271
1899 165
1896 -1999
1893 -1157
1890 -621
1887 -1739
1884 -730
1881 1841
1878 -425
1875 1833
1872 423
1869 611
1866 -1811
1863 1754
1860 -1885
1857 506
1854 -1132
1851 1610
1848 -722
1845 1658
1842 1153
1839 -1595
1836 1846
1833 -752
1830 -145
1827 -1101
1824 1910
1821 1408
1818 1331
1815 1020
1812 -44
1809 1493
1806 1565
1803 1541
1803 BOTTOMOFSTACK

2013 1124
2010 1519
2007 327
2004 1226
2001 1128
1998 1998
1995 207
1992 627
1989 -1194
1986 1665
1983 64
1980 -1368
1977 1059
1974 1723
1971 -1269
1968 -341
1965 -721
1962 -327
1959 -1892
1956 -998
1953 77
1950 90
1947 -1180
1944 -882
1941 606
1938 -499
1935 1421
1932 1
1929 902
1926 -1883
1923 -215
1920 687
1917 1343
1914 73
1911 -1668
1911 BOTTOMOFSTACK

2019 90
2016 1869
2013 1838
2010 1329
2007 2007
2004 -1353
2001 1768
1998 -1475
1995 -900
1992 -1970
1989 -204
1986 474
1983 1959
1980 1914
1977 -127
1974 706
1971 -1738
1968 -1310
1965 1198
1962 -7
1959 -769
1956 1762
1953 -1710
1950 -190
1947 1250
1944 -456
1941 182
1938 1939
1935 837
1932 -860
1929 903
1926 -1588
1923 -768
1920 -1271
1917 2042
1914 1338
1911 -1135
1908 766
1905 -2030
1902 1553
1899 318
1896 355
1893 -1092
1890 -1884
1887 -124
1884 -1705
1881 -930
1878 686
1875 -829
1872 766
1869 -1742
1866 1217
1863 611
1860 2045
1857 -1584
1854 1620
1851 -931
1848 -734
1845 717
1842 1424
1839 -1025
1836 986
1833 1658
1830 1711
1827 1163
1824 -1964
1821 -863
1818 1849
1815 1712
1812 -1734
1809 -619
1806 -872
1803 866
1800 1197
1797 980
1794 1583
1791 -1451
1788 1769
1785 -977
1782 729
1779 -218
1776 -248
1773 -1905
1770 -493
1767 1920
1764 612
1761 191
1758 -615
1755 -523
1752 -941
1749 -541
1746 1130
1743 414
1740 -1620
1737 449
1734 863
1731 -283
1728 289
1725 115
1722 -1993
1719 2041
1716 -1266
1713 -268
1710 367
1707 -1553
1704 333
1701 976
1698 -1199
1695 -459
1692 -1961
1689 -532
1686 1259
1683 287
1680 155
1680 BOTTOMOFSTACK

