2046 626
2043 374
2040 920
2037 1868
2034 48
2031 2031
2028 132
2025 759
2022 -743
2019 -278
2016 -529
2013 -281
2010 421
2007 194
2004 521
2001 686
1998 879
1995 -299
1992 1846
1989 -1908
1986 -1028
1983 -952
1980 127
1977 -562
1974 -756
1971 1759
1968 1754
1965 1353
1962 -1402
1959 1439
1956 -1597
1953 1024
1950 618
1947 -1849
1944 1848
1941 -1492
1938 430
1935 1824
1932 1077
1929 -1163
1926 -1896
1923 -1687
1920 -1377
1917 1807
1914 -875
1911 237
1908 -1595
1905 -1548
1902 -1726
1899 -104
1896 1968
1893 142
1890 244
1887 1248
1884 952
1881 198
1878 1804
1875 1595
1872 -1345
1869 141
1866 -667
1863 -57
1860 -745
1857 932
1854 -198
1851 1020
1848 1431
1845 2021
1842 298
1839 -555
1836 -260
1833 1983
1830 1689
1827 606
1824 536
1821 1786
1818 -375
1815 -365
1812 477
1809 -367
1806 1597
1803 1185
1800 -902
1797 94
1794 710
1791 1065
1788 -684
1785 -1441
1782 239
1779 -1174
1776 1939
1773 1377
1770 1018
1767 1006
1764 163
1761 -1752
1758 1198
1755 930
1752 -266
1749 1885
1746 -1894
1743 1060
1740 1631
1737 -1340
1734 99
1731 -396
1728 157
1725 1856
1722 680
1719 -1100
1716 853
1713 -1490
1713 BOTTOMOFSTACK

2046 312
2043 1926
2040 249
2037 2037
2034 -1346
2031 -1039
2028 -1885
2025 1053
2022 1271
2019 1087
2016 69
2013 -563
2010 -850
2007 -396
2004 1195
2001 -1837
1998 -757
1995 -1789
1992 -1808
1989 -785
1986 886
1983 -1835
1980 1740
1977 -868
1974 178
1971 -648
1971 BOTTOMOFSTACK

