2010 422
2007 732
2004 1534
2001 24
1998 1998
1995 1762
1992 -757
1989 -745
1986 708
1983 1459
1980 1481
1977 1873
1974 1779
1971 1259
1968 1595
1965 1432
1962 -1003
1959 1963
1956 -1238
1953 1813
1950 -1245
1947 358
1944 491
1941 -1236
1938 1004
1935 1019
1932 1797
1929 -556
1926 1203
1923 -1444
1920 1947
1917 613
1914 599
1911 20
1908 1695
1905 -1746
1902 -1739
1899 -346
1896 333
1893 -283
1890 302
1887 -931
1884 1409
1881 -835
1878 126
1875 1097
1872 532
1869 1135
1866 -1867
1863 -1393
1860 -9
1857 244
1854 -1781
1851 -527
1848 438
1845 -1845
1842 1121
1839 -484
1836 2038
1833 597
1830 -936
1827 210
1824 -1773
1821 748
1818 -1383
1815 -1578
1812 1689
1809 1993
1806 -1437
1803 -1093
1800 -1179
1797 1529
1794 -75
1791 1113
1788 -232
1785 -142
1782 -1668
1779 1152
1776 730
1773 -130
1770 -1629
1767 -83
1764 1248
1761 -1739
1758 134
1755 1522
1752 -3
1749 -434
1746 -1920
1743 -1028
1740 -960
1737 145
1734 473
1731 921
1728 -1782
1725 107
1722 -1348
1719 -1511
1719 BOTTOMOFSTACK

2046 192
2043 1394
2040 1491
2037 204
2034 2034
2031 849
2028 1659
2025 904
2022 -1140
2019 -749
2016 -768
2013 272
2010 1900
2007 -701
2004 1885
2001 838
1998 274
1995 1262
1992 -587
1989 -1726
1986 615
1983 1333
1980 -762
1977 -124
1974 -44
1971 -300
1968 -1764
1965 1304
1962 -1821
1959 1554
1956 1644
1953 1214
1950 -1632
1947 -729
1944 150
1941 -555
1938 -1290
1935 -2042
1932 985
1929 -841
1926 -106
1923 1633
1920 1408
1917 200
1914 -249
1911 -728
1908 -132
1905 -737
1902 344
1899 1090
1896 -463
1893 858
1890 1575
1887 -570
1884 -620
1881 1402
1878 1081
1875 -1003
1872 -1006
1869 1406
1866 -501
1863 -275
1860 -1583
1857 1067
1854 -1521
1851 436
1848 1673
1845 877
1842 -1987
1839 1908
1836 -293
1833 1650
1830 134
1827 1353
1824 -431
1821 -1286
1818 1042
1815 -2043
1812 -530
1809 -1624
1806 -1476
1803 -621
1800 775
1797 1694
1794 1220
1791 1246
1788 -1091
1785 -1525
1782 1614
1779 1161
1776 -1421
1773 -64
1770 617
1767 -300
1764 1353
1761 397
1758 -377
1755 -1918
1752 345
1749 1279
1746 -1230
1743 200
1740 -190
1737 -1804
1734 -1946
1731 659
1728 1466
1725 -1080
1722 1497
1719 -972
1716 1036
1713 -1698
1710 57
1707 1342
1704 635
1701 492
1698 1652
1695 -875
1692 -917
1689 -1732
1686 -843
1683 1257
1680 9
1677 964
1674 424
1671 1292
1668 -600
1665 -878
1662 -1721
1659 1516
1656 1506
1653 1144
1650 -1039
1647 -1091
1644 1512
1641 2036
1638 1726
1635 599
1632 609
1629 -842
1626 613
1623 -1916
1620 -683
1617 -708
1614 1144
1611 -338
1608 432
1605 -1308
1602 729
1599 -68
1596 1104
1593 -1610
1590 -571
1587 304
1584 165
1581 64
1578 -762
1575 198
1572 -977
1569 -845
1566 1450
1563 503
1560 520
1557 -1193
1554 -557
1551 402
1548 999
1545 1355
1542 -841
1539 -405
1536 1491
1533 -1788
1530 1640
1527 -521
1524 1350
1521 -1062
1518 -706
1515 1737
1512 -1338
1509 67
1506 1993
1503 -129
1500 -1174
1497 -277
1494 945
1491 798
1488 31
1485 -1489
1485 BOTTOMOFSTACK

2022 426
2019 666
2016 312
2013 925
2010 375
2007 2007
2004 -391
2001 -1879
1998 -565
1995 1213
1992 -1128
1989 1092
1986 717
1983 445
1980 -230
1977 813
1974 1428
1971 195
1968 1952
1965 742
1962 -1932
1959 1157
1956 -1670
1953 -1248
1950 -557
1947 -37
1944 1515
1941 1645
1938 -1407
1935 494
1932 -1895
1929 1540
1926 84
1923 1029
1920 767
1917 -331
1914 1467
1911 854
1908 110
1905 -593
1902 1617
1899 -320
1896 -198
1893 623
1890 -1809
1887 -1280
1884 1883
1881 -1573
1878 -1208
1875 -776
1872 -1885
1869 1186
1866 1632
1863 -510
1860 -1453
1857 -1595
1854 1630
1851 -764
1848 -1934
1845 -389
1842 -1639
1839 1565
1836 1714
1833 899
1830 -705
1827 1169
1824 -864
1821 434
1818 314
1815 -450
1812 -1498
1809 -427
1806 -563
1803 -18
1800 625
1797 927
1794 -1122
1791 -1995
1788 -643
1785 3
1782 -1948
1779 -1633
1776 154
1773 432
1770 -1776
1767 -710
1764 -1767
1761 -605
1758 1563
1755 -341
1752 -817
1749 732
1746 1025
1743 -406
1740 1404
1737 642
1734 -1134
1731 1873
1728 936
1725 -579
1722 269
1719 982
1716 -1052
1713 331
1710 -1201
1707 -924
1704 -1270
1701 1007
1698 0
1695 -705
1692 -939
1689 -755
1686 1772
1683 -115
1680 1110
1677 -1729
1674 -933
1671 -618
1668 1613
1665 1591
1662 1626
1659 1099
1656 -1280
1653 -226
1650 -1382
1647 -777
1644 1757
1641 1441
1638 684
1635 230
1632 440
1629 -1294
1626 -136
1623 -1401
1620 -687
1617 -1577
1614 -1156
1611 1661
1608 -245
1605 -625
1602 480
1599 -576
1596 -446
1593 829
1590 -1466
1587 46
1584 -503
1581 9
1578 1884
1575 822
1572 -1530
1569 -375
1566 1566
1563 1474
1560 1710
1557 0
1554 -942
1551 73
1548 -1791
1545 2038
1542 -1108
1539 1335
1536 -337
1533 -462
1530 911
1527 -1566
1524 -766
1521 1752
1518 -1214
1515 20
1512 -1759
1509 1997
1506 245
1503 1768
1500 1621
1497 -1534
1494 1221
1491 -1338
1488 1552
1485 -1105
1482 -562
1479 1350
1476 1499
1473 -963
1470 1580
1467 1384
1464 -1017
1461 660
1458 1614
1455 -111
1452 1549
1449 -831
1446 721
1443 -1030
1440 -403
1437 1179
1434 1427
1431 1275
1428 1492
1425 -62
1422 1718
1419 -655
1416 -617
1413 -1095
1410 1132
1407 -1490
1404 -1075
1401 576
1398 -85
1395 1298
1392 484
1389 -1981
1386 1984
1383 -81
1380 1643
1377 670
1374 1336
1371 1823
1368 -1615
1365 1670
1362 -1018
1359 -71
1356 -1655
1353 386
1350 1799
1347 1229
1344 -540
1341 1103
1338 1094
1335 1305
1332 1231
1329 402
1326 585
1323 1507
1320 -1517
1317 1182
1314 1823
1311 -1842
1308 -1365
1305 -1353
1302 1538
1302 BOTTOMOFSTACK

2022 1877
2019 1338
2016 651
2013 549
2010 2010
2007 1551
2004 1143
2001 -1412
1998 1887
1995 852
1992 -1197
1989 -1469
1986 1786
1983 566
1980 -804
1977 1976
1974 2011
1971 -972
1968 897
1965 -1042
1962 -1882
1959 1343
1956 1182
1953 -46
1950 713
1947 367
1944 -1657
1941 -1049
1938 929
1935 1953
1932 1611
1929 789
1926 1440
1923 -109
1920 2046
1917 2010
1914 283
1911 -1297
1908 -378
1905 -1331
1902 417
1899 423
1899 BOTTOMOFSTACK

2046 215
2043 104
2040 1668
2037 720
2034 2034
2031 1462
2028 786
2025 1390
2022 1894
2019 1010
2016 1172
2013 -1979
2010 1629
2007 1425
2004 -1831
2001 -945
1998 1657
1995 1949
1992 647
1989 691
1986 -1843
1983 372
1980 -368
1977 -1706
1974 1228
1971 -1912
1968 -1391
1965 1921
1962 1909
1959 -93
1956 -1146
1953 -1534
1953 BOTTOMOFSTACK

2022 274
2019 541
2016 346
2013 885
2010 2010
2007 -895
2004 1938
2001 -1686
1998 239
1995 1777
1992 -1294
1989 1537
1986 -1022
1983 1475
1980 -828
1977 -1530
1977 BOTTOMOFSTACK

2046 1476
2043 1993
2040 1086
2037 2037
2034 1186
2031 -1790
2028 -1626
2025 516
2022 1610
2019 410
2016 1112
2013 1643
2010 2041
2007 -1786
2004 -1848
2001 1397
1998 -1852
1995 632
1992 379
1989 1589
1986 1315
1983 1462
1980 -1854
1977 894
1974 -1255
1971 1695
1968 -170
1965 678
1962 354
1959 -148
1956 -396
1953 -1562
1950 1036
1947 1309
1944 1250
1941 780
1938 1167
1935 -365
1932 -1655
1929 1660
1926 1182
1923 1367
1920 1195
1917 1077
1914 1067
1911 1617
1908 -1023
1905 -735
1902 -1664
1899 -2027
1896 -407
1893 421
1890 -87
1887 350
1884 -1255
1881 1609
1878 -42
1875 1940
1872 1249
1869 1842
1866 -20
1863 -1936
1860 4
1857 1834
1854 1797
1851 751
1848 165
1845 1952
1842 1762
1839 428
1836 1456
1833 771
1830 -881
1827 1805
1824 -1617
1821 -1212
1818 -795
1815 -1172
1812 -1739
1809 1646
1806 -705
1803 -202
1800 -1090
1797 -1775
1794 1948
1791 1328
1788 1876
1785 618
1782 -1343
1779 -1591
1776 68
1773 348
1770 1682
1767 879
1764 922
1761 -1937
1758 -1821
1755 -1236
1752 -974
1749 -1102
1746 -21
1743 1328
1740 683
1737 -870
1734 -583
1731 18
1728 -1649
1725 -1697
1722 -334
1719 1467
1716 -489
1713 -153
1710 174
1707 -1256
1704 2000
1701 -840
1698 0
1695 -439
1692 -393
1689 -1540
1686 -44
1683 -944
1680 -441
1677 -646
1674 238
1671 1451
1668 -1081
1665 542
1662 0
1659 -537
1656 2006
1653 -515
1650 754
1647 -1743
1644 -758
1641 -1407
1638 1226
1635 -715
1632 1624
1629 -1260
1626 1484
1623 -1894
1620 1607
1617 -1164
1614 1956
1611 1248
1608 356
1605 -504
1602 909
1599 -1408
1596 104
1593 652
1590 -467
1587 -1216
1584 -220
1581 -720
1578 633
1575 192
1572 430
1569 1337
1566 -1265
1563 883
1560 -1643
1557 387
1554 2002
1551 -18
1548 -1709
1545 1211
1542 -173
1539 -11
1536 1205
1533 -426
1530 203
1527 -1396
1524 384
1521 374
1518 -1213
1515 723
1512 -369
1509 1709
1506 1933
1503 -2037
1500 -1011
1497 114
1494 2001
1491 -1067
1488 782
1485 1628
1482 1659
1479 44
1476 -2004
1473 9
1470 -208
1467 570
1464 1968
1461 -510
1458 144
1455 -963
1452 347
1449 305
1446 1679
1443 935
1440 -612
1437 -1779
1434 228
1431 1838
1428 555
1425 -921
1422 549
1419 -349
1416 -1317
1413 -774
1410 1356
1407 -96
1404 427
1401 -1509
1398 254
1395 1844
1392 361
1389 759
1386 191
1383 1401
1380 -380
1377 1959
1374 1889
1371 1044
1368 -863
1365 -1682
1362 1658
1359 1538
1356 968
1353 626
1350 -1709
1347 -395
1347 BOTTOMOFSTACK

2043 1828
2040 1322
2037 1385
2034 1382
2031 1284
2028 2028
2025 0
2022 -381
2019 254
2016 -145
2013 -134
2010 1586
2007 -195
2004 581
2001 -1159
1998 378
1998 BOTTOMOFSTACK

