2004 556
2001 1463
1998 16
1995 1995
1992 -1516
1989 -856
1986 -629
1986 BOTTOMOFSTACK

2043 821
2040 616
2037 1728
2034 2035
2031 204
2028 2028
2025 1458
2022 -425
2019 1260
2016 -481
2013 521
2010 925
2007 -1786
2004 -389
2001 378
1998 58
1995 2017
1992 -433
1989 -1248
1986 -711
1983 1486
1980 1352
1977 -705
1974 -1481
1971 433
1968 -1300
1965 1645
1962 1463
1959 -1565
1956 814
1953 1461
1950 112
1947 -1608
1944 -1636
1941 132
1938 587
1935 498
1932 -395
1929 -1077
1926 794
1923 1868
1920 -233
1917 -956
1914 1369
1911 1195
1908 405
1905 714
1902 234
1899 -61
1896 905
1893 408
1890 -1707
1887 1092
1884 -145
1881 -1871
1878 -450
1875 -972
1872 -1299
1869 -1742
1866 -1967
1863 1114
1860 1432
1857 -304
1854 -1243
1851 -1788
1848 -1135
1845 1538
1842 -1421
1839 -775
1836 -536
1833 1725
1830 -128
1827 953
1824 -1103
1821 334
1818 -151
1815 1622
1812 -1842
1809 860
1806 -1016
1803 -368
1800 -666
1797 1413
1794 1714
1791 1467
1788 -740
1785 1774
1782 140
1779 17
1776 652
1773 -1696
1770 1591
1767 -1272
1764 547
1761 1707
1758 -1486
1755 1704
1752 -310
1749 471
1746 1476
1743 -724
1740 751
1737 -1127
1734 -1302
1731 1953
1728 -1357
1725 -919
1722 559
1719 -55
1716 -531
1713 -1598
1710 533
1707 1659
1704 -368
1701 872
1698 76
1695 1157
1692 -664
1689 1502
1686 182
1686 BOTTOMOFSTACK

2031 721
2028 1195
2025 1429
2022 384
2019 2019
2016 1428
2013 -1122
2010 -1734
2007 1694
2004 945
2001 834
1998 1235
1995 1437
1992 -773
1989 -649
1986 1972
1983 -2043
1980 -753
1977 -643
1974 -675
1971 -554
1968 126
1965 922
1962 -1111
1959 674
1956 -225
1953 -1982
1950 -917
1947 -381
1944 138
1941 -1253
1938 780
1935 829
1932 -102
1929 219
1926 -1345
1923 -1617
1923 BOTTOMOFSTACK

