2055 639
2052 1495
2049 1006
2046 810
2043 19
2040 2040
2037 1850
2034 -55
2031 1279
2028 -1190
2025 -1906
2022 -1408
2019 1601
2016 -463
2013 -14
2010 1194
2007 -1904
2004 354
2001 -430
1998 -32
1995 1839
1992 334
1989 -1735
1986 -1714
1983 -967
1980 -673
1977 353
1974 1031
1971 225
1968 -541
1965 -1357
1962 639
1959 124
1956 -1896
1953 1526
1950 1830
1947 1296
1944 -693
1941 -439
1938 259
1935 -1108
1932 -743
1929 363
1926 -240
1923 -889
1920 -1762
1917 1327
1914 -1415
1911 1057
1908 -1429
1905 1627
1902 368
1899 -1218
1896 1241
1893 0
1890 229
1887 -714
1884 1792
1881 -838
1878 -1194
1875 882
1872 1652
1869 413
1866 -1767
1863 -1577
1860 -37
1857 -1093
1854 -1362
1851 1236
1848 -738
1845 1119
1842 -631
1839 -609
1836 -660
1833 -1480
1830 1219
1827 -843
1824 -1895
1821 1334
1818 -1669
1815 1647
1812 -1136
1809 1043
1806 -1462
1803 -1517
1800 802
1797 1122
1794 654
1791 -787
1788 1080
1785 1099
1782 1257
1779 1759
1776 9
1773 -46
1770 1323
1767 -528
1764 -258
1761 -571
1758 257
1755 1958
1752 -54
1749 -1535
1746 661
1743 1428
1740 604
1737 1038
1734 -629
1731 1257
1728 -1812
1725 1872
1722 561
1719 350
1716 741
1713 -1986
1710 -91
1707 1449
1704 -1040
1701 1624
1698 -1454
1695 -54
1692 -837
1689 446
1686 1690
1683 -1512
1680 -1756
1677 -1508
1674 1579
1671 -1762
1668 -1554
1665 987
1662 -548
1659 -1615
1656 1708
1653 -279
1650 -1894
1647 -143
1644 18
1641 1481
1638 -1571
1635 492
1632 1554
1629 -1306
1626 1868
1623 -1569
1620 719
1617 900
1614 -733
1611 -958
1608 1144
1605 1007
1602 -1370
1599 -1536
1596 583
1593 1803
1590 -1532
1587 718
1584 -618
1581 -517
1578 -1740
1575 -1761
1572 927
1569 67
1566 -515
1563 -1888
1560 -1539
1557 628
1554 -1391
1551 540
1548 398
1545 -746
1542 1959
1539 1509
1536 -832
1533 -552
1530 -146
1527 -1723
1524 237
1521 509
1518 -1567
1515 -440
1512 923
1512 BOTTOMOFSTACK

2019 1014
2016 1473
2013 530
2010 210
2007 2007
2004 200
2001 -1464
1998 978
1995 1416
1992 -1376
1989 581
1986 -482
1983 -1078
1980 1463
1977 -2043
1974 -236
1971 238
1968 1430
1965 -469
1962 -727
1959 -1001
1956 -339
1953 543
1950 -2046
1947 752
1944 -1038
1941 1445
1938 -1886
1935 -558
1932 -1190
1929 585
1926 -1056
1923 -220
1920 -1010
1917 -973
1914 1535
1911 -1926
1911 BOTTOMOFSTACK

2016 1194
2013 1282
2010 1238
2007 384
2004 2004
2001 519
1998 1254
1995 -1200
1992 -1702
1989 335
1986 1267
1983 -1589
1980 -1302
1977 614
1974 -1641
1971 -840
1968 914
1965 -1630
1962 1905
1959 -152
1956 809
1953 160
1950 -1800
1947 14
1944 -584
1941 -1614
1938 -910
1935 -1053
1932 -1312
1929 807
1926 1614
1923 1649
1920 -366
1917 715
1914 1697
1911 654
1908 535
1905 -1763
1902 -315
1899 0
1896 -1255
1893 604
1890 -1676
1887 1914
1884 1911
1881 -1850
1878 -523
1875 11
1872 -1449
1869 1466
1866 -620
1863 893
1860 -861
1857 109
1854 -485
1851 304
1848 1646
1845 -577
1842 23
1839 -1239
1836 -1726
1833 -1375
1830 584
1827 147
1824 1183
1821 -214
1818 1028
1815 -1021
1812 2023
1809 1505
1806 -1297
1803 -1049
1800 37
1797 -972
1794 1948
1791 -2013
1788 1750
1785 1633
1785 BOTTOMOFSTACK

2016 1979
2013 1837
2010 552
2007 2007
2004 -1053
2001 -1327
1998 -1559
1995 -1080
1992 1699
1989 -1298
1986 1939
1983 -918
1980 947
1977 -422
1974 1421
1971 93
1968 -333
1965 -1059
1962 1298
1959 1234
1956 -666
1953 767
1950 1239
1947 -1619
1944 -1630
1941 121
1938 -44
1935 1071
1932 -1968
1929 1916
1926 -608
1923 338
1920 765
1917 -687
1914 1712
1911 -1728
1908 1582
1905 -713
1902 1729
1899 795
1896 446
1893 -919
1890 -732
1887 1146
1884 1077
1881 169
1878 1923
1875 895
1872 362
1869 787
1866 964
1863 1774
1860 919
1857 -2047
1854 -1591
1851 1461
1848 1131
1845 -1692
1842 1164
1839 103
1836 1581
1833 1263
1830 765
1827 -166
1824 -1906
1821 -1868
1818 1557
1818 BOTTOMOFSTACK

2040 236
2037 543
2034 399
2031 589
2028 723
2025 2025
2022 0
2019 495
2016 1972
2013 -896
2010 -759
2007 1032
2004 -480
2001 1598
1998 1173
1995 1986
1992 -930
1989 -1590
1986 -872
1983 104
1980 1843
1977 -602
1974 -818
1971 343
1968 -895
1965 1935
1962 -778
1959 -1171
1956 269
1953 190
1950 -1122
1947 906
1944 838
1941 -1041
1938 -1920
1935 -334
1932 -1704
1929 -50
1926 340
1923 1037
1920 1494
1917 817
1914 643
1911 1862
1908 -840
1905 -913
1902 -1347
1899 -343
1896 1250
1893 1572
1890 819
1887 72
1884 -1897
1881 -70
1878 551
1875 980
1872 -690
1872 BOTTOMOFSTACK

2022 754
2019 439
2016 793
2013 909
2010 2010
2007 -889
2004 1904
2001 -1709
1998 1809
1995 -1854
1992 384
1989 -1695
1986 1763
1983 -1652
1980 610
1977 251
1974 1411
1971 -2027
1968 1647
1965 -1010
1962 -1267
1959 580
1956 1698
1953 -1235
1950 -937
1947 -1701
1944 2018
1941 1979
1938 -1253
1935 -548
1932 -1699
1929 855
1926 -1068
1923 -1601
1920 -1962
1917 -36
1914 384
1911 -177
1908 -1942
1905 22
1902 369
1899 -940
1896 -255
1893 1687
1893 BOTTOMOFSTACK

2019 1789
2016 1080
2013 2013
2010 537
2007 -2016
2004 155
2001 1177
1998 576
1995 -805
1992 -737
1989 332
1986 -891
1983 1993
1980 1012
1977 -1017
1974 1672
1971 -550
1968 1914
1965 -697
1962 1084
1959 1128
1956 304
1953 1735
1950 1260
1947 269
1944 -749
1941 1862
1938 1054
1935 542
1932 -1559
1929 1796
1926 1293
1923 1142
1920 809
1917 2017
1914 -121
1911 -712
1908 6
1905 805
1902 1315
1899 -1396
1896 523
1893 -886
1890 -311
1890 BOTTOMOFSTACK

