2037 1119
2034 21
2031 2031
2028 1996
2025 -625
2022 1907
2019 1676
2016 -715
2013 289
2010 -1318
2007 -1716
2004 1716
2001 -454
1998 -1840
1995 -1496
1992 1328
1989 -1678
1986 1478
1983 955
1980 -190
1977 1051
1974 -1417
1971 41
1968 1112
1965 -861
1962 1201
1959 -678
1956 725
1953 -2044
1950 70
1947 1923
1944 -539
1941 -1997
1938 -1930
1935 1709
1932 91
1929 1399
1926 -1304
1923 -1474
1920 -1349
1917 -775
1914 1132
1911 486
1908 1129
1905 -748
1902 455
1899 -1480
1896 -100
1893 968
1890 -1394
1887 -2019
1884 398
1881 -1937
1878 -1253
1875 828
1872 -140
1869 1401
1866 106
1863 1047
1860 -1274
1857 -1396
1854 352
1851 -1826
1848 388
1845 -2020
1842 1403
1839 -1608
1836 -812
1833 -996
1830 1055
1827 -799
1824 1975
1821 59
1818 -1410
1815 287
1812 1989
1809 536
1806 -1238
1803 931
1800 -1391
1797 366
1794 -903
1791 -1913
1788 925
1785 1547
1782 -1333
1779 -114
1776 205
1773 -617
1770 -855
1767 1370
1764 0
1761 -1302
1758 1567
1755 -1204
1752 -1214
1749 1196
1746 -982
1743 -578
1740 1535
1737 1841
1734 441
1731 1132
1728 40
1725 454
1722 1912
1719 1079
1716 -525
1713 103
1710 1813
1707 -599
1704 1963
1701 492
1698 1772
1695 -1481
1692 -1027
1689 1108
1686 467
1683 1022
1680 -1477
1677 1071
1674 -50
1671 886
1668 -82
1665 -988
1662 -455
1659 -607
1656 0
1653 1044
1650 -299
1647 300
1644 1188
1641 -1247
1638 1892
1635 -1962
1632 446
1629 484
1626 -1357
1623 1475
1620 1429
1617 75
1614 672
1611 -1971
1608 1672
1605 1839
1602 1189
1599 262
1596 -533
1593 -1618
1590 1307
1587 893
1584 196
1581 429
1578 1839
1575 920
1572 -511
1569 906
1566 -1325
1563 -1446
1560 536
1557 1614
1554 -320
1551 1399
1548 1204
1545 -253
1542 -494
1539 1799
1536 1406
1533 1110
1530 1421
1527 -568
1524 972
1521 620
1518 1623
1515 -1785
1512 -497
1509 -291
1506 -760
1503 1728
1500 836
1497 1718
1494 -800
1491 -1944
1488 -144
1485 997
1482 -1978
1479 -1573
1476 -841
1473 -625
1470 -1154
1467 1252
1464 -516
1461 -1291
1458 -72
1455 4
1452 1172
1449 332
1446 -1400
1443 316
1440 -1890
1437 1442
1434 702
1431 528
1428 -390
1425 1271
1422 -1582
1419 1335
1416 -475
1413 -1404
1410 1557
1407 1410
1404 1494
1401 1668
1398 -1273
1395 637
1392 500
1389 -189
1386 -440
1383 -673
1380 1812
1377 -1881
1374 1361
1371 76
1368 -1200
1365 1372
1362 1001
1359 -1732
1356 423
1353 1579
1350 -811
1347 1188
1344 -1862
1341 51
1338 -1866
1335 204
1332 1326
1329 -140
1326 -2026
1323 -438
1320 1920
1317 181
1314 -1537
1311 -1384
1308 121
1305 711
1302 -603
1299 792
1296 145
1293 -220
1290 909
1287 1487
1284 -1442
1281 593
1278 486
1275 -1196
1272 1638
1269 882
1266 -2004
1263 -758
1260 -912
1257 1914
1254 1790
1251 762
1248 1623
1245 1127
1242 -872
1239 -1013
1236 -1354
1233 483
1230 -1770
1227 -61
1224 1625
1221 1555
1218 829
1218 BOTTOMOFSTACK

2025 1105
2022 93
2019 210
2016 2016
2013 547
2010 -912
2007 -89
2004 507
2001 -1309
1998 452
1995 1498
1992 1910
1989 640
1986 306
1983 1436
1980 1766
1977 -360
1974 -757
1971 -1321
1968 -1094
1965 1386
1962 -1593
1959 -394
1956 -1050
1953 -1021
1950 339
1947 -1210
1944 -215
1941 -515
1938 49
1935 -570
1932 1120
1929 -680
1926 790
1923 -1996
1920 1603
1917 1361
1914 1647
1911 -1569
1908 -1718
1905 -1815
1902 171
1899 -794
1896 -839
1893 975
1890 -1977
1887 -324
1884 1131
1881 -57
1878 1823
1875 -1492
1872 -1574
1869 -1983
1866 -1519
1863 236
1860 -726
1857 1070
1854 19
1851 -900
1848 1910
1845 -1786
1842 1362
1839 1633
1836 1346
1833 842
1830 1571
1827 356
1824 -1666
1821 950
1818 1685
1815 1039
1812 659
1809 1940
1806 -804
1803 0
1800 1497
1797 -1017
1794 -924
1791 -465
1788 2032
1785 480
1782 -141
1779 -50
1776 -1185
1773 -1823
1770 -551
1767 -1278
1764 -416
1761 1241
1758 -411
1755 -267
1752 1018
1749 -1859
1746 154
1743 -1331
1740 -2031
1737 704
1734 704
1731 -42
1728 -1309
1725 234
1722 9
1719 -1081
1716 302
1713 -691
1710 994
1707 1570
1704 -758
1701 -220
1698 -19
1695 313
1692 -2016
1689 -891
1686 -29
1683 1313
1680 -1255
1677 -1934
1674 -1251
1671 -547
1668 -855
1665 -1703
1662 -1926
1659 887
1656 1813
1653 136
1650 1125
1647 -16
1644 -704
1641 781
1638 -1944
1635 746
1632 -1202
1629 -302
1626 85
1623 778
1620 1891
1617 -297
1614 -1150
1611 -953
1608 1934
1605 1752
1602 752
1599 -1088
1596 1336
1593 1759
1590 1533
1587 -1565
1584 -1388
1581 1604
1578 -1336
1575 1262
1572 -1386
1569 197
1566 -42
1563 497
1560 1230
1557 -461
1554 1828
1551 1466
1548 526
1545 337
1542 1503
1539 93
1536 -360
1533 -731
1530 -1318
1527 -1548
1524 -335
1521 104
1518 28
1515 1669
1512 824
1509 172
1506 -1064
1503 1543
1500 599
1497 -1713
1494 -219
1491 -132
1488 -1262
1485 -1585
1482 1504
1479 242
1476 -622
1473 367
1470 0
1467 -606
1464 -1826
1461 -825
1458 421
1455 1299
1455 BOTTOMOFSTACK

