2037 1778
2034 1147
2031 39
2028 2028
2025 1354
2022 -1099
2019 -218
2016 1717
2013 -1230
2010 1796
2007 -407
2004 -1696
2001 291
1998 1305
1995 -870
1992 -1951
1989 1768
1986 -408
1983 -1055
1980 -1894
1977 -1706
1974 -1380
1971 244
1968 -44
1965 416
1962 -235
1959 1480
1956 284
1953 -374
1950 -332
1947 532
1944 -245
1941 -1459
1938 0
1935 387
1932 -1311
1929 -519
1926 -1649
1923 -732
1920 -1905
1917 -183
1914 1978
1911 1514
1908 403
1905 916
1902 -330
1899 1048
1896 1273
1893 -1893
1890 1654
1887 -1808
1884 1275
1881 -578
1878 -1256
1875 -1376
1872 -235
1869 -436
1866 -598
1863 -372
1860 -569
1857 -1334
1854 -694
1851 -1251
1848 1919
1845 -146
1842 507
1839 -1458
1836 -349
1833 737
1830 -1640
1827 536
1824 1833
1821 -33
1818 2037
1815 1217
1812 -949
1809 1017
1806 1766
1803 -1372
1800 -331
1797 -25
1794 -1513
1791 1205
1788 1767
1785 -1018
1782 1565
1779 1519
1776 309
1773 -781
1770 680
1767 204
1764 -1901
1761 551
1758 -282
1755 -12
1752 -1989
1749 -705
1746 -1990
1743 624
1740 447
1737 259
1734 -1246
1731 779
1728 -1046
1725 -345
1722 -1517
1719 -117
1716 1703
1713 1286
1710 -1318
1707 -240
1704 -1590
1701 -1220
1698 -872
1695 -674
1692 -51
1689 -884
1686 1193
1683 562
1680 -473
1677 -1522
1674 -495
1671 1086
1668 -1660
1665 -1166
1662 477
1659 -1380
1656 -1058
1653 -1405
1650 -1251
1647 1645
1644 -1155
1641 -1459
1638 -1588
1635 249
1632 -1269
1629 1967
1626 -431
1623 1295
1620 -593
1617 1981
1614 -1297
1611 -1520
1608 -58
1605 372
1602 1420
1599 544
1596 1455
1593 -1566
1590 1321
1587 1904
1584 1842
1581 -331
1578 1602
1575 -1012
1572 1519
1569 1369
1566 1010
1563 1216
1560 -2013
1557 1425
1554 -331
1551 -269
1548 -273
1545 495
1542 670
1539 312
1536 967
1533 -1960
1530 -415
1527 -452
1524 811
1521 -1008
1518 -635
1515 794
1512 1467
1509 -464
1506 871
1503 255
1500 1144
1500 BOTTOMOFSTACK

2007 194
2004 650
2001 192
1998 1998
1995 0
1992 1386
1989 1499
1986 1554
1983 -91
1980 -1248
1977 -901
1974 -407
1971 300
1968 -533
1965 -729
1962 -1573
1959 -1025
1956 820
1953 1728
1950 -1548
1947 1328
1944 727
1941 -152
1938 -111
1935 809
1932 641
1929 -246
1926 1528
1923 -94
1920 1099
1917 1374
1914 1776
1911 562
1908 103
1905 1298
1902 -804
1899 -1590
1896 -1032
1893 -674
1890 1917
1887 1918
1884 -423
1884 BOTTOMOFSTACK

2013 539
2010 22
2007 357
2004 2004
2001 0
1998 1799
1995 -2002
1992 -433
1989 -23
1986 -1747
1983 1844
1980 1383
1977 -327
1974 415
1971 0
1968 155
1965 -583
1962 -660
1959 -1895
1956 -612
1953 -1418
1950 1031
1947 -1382
1944 -1370
1941 1095
1938 -415
1935 -842
1932 -746
1929 -816
1926 -678
1923 167
1920 918
1917 231
1914 1372
1911 -1620
1908 -1292
1905 575
1902 -150
1899 1283
1896 1818
1893 -823
1890 1834
1887 789
1884 1511
1881 -1032
1878 -1078
1875 1540
1872 1716
1869 -248
1866 679
1863 -1378
1860 653
1857 1864
1854 1915
1851 -701
1848 -206
1845 -674
1842 1242
1839 713
1836 1077
1833 -1237
1830 555
1827 621
1824 1797
1821 705
1818 711
1815 -1062
1812 2028
1809 336
1806 -1552
1803 1502
1800 777
1797 -827
1794 438
1791 -996
1788 1421
1785 -1163
1782 210
1779 -1307
1776 -1363
1773 -1139
1770 -1278
1767 724
1764 296
1761 2026
1758 -1343
1755 521
1752 347
1749 -552
1746 -309
1743 1261
1740 415
1737 -176
1734 -1695
1731 -902
1728 -640
1725 -310
1722 -1109
1719 100
1716 -834
1713 983
1710 836
1707 914
1704 693
1701 1383
1698 -501
1695 302
1692 646
1689 865
1686 -1823
1683 1766
1680 1121
1677 1652
1674 -1994
1671 -1966
1668 -666
1665 -167
1662 -354
1659 279
1656 1176
1653 342
1650 -1068
1647 -1973
1644 -589
1641 -1050
1638 118
1635 -1896
1632 -1445
1629 -1706
1626 -179
1623 1712
1620 1360
1617 1348
1614 -65
1611 -1665
1608 1748
1605 -110
1602 -1365
1599 1191
1596 1661
1593 -1311
1590 329
1587 1124
1584 1963
1581 1603
1578 -81
1575 1197
1572 1102
1569 -1693
1566 0
1563 -105
1560 583
1557 -108
1554 1303
1551 1945
1548 1979
1545 -1655
1542 -843
1539 -755
1539 BOTTOMOFSTACK

2007 1837
2004 1491
2001 1663
1998 552
1995 1995
1992 570
1989 1259
1986 1640
1983 1956
1980 -1700
1977 -1095
1974 -653
1971 -1563
1968 1155
1965 730
1962 1619
1959 321
1956 -1200
1953 -492
1950 81
1947 1496
1944 -948
1941 -337
1938 849
1935 1908
1932 386
1929 1138
1926 -2040
1923 -1073
1920 1545
1917 921
1914 -128
1911 -615
1908 -275
1905 -1774
1905 BOTTOMOFSTACK

2016 735
2013 1928
2010 938
2007 750
2004 2004
2001 0
1998 -1001
1995 1726
1992 1745
1989 -2005
1986 1287
1983 923
1980 1853
1977 803
1974 542
1971 -779
1968 -1465
1965 931
1962 97
1959 -1486
1956 1766
1953 -2032
1950 -381
1947 -1738
1944 120
1941 -596
1938 1657
1935 1190
1932 831
1929 1568
1926 179
1923 -128
1920 416
1917 -988
1914 1155
1911 -159
1908 -1743
1905 -854
1902 -285
1899 -225
1896 -282
1896 BOTTOMOFSTACK

2004 1545
2001 924
1998 1998
1995 778
1992 -1801
1989 -521
1986 819
1983 236
1980 1060
1977 -345
1974 -1491
1971 787
1968 -215
1965 -896
1962 -1456
1959 -1456
1956 1344
1953 1336
1950 1885
1947 -1389
1944 -747
1941 1860
1938 365
1935 893
1932 952
1929 1758
1926 1680
1923 -937
1920 1253
1917 -1144
1914 -714
1911 -1909
1908 639
1905 1103
1902 431
1899 1206
1896 1030
1893 179
1890 1197
1887 -15
1884 1700
1881 -305
1878 1855
1875 537
1872 1977
1869 -69
1866 1804
1863 -492
1860 1884
1857 -1866
1854 -1214
1851 -1926
1848 1060
1845 1563
1842 -1126
1839 1456
1836 818
1833 1700
1830 -719
1827 735
1824 1924
1821 184
1818 545
1815 -657
1812 977
1809 -1249
1806 -48
1803 1744
1800 -1221
1797 -337
1794 -1955
1791 1623
1788 -1229
1785 310
1782 -965
1779 -71
1776 -1187
1773 -131
1770 1595
1767 960
1764 -344
1761 -399
1758 -623
1755 -1431
1752 1426
1749 1552
1746 146
1743 -884
1740 -158
1737 1989
1734 1643
1731 554
1728 811
1725 -1064
1722 -304
1719 1379
1716 -1444
1713 -1821
1710 -1036
1710 BOTTOMOFSTACK

2037 1459
2034 30
2031 548
2028 1356
2025 1107
2022 2022
2019 -1111
2016 273
2013 -627
2010 1431
2007 1779
2004 1550
2001 1306
1998 1361
1995 -870
1992 -1220
1989 694
1986 -1844
1983 1618
1980 -1783
1977 -603
1974 1867
1971 -1383
1968 596
1965 -390
1962 -1059
1959 -1059
1959 BOTTOMOFSTACK

2010 1503
2007 1071
2004 1272
2001 2001
1998 1304
1995 -1247
1992 881
1989 -43
1986 1745
1983 -754
1980 230
1977 1699
1974 1178
1971 1329
1968 -2045
1965 242
1962 407
1959 347
1956 -249
1953 516
1950 1813
1947 -130
1944 1965
1941 -1370
1938 -81
1935 -1227
1932 1619
1929 423
1926 1071
1923 -571
1920 239
1917 1840
1914 -1417
1911 -1092
1908 1955
1905 -1015
1902 1148
1899 -1118
1896 1120
1893 439
1890 -2044
1887 923
1884 -1568
1881 1730
1878 -500
1875 300
1872 -1539
1869 -1012
1866 1424
1863 1480
1860 -1925
1857 1277
1854 -1411
1851 755
1848 1727
1845 -1299
1842 1048
1839 58
1836 -1055
1833 -949
1830 -49
1827 164
1824 457
1821 -1900
1818 702
1815 -932
1812 -599
1809 905
1806 120
1803 -771
1800 -621
1797 882
1794 -494
1791 -977
1788 391
1785 824
1782 75
1779 1762
1776 252
1773 544
1770 1453
1767 1530
1764 1178
1761 -757
1758 1405
1755 -1276
1752 1158
1749 -793
1746 -1526
1743 -1864
1740 1306
1737 1608
1734 1548
1731 -1458
1728 -1664
1725 1608
1722 1509
1719 -912
1716 231
1713 -1333
1710 -558
1707 1737
1704 854
1701 -576
1698 760
1695 -723
1692 767
1689 -1213
1686 942
1683 857
1680 -1357
1677 -1039
1674 -1059
1671 -216
1668 1144
1665 256
1662 122
1659 129
1656 -646
1653 967
1650 -1251
1647 -55
1644 1029
1641 1285
1638 -97
1635 1149
1632 -1886
1629 -93
1626 -920
1623 1433
1620 -556
1617 1357
1614 -814
1611 1522
1608 -1078
1605 1855
1602 -1403
1599 188
1596 -1896
1593 -1688
1590 1756
1587 544
1584 -1215
1581 452
1578 1646
1575 -975
1572 1525
1569 -1222
1566 -1702
1563 -1500
1560 1038
1557 -2028
1554 1861
1551 310
1548 -1211
1545 418
1542 1528
1542 BOTTOMOFSTACK

2055 138
2052 38
2049 543
2046 1764
2043 1446
2040 2040
2037 669
2034 411
2031 112
2028 -210
2025 -767
2022 -1320
2019 -1731
2016 1691
2013 -890
2010 -192
2007 -1912
2004 -537
2001 -862
1998 1859
1995 -679
1992 1323
1989 -1254
1986 1309
1983 -1935
1980 -1561
1977 460
1974 144
1974 BOTTOMOFSTACK

2040 1018
2037 1647
2034 2034
2031 0
2028 1515
2025 755
2022 -1565
2019 -1805
2016 533
2013 1402
2010 211
2007 -425
2004 -1477
2001 -440
1998 613
1995 734
1992 -704
1989 724
1986 1990
1983 -861
1980 -1067
1977 -1533
1974 7
1971 1317
1968 -1794
1965 -1327
1962 875
1959 -1825
1956 1532
1953 731
1950 0
1947 617
1944 -913
1941 -340
1938 1623
1935 2011
1932 -1569
1929 1026
1926 452
1923 -558
1920 -1818
1917 1102
1914 781
1911 214
1908 119
1905 -200
1902 1851
1899 -749
1896 -63
1893 1805
1890 -1798
1887 -1632
1884 551
1881 1968
1878 46
1875 -1114
1872 -280
1869 -1434
1866 353
1863 1307
1860 -208
1857 1865
1854 38
1851 196
1848 -774
1845 71
1842 -125
1839 -1006
1836 -1501
1833 59
1830 2024
1827 -872
1824 -1076
1821 9
1818 967
1815 1920
1812 -76
1809 -926
1806 -521
1803 261
1800 -867
1797 -1944
1794 1808
1791 375
1788 -772
1785 389
1782 503
1779 1802
1776 -1715
1773 -1650
1770 1274
1767 669
1764 266
1761 1497
1758 -529
1755 -1992
1752 -1919
1749 -118
1746 -1667
1743 -235
1740 1933
1737 1789
1734 -612
1731 -1059
1728 1357
1728 BOTTOMOFSTACK

