2037 1924
2034 1253
2031 745
2028 549
2025 25
2022 2022
2019 1062
2016 -1897
2013 -840
2010 171
2007 1511
2004 -613
2001 1532
1998 20
1995 925
1992 447
1989 -1341
1986 925
1983 -278
1980 1613
1977 395
1974 -859
1971 1795
1968 1824
1965 1550
1962 -381
1959 -1822
1956 1300
1953 -418
1950 -887
1947 -1122
1944 -1872
1941 108
1938 -1944
1935 1758
1935 BOTTOMOFSTACK

2010 1264
2007 424
2004 222
2001 2001
1998 1482
1995 -328
1992 -656
1989 1302
1986 712
1983 -102
1980 -444
1977 795
1974 -188
1971 1566
1968 -1349
1965 -1143
1962 -634
1959 1079
1956 1382
1953 -1404
1950 -951
1947 -706
1944 202
1941 1330
1938 -1013
1935 -856
1932 -1209
1929 461
1926 1815
1923 -1801
1920 1995
1917 2035
1914 1384
1911 816
1908 1432
1905 1623
1902 -1344
1899 -77
1896 1822
1893 1065
1890 -411
1887 -1120
1884 -1672
1881 1991
1878 418
1875 -1457
1872 1053
1869 -969
1866 41
1863 1272
1860 333
1857 725
1854 1467
1851 -567
1848 680
1845 -2000
1842 1199
1839 664
1836 -850
1833 -804
1830 912
1827 1331
1824 1158
1821 968
1818 70
1815 1025
1812 -1404
1809 453
1806 -341
1803 1491
1800 321
1797 1223
1794 -828
1791 394
1788 -1093
1785 1818
1782 -2013
1779 -1993
1776 -454
1773 1698
1770 1853
1767 1324
1764 -145
1761 1537
1758 1428
1755 -1658
1752 -274
1749 -781
1746 1491
1743 -1148
1740 -1154
1737 -39
1734 431
1731 344
1728 747
1725 -191
1722 -1523
1719 -137
1716 -735
1713 1037
1710 2022
1707 1800
1704 1979
1701 1131
1698 399
1695 1428
1692 241
1689 -1569
1686 -724
1683 45
1680 -1353
1677 -864
1674 792
1671 1265
1668 1508
1665 -528
1662 -1787
1659 1539
1656 1319
1653 -338
1650 -605
1647 -1516
1644 -1315
1641 -1141
1638 1394
1635 -895
1632 -1917
1629 -51
1626 -416
1623 182
1620 1364
1617 149
1614 -540
1611 427
1608 1101
1605 1659
1605 BOTTOMOFSTACK

2007 277
2004 384
2001 2001
1998 1857
1995 1411
1992 78
1989 2013
1986 -319
1983 -578
1980 -487
1977 119
1974 -1562
1971 -1420
1968 891
1965 682
1962 981
1959 -1020
1956 -878
1953 242
1950 679
1947 -1427
1944 -889
1941 -537
1938 729
1935 894
1932 1906
1929 2017
1926 -913
1923 970
1920 -1039
1917 -949
1914 -1150
1911 763
1908 -26
1905 -1411
1902 -906
1899 52
1896 1903
1893 24
1890 -242
1887 -28
1884 -1886
1881 -480
1878 1370
1875 -169
1872 1771
1869 1228
1866 198
1863 60
1860 1369
1857 567
1854 1766
1851 394
1848 915
1845 922
1842 27
1839 1683
1836 -1596
1833 251
1830 -740
1827 83
1824 504
1821 131
1818 471
1815 1590
1812 1937
1809 1607
1806 -758
1803 -1947
1800 -895
1797 -1877
1794 1659
1791 736
1788 385
1785 -1542
1782 1239
1779 -1267
1776 -1925
1773 1866
1770 1403
1767 -1143
1764 -117
1761 259
1758 -1160
1755 324
1752 -1916
1749 716
1746 401
1743 -767
1740 -1528
1737 1590
1734 -1404
1731 -473
1728 -1180
1725 1437
1722 1414
1719 -215
1716 -1549
1713 225
1710 41
1707 -1032
1704 -2028
1701 -705
1698 351
1695 129
1692 -1807
1689 1571
1686 -944
1683 -195
1680 1051
1677 1764
1674 1589
1671 -1181
1668 914
1665 -1447
1662 -1757
1659 -386
1656 1361
1653 1544
1650 173
1647 -76
1644 122
1641 1875
1638 1895
1635 1277
1632 1012
1629 -1210
1626 -687
1623 -1747
1620 1332
1617 169
1614 -1951
1611 1977
1608 259
1605 -294
1602 -1846
1599 1901
1596 -1901
1593 1427
1590 -1412
1587 -1810
1584 92
1581 369
1578 -9
1575 999
1572 -996
1569 -994
1566 -670
1563 -165
1560 -531
1557 -1711
1554 -1410
1551 665
1548 1479
1545 1569
1542 1372
1539 -1459
1536 -907
1533 -1993
1530 251
1527 -515
1524 160
1521 -481
1521 BOTTOMOFSTACK

2022 80
2019 582
2016 2016
2013 1154
2010 1006
2007 1210
2004 -212
2001 1870
1998 559
1995 1470
1992 -1420
1989 -805
1986 1848
1983 -1101
1980 284
1977 459
1974 -2036
1971 -948
1968 -1807
1965 121
1962 -1001
1959 1075
1956 1946
1953 -1606
1950 6
1947 -956
1944 1051
1941 -1583
1938 -1902
1938 BOTTOMOFSTACK

2019 371
2016 1433
2013 744
2010 2010
2007 1488
2004 767
2001 -1155
1998 -1669
1995 1685
1992 -675
1989 -1838
1986 -576
1983 220
1980 1445
1977 266
1974 -496
1971 1661
1968 392
1965 -593
1962 -929
1959 -1128
1956 -937
1953 1372
1950 -891
1947 -873
1944 71
1941 810
1938 229
1935 1170
1932 425
1929 -1272
1926 -125
1923 -533
1920 540
1917 542
1914 -277
1911 1022
1908 -290
1905 1947
1902 -1994
1899 -778
1896 1801
1893 1264
1890 1796
1887 -1923
1884 1684
1881 -1140
1878 1774
1875 346
1872 1936
1869 -771
1866 1548
1863 1867
1860 -999
1857 321
1854 1124
1851 -240
1848 1329
1845 345
1842 1668
1839 1141
1836 -265
1833 856
1830 1381
1827 -608
1824 -813
1821 366
1818 1268
1815 -251
1812 463
1809 -1755
1806 774
1803 -205
1800 1126
1797 -1499
1794 -855
1791 -1470
1788 1189
1785 1081
1782 596
1779 -421
1776 560
1773 -151
1770 1160
1767 1454
1764 651
1761 -251
1758 1717
1755 -222
1752 62
1749 -2011
1746 -178
1743 -1870
1740 -1131
1737 -1658
1734 8
1731 1603
1728 1697
1725 1502
1722 326
1719 -1305
1716 -396
1713 -1115
1710 1055
1707 482
1704 675
1701 1333
1698 -1008
1695 -635
1692 275
1689 1839
1686 -1496
1683 -263
1680 -442
1677 0
1674 116
1671 217
1668 -1621
1665 -853
1662 198
1659 -1543
1656 1353
1653 -1255
1650 1887
1647 1636
1644 -495
1641 -1665
1638 -19
1635 1336
1632 685
1629 -1716
1626 -1462
1623 79
1620 9
1617 1404
1614 1881
1611 1124
1608 1056
1605 -802
1602 -870
1599 842
1596 -1249
1593 -1961
1590 -467
1587 -213
1584 1677
1581 1975
1578 -1932
1575 -261
1572 992
1569 1795
1566 -758
1563 -115
1560 -221
1557 1022
1554 1817
1551 1882
1548 1251
1545 -79
1542 490
1539 578
1536 -452
1533 -1236
1530 1300
1527 -1780
1524 1510
1521 -1742
1518 -692
1515 -837
1512 1305
1509 363
1506 768
1503 -1730
1503 BOTTOMOFSTACK

2040 1349
2037 897
2034 2034
2031 956
2028 953
2025 17
2022 -659
2019 -427
2016 919
2016 BOTTOMOFSTACK

2010 532
2007 1098
2004 2004
2001 99
1998 87
1995 -167
1992 -1746
1989 -343
1986 2009
1983 820
1980 1995
1977 -803
1974 502
1971 -549
1968 -1640
1965 1967
1962 1186
1959 1076
1956 -756
1953 1713
1950 -1347
1947 -282
1944 515
1941 785
1938 1232
1935 1584
1935 BOTTOMOFSTACK

2031 1370
2028 163
2025 1934
2022 1272
2019 2019
2016 940
2013 -381
2010 1683
2007 -1379
2004 -1096
2001 729
1998 645
1995 -1444
1992 1077
1989 1491
1986 383
1983 -247
1980 1603
1977 -1444
1974 -820
1971 -344
1968 76
1965 -339
1962 1829
1959 -1292
1956 -105
1953 1962
1950 -1692
1947 1535
1944 -471
1941 -1773
1938 -489
1935 509
1932 636
1929 -415
1926 -898
1923 -649
1920 -1351
1917 1749
1917 BOTTOMOFSTACK

