2034 1744
2031 629
2028 757
2025 12
2022 2022
2019 1935
2016 1222
2013 1530
2010 122
2007 -1854
2004 1193
2001 150
1998 -181
1995 1782
1992 668
1989 948
1986 55
1983 -145
1980 -1903
1977 -313
1974 1018
1971 718
1968 -697
1965 1327
1962 341
1959 1059
1956 145
1953 1193
1950 -352
1947 695
1944 1992
1941 953
1938 524
1935 -999
1932 1436
1929 -1351
1926 -4
1923 -1758
1920 -1881
1920 BOTTOMOFSTACK

2016 1409
2013 980
2010 605
2007 168
2004 2004
2001 17
1998 -1528
1995 -523
1992 811
1989 -845
1986 -557
1983 1067
1980 1612
1977 1495
1974 547
1971 248
1968 -1151
1965 2
1962 -1777
1959 943
1956 -308
1953 1942
1950 -1613
1947 1971
1944 -1831
1941 -481
1938 1159
1935 1071
1932 -952
1929 -859
1926 -1851
1923 -1177
1920 464
1917 -183
1914 1028
1911 -440
1908 -1368
1905 -986
1902 210
1899 -712
1896 -1993
1893 11
1890 -1266
1887 -98
1884 -1708
1881 206
1878 161
1875 1433
1872 795
1869 -1731
1866 -1377
1863 266
1860 1779
1857 -1071
1854 -83
1851 1305
1848 737
1845 -156
1842 -2031
1839 1692
1836 1024
1833 1232
1830 -1909
1827 1270
1824 1442
1821 1060
1818 223
1815 -1499
1812 1194
1809 1611
1806 -860
1803 510
1800 -699
1797 -47
1794 -655
1791 1105
1788 1158
1785 490
1782 -2029
1779 1588
1776 182
1773 1432
1770 1173
1767 910
1764 1875
1761 1286
1758 -1962
1755 -1219
1752 -1841
1749 -2020
1746 1315
1743 -1042
1740 -854
1737 1977
1734 -391
1731 803
1728 1548
1725 995
1722 1289
1719 1822
1716 -1903
1713 -410
1710 1650
1707 841
1704 1000
1701 415
1698 1027
1695 -872
1692 -1080
1689 1451
1686 -182
1683 523
1680 1773
1677 243
1674 154
1671 2002
1668 -652
1668 BOTTOMOFSTACK

2052 1306
2049 1868
2046 1551
2043 1420
2040 342
2037 2037
2034 1510
2031 1532
2028 607
2025 -1861
2022 355
2019 -716
2016 504
2013 1964
2010 -68
2007 -556
2004 -1582
2001 483
1998 508
1995 1100
1992 966
1989 -1892
1986 -1045
1983 -1669
1980 -1823
1977 1041
1974 1602
1971 -1665
1968 -1470
1965 -1190
1962 -1341
1959 584
1956 259
1953 -935
1950 -1469
1947 -1374
1944 -1910
1941 -1831
1938 560
1935 551
1932 -78
1929 -932
1926 1256
1923 1063
1920 1702
1917 779
1914 -965
1911 1187
1908 1061
1905 1725
1902 -1827
1899 -1227
1896 1289
1893 347
1890 -900
1887 1811
1884 1375
1881 -1551
1878 -1321
1875 -1283
1872 -1586
1869 1014
1866 -1078
1863 1843
1860 0
1857 621
1854 1240
1851 -753
1848 -1870
1845 -375
1842 1137
1839 -658
1836 -620
1833 -773
1830 -329
1827 670
1824 1605
1821 1443
1818 -1047
1815 -679
1812 -1792
1809 1081
1806 274
1803 1112
1800 -2013
1797 996
1794 -542
1791 1066
1788 -512
1785 -755
1782 788
1779 1721
1776 -752
1773 346
1770 -1077
1767 -1731
1764 -67
1761 1409
1758 -245
1755 1549
1752 682
1749 630
1746 0
1743 -302
1740 -1798
1737 421
1734 192
1731 1011
1728 495
1725 -59
1722 -835
1719 791
1716 964
1713 1723
1710 1500
1707 1347
1704 1423
1701 1080
1698 -1371
1695 -1953
1692 -1284
1689 935
1686 1577
1683 271
1680 -1261
1677 947
1674 104
1671 1328
1668 234
1665 -308
1662 -414
1659 -528
1656 86
1653 -1785
1650 283
1647 -1036
1644 -1423
1641 1265
1638 -2033
1635 1381
1632 443
1629 443
1626 1177
1623 1117
1620 23
1617 -1850
1614 1989
1614 BOTTOMOFSTACK

2037 913
2034 1173
2031 513
2028 2028
2025 900
2022 -88
2019 -825
2016 697
2013 -244
2010 -593
2007 258
2004 -1849
2001 1648
1998 -1518
1995 -1305
1992 1348
1989 -76
1986 -2010
1983 -26
1980 1882
1977 -292
1974 -95
1971 1471
1968 42
1965 909
1962 -1568
1959 1194
1956 -544
1953 143
1950 -687
1947 1014
1944 -1963
1941 -130
1938 -1887
1935 -987
1932 1663
1929 227
1926 1778
1923 -800
1920 736
1917 1386
1914 37
1911 -1944
1908 812
1905 -54
1902 -1835
1899 -307
1896 -130
1893 -1747
1890 -39
1887 1429
1884 295
1881 -468
1878 -1601
1875 -590
1872 -619
1869 654
1866 881
1863 -108
1860 -1123
1857 -1916
1854 -1907
1851 57
1848 1100
1845 -444
1842 -514
1839 129
1836 -1296
1833 -1379
1830 -1090
1827 -818
1824 -1925
1821 499
1818 -1887
1815 -1908
1812 276
1809 1226
1806 820
1803 -1655
1800 -463
1797 -1870
1794 -454
1791 1385
1788 -1270
1785 1369
1782 10
1779 1931
1776 1449
1773 911
1770 1429
1767 -1454
1764 -815
1761 632
1758 -295
1755 -1474
1752 1832
1749 848
1746 1896
1743 162
1740 -1768
1737 1647
1734 1842
1731 85
1728 256
1725 1824
1722 -1130
1719 984
1716 353
1713 -1280
1710 230
1707 -2015
1704 452
1701 -2037
1698 -443
1695 -73
1692 1257
1689 1575
1686 1799
1683 -1227
1680 1292
1677 1570
1674 1849
1671 1084
1668 918
1665 -1790
1662 1110
1659 1118
1656 -1744
1653 1696
1650 280
1647 1999
1644 -777
1641 -1658
1638 -1369
1635 505
1632 -36
1629 -151
1626 85
1623 -1959
1620 -1356
1617 1001
1614 -1791
1611 244
1608 71
1605 -1262
1602 -1494
1599 -1883
1596 1848
1593 -1427
1590 1037
1587 162
1584 1777
1581 -1439
1578 1059
1575 -390
1572 1570
1569 -879
1566 5
1563 120
1560 -1265
1557 974
1554 -55
1551 -546
1548 -446
1545 -103
1542 -1711
1539 1494
1536 882
1533 936
1530 20
1527 1166
1524 -517
1521 -211
1518 1624
1515 -533
1512 1009
1509 1586
1506 -999
1503 -1499
1500 -1781
1497 -946
1494 -11
1491 -384
1488 189
1485 927
1482 1624
1479 -775
1476 -486
1473 -1278
1470 1195
1467 -1088
1464 1917
1461 86
1458 -916
1455 123
1452 -1282
1449 1216
1449 BOTTOMOFSTACK

2016 1080
2013 184
2010 675
2007 2007
2004 1290
2001 1511
1998 -2036
1995 797
1992 -545
1989 -1762
1986 1748
1983 -1113
1980 191
1977 -151
1974 -1434
1971 1786
1968 267
1965 -168
1962 -407
1959 -1072
1956 1565
1953 703
1950 -1071
1947 143
1944 -1220
1941 -1195
1938 -203
1935 -1331
1932 -1380
1929 1484
1926 -125
1923 -2037
1920 916
1917 -313
1914 640
1911 -1721
1908 -1194
1905 -702
1902 -2001
1899 -831
1896 -1927
1893 1063
1890 -213
1887 -665
1884 2018
1881 282
1878 -1179
1875 1661
1872 1045
1869 1439
1866 963
1863 -240
1860 1933
1857 -844
1854 -261
1851 1605
1848 1980
1845 230
1842 -1044
1839 636
1836 684
1833 -2018
1830 437
1827 644
1824 -984
1821 -683
1818 -688
1815 -974
1812 -236
1809 -220
1806 707
1803 -637
1800 -1186
1797 977
1794 1989
1791 -96
1788 -163
1785 729
1782 821
1779 -1473
1776 -1704
1773 117
1770 1299
1767 367
1764 1283
1761 -1829
1758 -905
1755 -658
1752 -937
1749 154
1746 1459
1743 903
1740 -733
1737 758
1734 548
1731 1879
1728 170
1725 -1918
1722 322
1719 -366
1716 317
1713 -586
1710 423
1707 -1884
1704 -1800
1701 -369
1698 -1487
1695 1855
1692 1929
1689 -94
1686 -954
1683 1564
1680 -1713
1677 -1075
1674 -528
1671 -587
1668 1465
1665 873
1662 1239
1659 154
1656 -1043
1653 -1014
1653 BOTTOMOFSTACK

2022 1567
2019 1389
2016 714
2013 1851
2010 840
2007 2007
2004 1338
2001 1554
1998 1575
1995 -2007
1992 944
1989 1620
1986 -1428
1983 -546
1980 -158
1977 740
1974 1542
1971 1511
1968 789
1965 -647
1962 1305
1959 -171
1956 529
1953 78
1950 -624
1947 1252
1944 1117
1941 32
1938 1699
1935 -49
1932 -976
1929 1463
1926 789
1923 -41
1920 -1853
1917 -1492
1914 -875
1911 -937
1908 1648
1905 -159
1902 415
1899 -1183
1896 -1422
1893 -1270
1890 -1857
1887 -888
1884 -1086
1881 -667
1878 396
1878 BOTTOMOFSTACK

2037 468
2034 1712
2031 1032
2028 2028
2025 1046
2022 -216
2019 -1816
2016 726
2013 1103
2010 1110
2007 1322
2004 0
2001 1439
1998 -2020
1995 702
1992 -263
1989 -601
1986 1574
1983 559
1980 841
1977 -785
1974 -1020
1971 255
1968 1238
1965 989
1962 9
1959 1528
1956 1266
1953 689
1950 -853
1947 1443
1944 -265
1941 -1649
1938 -892
1935 -1513
1932 -1797
1929 -542
1926 1791
1923 -1104
1920 964
1917 -605
1914 1346
1911 1973
1908 -391
1905 -1088
1902 1233
1899 -1941
1896 -792
1893 791
1890 -1616
1887 -765
1884 1152
1881 -877
1878 -1639
1875 1925
1872 1440
1869 1923
1866 -2026
1863 -730
1860 -1809
1857 916
1854 -692
1851 -1247
1848 555
1845 1063
1842 -471
1839 1867
1836 0
1833 37
1830 -427
1827 -206
1824 1394
1821 -1433
1818 831
1815 1054
1812 -1074
1809 1829
1806 -1332
1803 -1608
1800 -763
1797 1792
1794 -1522
1791 1305
1788 1208
1785 339
1782 -792
1779 -1584
1776 -718
1773 -976
1770 -1348
1767 -1051
1764 1503
1761 1542
1758 210
1755 1057
1752 -1136
1749 -44
1746 1585
1743 -1705
1740 1260
1740 BOTTOMOFSTACK

2010 954
2007 1227
2004 2004
2001 984
1998 1684
1995 -456
1992 1791
1989 -1747
1986 2035
1983 -1650
1980 -207
1977 -731
1974 1062
1971 115
1968 -192
1965 1081
1962 -1743
1959 14
1956 470
1953 -1918
1950 2004
1947 -694
1944 993
1941 -1095
1938 690
1935 929
1932 659
1929 -1139
1926 -1655
1923 -1409
1920 -1456
1917 1212
1914 2028
1911 636
1908 -891
1905 146
1902 -806
1899 254
1896 738
1893 1995
1890 -1681
1890 BOTTOMOFSTACK

