2031 1724
2028 338
2025 37
2022 2022
2019 -589
2016 1671
2013 1453
2010 -2013
2007 -1415
2004 1053
2001 1257
1998 718
1995 -847
1992 677
1989 433
1986 1977
1983 898
1980 639
1977 1777
1974 -764
1971 -946
1968 945
1965 1016
1962 -963
1959 -1859
1956 1639
1953 1872
1950 1406
1947 1046
1944 -592
1941 615
1938 1962
1935 -1176
1932 -687
1929 -60
1926 1505
1923 -247
1920 -1250
1917 1272
1914 -387
1911 1843
1908 -802
1905 -1807
1902 1980
1899 1250
1896 412
1893 -1170
1890 648
1887 663
1884 1545
1881 1786
1878 1380
1875 -599
1872 1362
1869 -233
1869 BOTTOMOFSTACK

2049 841
2046 1478
2043 378
2040 1870
2037 204
2034 2034
2031 492
2028 843
2025 -776
2022 1881
2019 348
2016 1446
2013 1681
2010 -786
2007 1963
2004 1921
2001 -371
1998 -290
1995 -1787
1992 1029
1989 -1376
1986 436
1983 -1464
1980 74
1977 1472
1974 -531
1971 -1364
1968 1180
1965 589
1962 -1858
1959 1721
1956 894
1953 -1796
1950 -412
1947 -14
1944 -276
1941 1111
1938 -174
1935 -1787
1932 -245
1929 622
1926 -1051
1923 1614
1920 -696
1917 -1508
1914 197
1911 -1500
1908 911
1905 1726
1902 1632
1899 -1338
1896 277
1893 1718
1890 431
1887 -265
1884 343
1881 1725
1878 -1573
1875 -1315
1872 -931
1869 -215
1866 1112
1863 1081
1860 1216
1857 1746
1854 1742
1851 1464
1848 -330
1845 -1552
1842 1983
1839 849
1836 -1033
1833 1374
1830 1913
1827 2019
1824 837
1821 -1114
1818 -1215
1815 -9
1812 1420
1809 -89
1806 -1092
1803 527
1800 -1668
1797 1306
1794 1145
1791 1363
1788 -422
1788 BOTTOMOFSTACK

2034 1427
2031 1173
2028 1894
2025 29
2022 381
2019 2019
2016 1753
2013 424
2010 1944
2007 1422
2004 897
2001 977
1998 -1753
1995 1431
1992 -1095
1989 966
1986 -218
1983 916
1980 636
1977 1864
1974 -355
1971 140
1968 -1640
1965 -2012
1962 -344
1959 383
1956 -975
1953 1470
1950 -1387
1947 538
1944 -1639
1941 1931
1938 1551
1935 -1312
1932 258
1929 -1720
1926 1864
1923 676
1920 -1379
1917 -1973
1914 1360
1911 -1785
1908 605
1905 -115
1902 -728
1899 1225
1896 988
1893 -1848
1890 -643
1887 176
1884 311
1881 -1883
1878 437
1875 -102
1872 -727
1869 2031
1866 478
1863 113
1860 -18
1857 -1158
1854 -449
1851 415
1848 -1943
1845 -482
1842 -1916
1839 1762
1836 1197
1833 -34
1830 1180
1827 456
1824 -183
1821 -1440
1818 1112
1815 -224
1812 -564
1809 588
1806 -918
1803 -179
1800 1582
1797 -200
1794 1895
1791 1648
1788 546
1785 1121
1782 -952
1779 -1244
1776 -1949
1773 -225
1770 -330
1767 1957
1764 1160
1761 -1048
1758 1807
1755 1484
1752 877
1749 473
1746 367
1743 74
1740 -1895
1737 465
1734 771
1731 1205
1728 929
1725 30
1722 1166
1719 1142
1716 -135
1713 -1709
1710 1375
1707 1065
1704 2036
1701 -1170
1698 -1395
1695 295
1692 1421
1689 -583
1686 -1941
1683 -1096
1680 1884
1677 1221
1674 1857
1671 -828
1668 1230
1665 1324
1662 1006
1659 927
1656 -117
1653 32
1650 -684
1647 -404
1644 316
1641 1971
1638 1287
1635 -1604
1632 514
1629 435
1626 1744
1623 -1614
1620 1592
1617 653
1614 -779
1611 7
1608 -513
1605 -407
1602 1630
1599 -1287
1596 -326
1593 -1966
1590 1200
1587 -1201
1584 -1092
1581 -142
1578 -639
1575 913
1572 -1453
1569 899
1566 -1672
1563 831
1560 -1985
1557 1949
1554 -998
1551 -1255
1548 -821
1545 1227
1542 1279
1539 -1955
1536 -1646
1533 124
1530 1827
1527 -147
1524 -886
1521 36
1518 -1237
1515 -680
1512 -1646
1512 BOTTOMOFSTACK

