2019 1608
2016 1733
2013 1233
2010 43
2007 2007
2004 -1440
2001 691
1998 1446
1995 -1714
1992 535
1989 -1506
1986 -2039
1983 -231
1980 -776
1977 890
1974 692
1971 -1270
1968 -1790
1965 567
1962 -1062
1959 335
1956 -1764
1953 -1334
1950 1064
1947 672
1944 -577
1941 940
1938 1129
1935 -116
1932 -1345
1929 1711
1926 2034
1923 2011
1920 -547
1917 -1148
1914 -1809
1911 1120
1908 -167
1905 -944
1902 -1510
1899 -2039
1896 690
1893 213
1890 1718
1887 -1904
1884 744
1881 1050
1878 1456
1875 -1069
1872 -737
1869 -486
1866 1618
1863 1054
1860 -664
1857 215
1854 -344
1851 554
1848 768
1845 1184
1842 -928
1839 1347
1836 -168
1833 -1679
1830 1339
1827 -1837
1824 271
1821 -982
1818 432
1815 42
1812 686
1809 1342
1806 126
1803 1060
1800 -1356
1797 -1840
1794 1507
1791 745
1788 -552
1785 -834
1782 671
1779 -173
1776 -995
1773 -1566
1770 1321
1767 1181
1764 1920
1761 1660
1758 -1287
1755 1868
1752 888
1749 589
1746 -632
1743 -1039
1740 953
1737 786
1734 85
1731 1879
1728 -1284
1725 -1283
1722 -37
1719 -193
1716 -1775
1713 1873
1710 -1424
1707 -488
1704 -1326
1701 -1969
1698 -1954
1695 945
1692 1886
1689 -1344
1686 -1434
1683 1300
1680 1301
1677 1506
1674 -1344
1671 90
1668 790
1665 532
1662 257
1659 -1300
1656 1545
1653 -1903
1653 BOTTOMOFSTACK

2028 94
2025 549
2022 243
2019 2019
2016 -1087
2013 599
2010 1234
2007 942
2004 -291
2001 -59
1998 487
1995 -12
1992 1106
1989 1240
1986 -713
1983 -619
1980 1693
1977 1372
1974 -87
1971 873
1968 183
1965 -656
1962 -1907
1959 1882
1956 -1907
1953 676
1950 -696
1947 1915
1944 -1294
1941 433
1938 0
1935 -1506
1932 353
1929 767
1926 -301
1923 1216
1920 2034
1917 1057
1914 -423
1911 -1169
1908 1387
1905 1876
1902 408
1899 -894
1896 329
1893 1352
1890 1143
1887 770
1884 -1428
1881 81
1878 1022
1875 -1041
1872 69
1869 865
1866 -1677
1863 -852
1860 217
1857 1347
1854 -1240
1851 -1881
1848 -1297
1845 -1739
1842 285
1839 -898
1836 1549
1833 -1722
1830 967
1827 -581
1824 1780
1821 -1037
1818 0
1815 -1990
1812 -1963
1809 1500
1806 -579
1803 -24
1800 1559
1797 1259
1794 -1940
1791 -1393
1788 -2041
1785 -30
1782 0
1779 801
1776 417
1773 -1458
1770 1985
1767 995
1764 307
1761 -1656
1758 -838
1755 -600
1752 -1013
1749 2023
1746 521
1743 687
1740 1411
1737 1313
1734 1068
1731 -649
1728 -1224
1725 -480
1722 211
1719 313
1716 -1015
1713 1252
1710 -678
1707 1084
1704 1549
1701 1148
1698 -723
1695 -429
1692 84
1689 -844
1686 -1993
1683 -1911
1680 1211
1677 512
1674 1850
1671 1678
1668 -1701
1665 -889
1662 314
1659 -1194
1656 -1622
1653 -1826
1650 1328
1647 -1994
1644 1220
1641 -769
1638 1501
1635 1644
1632 110
1629 1544
1626 -1475
1623 1469
1620 -395
1617 -1484
1614 910
1611 642
1608 1564
1605 -1690
1602 751
1599 -1336
1596 1326
1593 522
1590 -1775
1587 1612
1584 -1569
1581 0
1578 1474
1575 1198
1572 1131
1569 844
1566 -420
1563 1700
1560 9
1557 1882
1554 705
1551 876
1548 915
1545 71
1542 -1395
1539 1383
1536 -40
1533 851
1530 259
1527 -709
1524 -1583
1521 1
1518 -264
1515 1134
1512 1773
1509 -1989
1506 -1876
1503 1688
1500 464
1497 -905
1494 538
1491 -97
1488 -249
1485 -937
1482 946
1479 9
1476 636
1473 1950
1470 -1926
1467 648
1464 -1281
1461 -504
1458 -1493
1455 747
1452 1
1449 -902
1446 1483
1443 677
1440 705
1437 1557
1434 -854
1431 764
1428 -743
1425 1342
1422 355
1419 -1308
1416 1299
1413 894
1410 1240
1407 1973
1404 -1892
1401 -1700
1398 889
1395 1487
1392 -877
1389 -1821
1386 1158
1383 1927
1380 -1533
1377 886
1374 494
1371 -1223
1368 1128
1365 -406
1362 147
1359 -111
1359 BOTTOMOFSTACK

2010 2045
2007 680
2004 1515
2001 426
1998 1998
1995 1157
1992 -1881
1989 3
1986 -1843
1983 1062
1980 -193
1977 1778
1974 109
1971 -1652
1968 1050
1965 1635
1962 -815
1959 -419
1956 505
1953 1174
1950 944
1947 -1071
1944 -574
1941 30
1938 -1263
1935 -585
1932 -976
1929 -975
1926 39
1923 -972
1920 -191
1917 80
1914 -226
1911 126
1908 -459
1905 -1578
1902 -243
1899 -2032
1896 -1004
1893 -537
1890 -453
1887 -63
1884 -602
1881 -426
1878 155
1875 -765
1872 221
1869 -364
1866 1864
1863 -87
1860 -1652
1857 290
1854 1962
1851 492
1848 1213
1845 659
1842 -2001
1839 -1767
1836 1816
1833 -1532
1830 -1853
1827 -1038
1824 902
1821 39
1818 -509
1815 912
1812 1012
1809 1731
1806 -595
1803 -755
1800 903
1797 782
1794 -1631
1791 -1162
1788 1696
1785 -579
1782 -300
1779 -881
1776 -727
1773 160
1770 -1223
1767 -154
1764 -564
1761 -1790
1758 -523
1755 1193
1752 -387
1749 1136
1746 -1053
1743 -780
1740 -259
1737 -1966
1734 1240
1731 -1370
1728 529
1725 376
1722 1508
1719 -1725
1716 2019
1713 1972
1710 -176
1707 802
1704 -272
1701 -157
1698 1303
1695 -1703
1692 -635
1689 207
1686 -1705
1683 -250
1680 -1628
1677 1673
1674 1292
1671 -131
1668 -1313
1665 59
1662 1279
1659 -121
1656 841
1653 594
1650 2017
1647 1706
1644 14
1641 -1664
1638 1782
1635 -1842
1632 120
1629 783
1626 -392
1623 -256
1620 454
1617 1955
1614 -403
1611 559
1608 190
1605 1936
1602 -642
1599 193
1596 -632
1593 1683
1590 1951
1587 281
1584 728
1581 -230
1578 -831
1575 1887
1572 1229
1569 -1452
1566 1211
1563 387
1560 822
1557 -667
1554 770
1551 1290
1548 -1420
1545 768
1542 -1351
1539 -2026
1536 1927
1536 BOTTOMOFSTACK

