2040 1685
2037 1102
2034 37
2031 2031
2028 -1708
2025 -1304
2022 383
2019 -213
2016 2017
2013 -433
2010 478
2007 1042
2004 1600
2001 -908
1998 670
1995 -1748
1992 232
1989 1820
1986 -1768
1983 167
1980 -1739
1977 279
1974 -841
1971 826
1968 -2027
1965 1085
1962 -634
1959 -1425
1956 322
1953 892
1950 -1768
1947 -1275
1944 1571
1941 -897
1938 1237
1935 -759
1932 -1681
1929 465
1926 -935
1923 1663
1920 972
1917 -375
1914 -983
1911 -1864
1908 -967
1905 -1007
1902 -1704
1899 967
1896 -343
1893 1809
1890 -1916
1887 1824
1884 -1837
1881 1986
1878 -1106
1875 -927
1872 1084
1869 1829
1866 534
1863 154
1860 1368
1857 -1449
1854 -1891
1851 -1216
1848 1704
1845 -580
1842 -1019
1839 1708
1836 -1263
1833 1886
1830 -722
1827 1218
1824 1700
1821 -1679
1818 -270
1815 321
1812 1230
1809 686
1806 1925
1803 -1020
1800 246
1797 1542
1794 -1977
1791 -1270
1788 -1380
1785 335
1782 -1684
1779 1200
1776 1268
1773 -997
1770 -1405
1767 -1565
1764 -264
1761 1901
1758 756
1755 785
1752 695
1749 1439
1746 -314
1743 743
1740 -966
1737 -843
1734 673
1731 1792
1728 1707
1725 134
1722 -749
1719 -776
1716 -471
1713 1906
1710 -1382
1707 -1827
1704 -465
1701 -1455
1698 -1842
1695 433
1692 -188
1689 174
1686 -1039
1683 -1797
1680 498
1677 -948
1674 864
1671 -1160
1668 1521
1665 -863
1662 -650
1659 -1978
1656 1349
1653 39
1650 197
1647 -400
1644 557
1641 780
1638 -1752
1635 153
1632 1490
1629 -1928
1626 1934
1623 -1874
1620 1054
1617 291
1614 -1276
1611 572
1608 535
1605 -738
1602 1270
1599 -1573
1596 1621
1593 0
1590 577
1587 467
1584 942
1581 -1165
1578 -1706
1575 1962
1572 1217
1569 -239
1566 -1972
1563 -1146
1560 -1767
1557 673
1554 1725
1551 753
1548 215
1545 -1044
1542 -1289
1539 -551
1536 1098
1533 -688
1530 -1613
1527 1356
1524 1963
1521 -1180
1518 -1258
1515 368
1512 -1203
1509 -865
1506 588
1503 1397
1500 592
1497 -1820
1494 1420
1491 -1650
1488 729
1485 -105
1482 217
1479 -1324
1476 -231
1473 864
1470 0
1467 -160
1464 -38
1461 -1967
1458 1888
1455 93
1452 1814
1449 1635
1446 1465
1443 -1308
1440 -703
1437 687
1434 -1247
1431 -1732
1428 -69
1425 723
1422 376
1419 -1921
1416 -686
1413 -822
1410 1929
1407 1837
1404 -668
1401 1760
1398 -263
1395 7
1392 233
1389 429
1386 -1262
1383 311
1380 -221
1377 1838
1374 900
1371 -2045
1368 -26
1365 -1724
1362 -1511
1359 -848
1356 -737
1353 -1339
1350 1897
1347 -445
1344 564
1341 36
1338 -1009
1335 1629
1332 -529
1329 1148
1326 1800
1323 1733
1320 1823
1317 159
1314 -1836
1311 -727
1308 14
1305 802
1302 773
1299 456
1296 1149
1296 BOTTOMOFSTACK

2049 1724
2046 1246
2043 981
2040 201
2037 2037
2034 1043
2031 -1167
2028 -169
2025 -320
2022 2028
2019 1904
2016 122
2013 193
2010 -1341
2007 985
2004 394
2001 -1572
1998 -1910
1995 -1507
1992 -309
1992 BOTTOMOFSTACK

