2007 355
2004 1448
2001 18
1998 1998
1995 1135
1992 2045
1989 -583
1986 1110
1983 849
1980 441
1977 -456
1974 1630
1971 1447
1968 -78
1965 649
1962 843
1959 1831
1956 -1743
1953 679
1950 -472
1947 87
1944 694
1941 1809
1938 -526
1935 -364
1932 -1759
1929 -890
1926 1654
1923 -1655
1920 -867
1917 1042
1914 -1656
1911 1487
1908 1904
1905 -1539
1902 923
1899 -408
1896 447
1893 232
1890 -1918
1887 -503
1884 1098
1881 1082
1878 -1847
1875 1505
1872 -1115
1869 -865
1866 -1519
1863 1482
1860 -1882
1857 -1507
1854 496
1851 1419
1848 -1815
1845 1484
1842 847
1839 -1410
1836 -320
1833 -2012
1830 1802
1827 609
1824 -1064
1821 -1495
1818 -193
1815 -584
1812 -1812
1809 1860
1806 -1084
1803 -513
1800 -693
1797 2002
1794 1404
1791 926
1788 -308
1785 -1944
1782 1551
1779 1087
1776 -1544
1773 -519
1770 -1439
1767 776
1764 -576
1761 -1073
1758 747
1755 357
1752 672
1749 -809
1746 -118
1743 -1148
1740 -1224
1737 -23
1734 693
1731 -1101
1728 289
1725 -1027
1722 -199
1719 -428
1716 1941
1713 1933
1710 679
1707 -557
1704 -1124
1701 -1472
1698 -1589
1695 547
1692 -1606
1689 197
1686 1239
1683 -1004
1680 -1952
1677 681
1674 1245
1671 -1311
1668 -913
1665 -47
1662 -1061
1659 1126
1656 -1156
1653 990
1650 1138
1647 1786
1644 538
1641 -1055
1638 -1992
1635 253
1632 -1015
1629 -1253
1626 -1170
1623 129
1620 1435
1617 80
1614 -311
1611 1942
1608 227
1605 -367
1602 -1675
1599 -565
1596 1509
1593 -1364
1590 -2030
1587 -1949
1584 -1422
1581 -1865
1578 1710
1575 -1363
1572 1337
1569 -1164
1566 988
1563 -113
1560 1741
1557 1395
1554 1762
1551 394
1551 BOTTOMOFSTACK

2043 1778
2040 780
2037 204
2034 2034
2031 117
2028 -639
2025 -301
2022 1772
2019 -62
2016 -730
2013 -1237
2010 1388
2007 -442
2004 -1738
2001 1223
1998 238
1995 888
1992 1175
1989 515
1986 -266
1983 1424
1980 753
1977 -1567
1974 -287
1971 548
1968 -302
1965 1332
1962 -40
1959 1613
1956 -1395
1953 1486
1950 200
1947 377
1944 -767
1941 -1535
1938 -1761
1935 126
1932 54
1929 1776
1926 574
1923 -1102
1920 61
1917 510
1914 -1057
1911 439
1908 -738
1905 -490
1902 1844
1899 1721
1896 1936
1893 -965
1890 2002
1887 671
1884 1529
1881 1375
1878 -137
1875 -626
1872 1382
1869 -915
1866 -1879
1863 -1886
1860 1447
1857 1617
1854 -499
1851 -516
1848 130
1845 147
1842 921
1839 1318
1836 1459
1833 1260
1830 1383
1827 -1875
1824 -895
1821 -1346
1818 -1380
1815 1071
1812 1302
1809 -1061
1806 -316
1803 1016
1800 1304
1797 1176
1794 1691
1791 2009
1788 1861
1785 -292
1782 1580
1779 38
1776 829
1773 1416
1770 1401
1767 210
1764 -881
1761 469
1758 564
1755 595
1752 1477
1749 -711
1746 -824
1743 -641
1740 1487
1737 629
1734 -662
1731 1039
1728 387
1725 136
1722 -442
1719 -1665
1716 2011
1713 -1215
1710 593
1707 612
1704 1141
1701 -432
1698 1084
1695 -1131
1692 -1754
1689 267
1686 265
1683 -1921
1680 -1948
1677 -1653
1674 525
1674 BOTTOMOFSTACK

2043 1226
2040 1610
2037 1240
2034 857
2031 369
2028 2028
2025 1106
2022 545
2019 874
2016 -226
2013 54
2010 -584
2007 -1965
2004 -31
2001 -1457
1998 0
1995 -449
1992 612
1989 1076
1986 -1857
1983 1594
1980 1440
1977 -638
1974 -1350
1971 1032
1968 -1635
1965 -903
1962 -1077
1959 -537
1956 -1452
1953 -1966
1950 -830
1947 343
1944 1261
1941 1026
1938 -2044
1935 -359
1932 557
1929 1402
1926 181
1923 -1848
1920 769
1917 1971
1914 -261
1911 1543
1908 303
1905 735
1902 77
1899 -1470
1896 1442
1893 0
1890 1574
1887 339
1884 -19
1881 294
1878 -129
1875 1054
1872 -1466
1869 1116
1866 1589
1863 9
1860 1473
1857 -231
1854 372
1851 1297
1848 -275
1845 -924
1842 1824
1839 11
1836 221
1833 1234
1830 1035
1827 -901
1824 -1596
1821 -1833
1818 -1558
1815 1342
1815 BOTTOMOFSTACK

2028 1480
2025 1938
2022 450
2019 534
2016 2016
2013 1051
2010 1660
2007 2012
2004 70
2001 -1178
1998 37
1995 1784
1992 1530
1989 -766
1986 1300
1983 -1881
1980 -1356
1977 -515
1974 -42
1971 -648
1968 1099
1965 78
1962 1253
1959 1034
1956 -1764
1953 -646
1950 -153
1947 -747
1944 1741
1941 81
1938 -641
1935 364
1932 789
1929 -804
1926 1863
1923 1394
1920 454
1917 -586
1914 32
1911 -1750
1908 2020
1905 161
1902 -410
1902 BOTTOMOFSTACK

2016 1875
2013 921
2010 711
2007 2007
2004 -1132
2001 75
1998 1228
1995 -1762
1992 598
1989 -1207
1986 -1681
1983 270
1980 -1763
1977 893
1974 -970
1971 -460
1968 -45
1965 1798
1962 777
1959 429
1956 -773
1953 1359
1950 1342
1947 1112
1944 -236
1941 -477
1938 -1831
1935 -249
1932 -11
1929 1489
1926 -894
1923 283
1920 1992
1917 -927
1914 171
1911 84
1908 852
1905 1824
1902 -699
1899 -1961
1896 169
1893 -1019
1890 -791
1887 -210
1884 -338
1881 -371
1878 517
1875 -1605
1872 -311
1869 96
1866 -1074
1863 -1516
1860 1455
1857 -518
1854 1441
1851 -832
1848 1828
1845 1727
1842 -914
1839 -128
1836 -1222
1833 -924
1830 1546
1827 -1623
1824 -407
1821 -1934
1818 -1682
1815 477
1812 -365
1809 791
1806 -233
1803 -294
1800 1975
1797 1682
1794 1176
1791 -431
1788 -706
1785 -1567
1782 1440
1779 -1446
1776 154
1773 1081
1770 800
1767 -1901
1764 1833
1761 1069
1758 -1660
1755 1522
1752 498
1749 -1211
1746 -1755
1743 1823
1740 701
1737 1207
1734 -1121
1731 435
1728 52
1725 -911
1722 -1340
1719 -1679
1716 -1027
1713 -427
1710 1534
1707 859
1704 1623
1701 -174
1698 -1155
1695 -1108
1692 -26
1689 1464
1686 -527
1683 -114
1680 1488
1677 -1564
1674 -722
1671 -1909
1668 1152
1665 -298
1662 -1469
1659 -313
1656 -1822
1653 1762
1650 -1542
1647 1993
1644 -282
1641 482
1638 1412
1635 276
1632 772
1629 1655
1626 -1742
1623 -832
1620 -2032
1617 700
1614 719
1611 -623
1608 1698
1605 -1606
1602 -1905
1599 -2000
1596 -1280
1593 118
1590 -897
1587 1031
1584 -1958
1581 882
1578 1909
1575 -838
1572 991
1569 -328
1566 -966
1563 705
1560 1137
1557 -1743
1554 1253
1551 -1948
1548 402
1545 -68
1542 1355
1539 -547
1536 1266
1533 -554
1530 -85
1527 125
1524 -1624
1521 1681
1518 1936
1515 872
1512 342
1509 -1560
1506 -235
1503 1751
1500 278
1497 -297
1494 440
1491 -1086
1488 -1346
1485 2009
1482 -757
1479 -476
1479 BOTTOMOFSTACK

2019 1392
2016 1970
2013 1538
2010 1417
2007 885
2004 2004
2001 1114
1998 -141
1995 998
1992 1695
1989 1285
1986 -945
1983 481
1980 -1092
1977 54
1974 146
1971 1887
1968 532
1965 -355
1962 -1662
1959 -1181
1956 -1783
1953 1756
1950 1437
1947 -1107
1944 -1038
1941 -679
1938 -1116
1935 -1381
1932 1802
1929 1487
1926 1581
1923 1885
1920 -1484
1917 187
1914 -1061
1911 1755
1908 -1721
1905 -1524
1902 197
1899 953
1896 -552
1893 -235
1890 1623
1887 673
1884 1142
1881 1451
1878 -1557
1875 1418
1872 1651
1869 -1330
1866 -82
1863 -2040
1860 -1747
1857 -1160
1854 1479
1851 350
1848 -969
1845 1131
1842 1151
1839 865
1836 597
1833 1441
1830 -953
1827 -1411
1824 -2013
1821 1324
1818 -710
1815 -1218
1812 1998
1809 996
1806 1420
1803 1248
1800 1219
1797 1123
1794 -1755
1791 1442
1788 -761
1785 -1739
1782 1743
1779 -937
1776 308
1773 1751
1770 -445
1767 -1892
1764 -1623
1761 -2044
1758 1812
1755 -1886
1752 819
1749 1045
1746 -425
1743 -2019
1740 1171
1737 1612
1734 775
1731 -450
1728 1109
1725 730
1722 -741
1719 -1423
1716 1150
1713 -871
1710 222
1707 -1000
1704 270
1701 -10
1698 -1096
1695 1876
1692 -1295
1689 1809
1686 -21
1683 -1039
1680 1959
1677 416
1674 -1844
1671 1980
1668 1356
1665 -1484
1662 -1730
1659 -321
1656 1638
1653 1313
1650 638
1647 -345
1644 245
1641 -1752
1638 -1651
1635 1084
1632 74
1629 -1865
1626 -1699
1623 -1344
1620 922
1617 1150
1614 -853
1611 1854
1608 725
1605 -1507
1602 4
1599 753
1596 990
1593 263
1590 -992
1587 -987
1584 894
1581 -463
1578 -354
1575 1349
1572 -543
1569 1132
1566 -39
1563 -1648
1560 1661
1557 -175
1554 -1221
1551 235
1548 -1326
1545 -253
1542 -312
1539 1794
1536 1872
1533 1286
1530 1320
1527 -1438
1524 -816
1521 1590
1518 273
1515 -774
1512 1693
1509 2001
1506 1331
1503 97
1500 -337
1497 234
1494 -858
1491 1582
1488 1151
1485 -1662
1482 -14
1479 -1187
1476 -999
1473 -48
1470 -350
1467 -217
1464 461
1461 227
1458 1642
1455 -488
1452 -1669
1449 1680
1446 -506
1443 -1971
1440 1191
1437 1258
1434 331
1431 -2007
1428 1983
1425 -1118
1422 -692
1419 1675
1416 -1966
1413 -386
1410 -1055
1407 921
1404 906
1401 -1222
1398 -1722
1395 574
1392 146
1389 -527
1389 BOTTOMOFSTACK

2007 988
2004 577
2001 36
1998 1053
1995 1995
1992 536
1989 736
1986 -1885
1983 -1280
1980 -1272
1977 -878
1974 1486
1971 -592
1968 -1468
1965 1711
1962 -265
1959 272
1956 -1982
1953 2008
1950 -1481
1947 -1232
1944 -631
1941 -1904
1938 -563
1935 -1999
1932 -1403
1929 1997
1926 -1455
1923 -903
1920 -678
1917 -1621
1914 471
1911 -450
1908 423
1905 558
1902 1447
1899 1231
1896 298
1893 1207
1890 -1447
1887 569
1884 1741
1881 -1443
1878 300
1875 466
1872 -237
1869 657
1866 -430
1863 -2002
1860 1648
1857 -339
1854 1540
1851 1399
1848 -1464
1845 802
1842 802
1839 -1673
1836 530
1833 -1047
1830 -646
1827 -1793
1824 1593
1821 -1095
1818 1028
1815 -683
1812 -1859
1809 -1118
1806 -1010
1803 1172
1800 1730
1797 -1558
1794 1266
1791 -1380
1788 -353
1785 1346
1782 1272
1779 -352
1776 -47
1773 1810
1770 -1577
1767 -480
1764 -379
1761 -507
1758 -1789
1755 1754
1752 -1660
1749 -530
1746 1600
1743 1518
1740 1224
1737 1289
1734 -2007
1731 1664
1728 116
1725 1192
1722 -1793
1719 -161
1716 690
1713 -922
1710 1089
1707 1945
1704 -1570
1701 -507
1698 -296
1695 1548
1692 -510
1689 -751
1686 -185
1683 -219
1680 -385
1677 888
1674 -422
1671 -1301
1668 -375
1665 -936
1662 -1175
1659 1931
1656 -1210
1653 1490
1650 1025
1647 1189
1644 -1045
1644 BOTTOMOFSTACK

