2046 1184
2043 1479
2040 350
2037 37
2034 32
2031 2031
2028 -1496
2025 495
2022 -168
2019 -478
2016 -1819
2013 1679
2010 486
2007 -1496
2004 -116
2001 1703
1998 926
1995 -1839
1992 541
1989 -952
1986 -1217
1983 70
1980 -1304
1977 -985
1974 -1164
1971 187
1968 1527
1965 1120
1962 1246
1959 1620
1956 -1202
1953 -1152
1950 1613
1947 -392
1944 806
1941 -1264
1938 91
1935 1655
1932 501
1929 1677
1926 -906
1923 -380
1920 -1460
1917 -1103
1914 329
1911 1340
1908 1178
1905 -1192
1902 -1297
1899 -138
1896 -1315
1893 -155
1890 790
1887 1996
1884 -1773
1881 -1258
1878 -454
1875 1541
1872 -1946
1869 1971
1866 1240
1863 -619
1860 -646
1857 280
1854 -281
1851 1275
1848 -656
1845 572
1842 -849
1839 -574
1836 1303
1833 -662
1830 676
1827 -1471
1824 -530
1821 1658
1818 1022
1815 1713
1812 1021
1809 -1990
1806 -1626
1803 -1002
1800 -1607
1797 1402
1794 1006
1794 BOTTOMOFSTACK

2043 547
2040 587
2037 210
2034 2034
2031 1233
2028 1447
2025 1243
2022 1943
2019 -861
2016 -1040
2013 -22
2010 654
2007 -1610
2004 -1233
2001 1214
1998 427
1995 2019
1992 -1973
1989 1399
1986 -203
1983 55
1980 -191
1977 962
1974 -1466
1971 1641
1968 1826
1965 1818
1962 65
1959 941
1956 -777
1953 -1579
1950 -1150
1947 -1060
1944 -565
1941 1299
1938 -1894
1935 532
1932 -2029
1929 -311
1926 1961
1923 -963
1920 1242
1917 -2029
1914 -384
1911 -1453
1908 954
1905 503
1902 -1498
1899 -62
1896 -686
1893 -1616
1890 -435
1887 375
1884 1316
1881 -1499
1878 1640
1875 873
1872 271
1869 1015
1866 1517
1863 94
1860 -821
1857 1899
1854 -1474
1851 -1520
1848 341
1845 -1052
1842 1454
1839 -1375
1836 1193
1833 -1502
1830 1837
1827 -46
1824 -1518
1821 -255
1818 -1893
1815 -767
1812 153
1809 11
1806 543
1803 532
1800 -1063
1797 -505
1794 42
1791 430
1788 1996
1785 1508
1782 1292
1779 -1289
1776 -1324
1773 658
1770 -513
1767 1976
1764 1251
1761 1430
1758 1310
1755 -2009
1752 1942
1749 -1549
1746 1815
1743 1838
1740 -1940
1737 1372
1734 1210
1731 -1284
1728 1008
1725 1746
1722 1095
1719 298
1716 224
1713 59
1710 -1059
1707 838
1704 643
1701 -1321
1698 1076
1695 898
1692 -1145
1689 1473
1686 -1307
1683 423
1680 -1038
1677 1802
1674 249
1671 -535
1668 -828
1665 -1168
1662 1553
1659 647
1656 1260
1653 227
1650 1517
1647 1424
1644 1507
1641 1793
1638 999
1635 -1577
1632 1593
1629 -1508
1626 1292
1623 -1940
1620 567
1617 1939
1614 -1397
1611 -59
1608 -970
1605 -76
1602 -938
1599 362
1596 830
1593 1181
1590 1094
1587 701
1584 -1968
1581 -275
1578 1758
1575 709
1572 -1636
1569 -1069
1566 1871
1563 1217
1560 -1683
1557 37
1554 -1461
1551 -1412
1548 119
1545 -688
1542 396
1539 299
1536 831
1533 -459
1530 732
1527 796
1524 2046
1521 -1253
1518 1043
1515 1405
1512 -1138
1509 -734
1506 -1625
1503 1075
1500 2044
1497 1089
1494 -1664
1491 -1106
1488 -952
1485 970
1482 1460
1479 -1101
1476 1628
1473 -160
1470 -1283
1467 -1668
1464 -1850
1461 -1656
1458 1388
1455 1611
1452 352
1449 1269
1446 -1240
1443 507
1440 1249
1437 -1435
1434 -94
1431 -1728
1428 152
1425 1226
1422 1956
1419 1414
1416 -821
1413 944
1410 908
1407 658
1404 -280
1401 262
1398 1166
1395 1524
1392 398
1389 1182
1386 -1342
1383 -282
1380 1432
1377 -62
1374 -987
1371 1232
1371 BOTTOMOFSTACK

2037 1230
2034 384
2031 2031
2028 0
2025 224
2022 1630
2019 -1302
2016 -407
2013 -1914
2010 -514
2007 601
2004 -919
2001 941
1998 435
1995 -1398
1992 -1489
1989 2005
1986 134
1983 -296
1980 -901
1977 -1539
1974 1785
1971 -798
1968 1461
1965 261
1962 704
1959 872
1956 -841
1953 1096
1950 -128
1947 -1717
1944 -395
1941 -267
1938 222
1935 -1642
1932 853
1929 -1078
1926 -215
1923 -1580
1920 1295
1917 1199
1914 1968
1911 -941
1908 1977
1905 -925
1902 428
1899 1089
1896 -741
1893 508
1890 1920
1887 -760
1884 -1194
1881 -52
1878 1955
1875 -1118
1872 147
1869 -1670
1866 434
1863 1223
1860 -976
1857 1730
1854 -1481
1851 -1643
1848 -916
1845 -262
1842 751
1839 1554
1836 3
1833 -670
1830 1960
1827 -424
1824 -1807
1821 -199
1818 -1883
1815 0
1812 665
1809 1377
1806 -869
1803 -657
1800 -1596
1797 -763
1794 -862
1791 453
1788 490
1785 -7
1782 1823
1779 -286
1776 1367
1773 695
1773 BOTTOMOFSTACK

2025 1274
2022 241
2019 118
2016 576
2013 2013
2010 484
2007 -890
2004 716
2001 876
1998 625
1995 -1257
1992 1186
1989 -552
1986 405
1983 -721
1980 -1342
1977 -1264
1974 1859
1971 -1840
1968 -782
1965 1918
1962 -1839
1959 292
1956 339
1953 455
1950 -777
1947 1243
1944 -35
1941 1150
1938 -992
1935 -1154
1932 1104
1929 -1590
1926 -1918
1923 -645
1920 1268
1917 -1628
1914 -382
1911 684
1908 -552
1905 -684
1902 1851
1899 739
1896 493
1893 -1
1890 -708
1887 -1876
1884 1875
1881 -822
1878 1686
1875 -1242
1872 1083
1869 -55
1866 273
1863 -1100
1860 1695
1857 567
1854 1499
1851 -1952
1848 114
1845 1394
1842 -1137
1839 1456
1836 1189
1833 1727
1830 -852
1827 1158
1824 266
1821 -1711
1818 -1494
1815 1989
1812 1578
1809 -335
1806 1212
1803 745
1800 -478
1797 -1641
1794 -597
1791 848
1788 -2005
1785 -451
1782 1119
1779 1404
1776 705
1773 1127
1770 1952
1767 987
1764 -474
1761 -1956
1758 -895
1755 -1549
1752 -1528
1749 1992
1746 -1887
1743 -1401
1740 515
1737 -497
1734 925
1731 -1293
1728 155
1725 1900
1722 296
1719 1818
1716 -1499
1713 -2010
1710 1687
1707 1071
1704 1772
1701 835
1698 -542
1695 380
1692 -513
1692 BOTTOMOFSTACK

2004 1787
2001 653
1998 759
1995 1995
1992 907
1989 14
1986 457
1983 -1422
1980 60
1977 963
1974 -921
1971 -1070
1968 -600
1965 96
1962 1101
1959 1421
1956 -156
1953 1812
1950 1040
1947 -1893
1944 -416
1941 1807
1938 369
1935 -305
1932 1588
1929 -1086
1926 1357
1923 -500
1920 1214
1917 -1821
1914 -67
1911 1700
1908 45
1905 450
1902 665
1899 998
1896 1093
1893 1508
1890 -881
1887 -1459
1884 -1999
1881 1897
1878 -698
1875 -1141
1872 144
1869 1388
1866 -733
1863 646
1863 BOTTOMOFSTACK

2031 829
2028 1575
2025 872
2022 1464
2019 921
2016 2016
2013 900
2010 1030
2007 1894
2004 -944
2001 -129
1998 -644
1995 -1795
1992 -918
1989 -1898
1986 -2047
1983 -844
1980 -1861
1977 -374
1974 278
1971 -30
1968 -999
1965 675
1962 -66
1959 2021
1956 1070
1953 1846
1950 1058
1947 1266
1944 1310
1941 -19
1938 -1506
1935 657
1932 1823
1929 -1300
1926 -714
1923 -1585
1920 -1442
1917 -384
1914 -1561
1911 2029
1908 1707
1905 -1906
1902 -1485
1899 864
1896 -481
1893 -442
1890 -1245
1887 1272
1884 1233
1881 -24
1878 -1614
1875 1669
1872 -1970
1869 -1190
1866 1268
1863 165
1860 -1205
1857 568
1854 1450
1851 1598
1848 -1937
1845 1738
1842 -579
1839 956
1836 1144
1833 -152
1830 1288
1827 1149
1824 -811
1821 -106
1818 -1493
1815 1348
1812 729
1809 272
1806 221
1803 1242
1800 399
1797 505
1794 567
1791 204
1788 916
1785 178
1782 -1263
1779 494
1776 -155
1773 1207
1770 -1400
1767 1921
1764 -1189
1761 -1946
1758 1696
1755 -2006
1752 -1366
1749 -1477
1746 -1418
1743 143
1740 -123
1737 1492
1734 -1038
1731 -374
1728 616
1725 -1242
1722 779
1719 2017
1716 1031
1713 1716
1710 -920
1707 370
1704 -1066
1701 -1650
1698 1614
1695 -1326
1692 -1559
1689 652
1686 1734
1683 205
1680 1539
1677 179
1674 -1611
1671 -813
1668 2010
1665 1786
1662 1791
1659 221
1656 -1478
1653 280
1650 -731
1647 -327
1644 -339
1641 584
1638 -679
1635 -1735
1632 1786
1629 1779
1626 -363
1623 -1984
1620 -600
1617 1018
1614 -1750
1611 657
1608 -590
1605 -1948
1602 -748
1599 335
1596 -729
1593 -669
1590 -838
1587 1963
1584 1061
1581 566
1578 2022
1575 1577
1572 -1898
1569 278
1566 1156
1563 -1870
1560 1983
1557 -1691
1554 724
1551 1051
1548 645
1545 -505
1542 994
1539 -50
1536 104
1533 -1347
1530 1266
1527 61
1524 -1170
1521 -655
1518 -1981
1515 -1963
1512 -1836
1509 -1208
1506 -1881
1503 -746
1500 -651
1497 1519
1494 -1382
1491 1208
1488 961
1485 -1356
1482 -794
1479 -446
1476 430
1473 1139
1470 1836
1467 -135
1464 -1350
1464 BOTTOMOFSTACK

2031 13
2028 610
2025 1080
2022 2022
2019 -277
2016 1197
2013 1384
2010 -760
2007 1859
2004 -640
2001 2011
1998 546
1995 1101
1992 -1928
1989 1142
1986 -1785
1983 1131
1980 -356
1977 -1664
1974 -1190
1971 -860
1968 305
1965 1785
1962 -1214
1959 840
1956 1247
1953 1688
1950 846
1947 1262
1944 -1267
1941 1428
1938 677
1935 955
1932 1221
1929 576
1926 -1943
1923 1587
1920 -2
1917 -1815
1917 BOTTOMOFSTACK

