2031 375
2028 579
2025 773
2022 1370
2019 17
2016 2016
2013 60
2010 -928
2007 -1707
2004 -152
2001 -1451
1998 1517
1995 1951
1992 1890
1989 -2044
1986 -1319
1983 -1335
1980 -1649
1977 -1404
1974 -985
1971 1280
1968 128
1965 1543
1962 1212
1959 864
1956 624
1953 607
1950 -1667
1947 709
1944 -16
1941 910
1938 1784
1935 585
1932 1192
1929 1930
1926 947
1923 -374
1920 -1946
1917 1199
1914 -1847
1911 -34
1908 918
1905 1949
1902 1870
1899 -1234
1896 -914
1893 -1420
1890 170
1887 -2003
1884 -397
1881 1820
1878 -1262
1875 -1650
1872 1776
1869 -2001
1866 1834
1863 -627
1860 -1103
1857 -181
1854 1464
1851 -1768
1848 -182
1845 2040
1842 32
1839 -959
1836 -1545
1833 -918
1830 -1878
1827 110
1824 -119
1821 -987
1818 264
1815 -273
1812 1974
1809 1786
1806 1567
1803 -1230
1800 -164
1797 1440
1794 -1798
1791 -1270
1788 6
1785 -1399
1782 1781
1779 1032
1776 -143
1773 788
1770 -171
1767 -1787
1764 -1741
1761 -1132
1758 -823
1758 BOTTOMOFSTACK

2007 158
2004 399
2001 189
1998 1998
1995 -1877
1992 613
1989 -568
1986 -724
1983 -1564
1980 -1944
1977 725
1974 -860
1971 1083
1968 -1532
1965 628
1962 -1480
1959 58
1956 -313
1953 1005
1950 -453
1947 814
1944 -3
1941 -1997
1938 1370
1935 -910
1932 442
1929 229
1926 1930
1923 -503
1920 -674
1917 1108
1914 734
1911 302
1908 288
1905 -1120
1902 1249
1899 -307
1896 1806
1893 2035
1890 -1394
1887 2024
1884 -273
1881 1169
1878 -484
1875 -1795
1872 -51
1869 -669
1866 -1875
1863 -1357
1860 -1765
1857 2009
1854 1301
1851 -354
1848 492
1845 1146
1842 629
1839 934
1836 484
1833 -112
1830 1857
1827 -829
1824 407
1821 -838
1818 -1872
1815 1691
1812 1348
1809 1768
1806 820
1803 957
1800 1023
1797 445
1794 -248
1791 890
1788 -1689
1785 -1761
1782 1923
1779 380
1776 -1231
1773 -717
1770 -605
1767 778
1764 -972
1761 22
1758 -1996
1755 -283
1752 1707
1749 401
1746 360
1743 -687
1740 60
1737 1531
1734 567
1731 -1732
1728 948
1725 801
1722 -222
1719 1858
1716 1192
1713 1813
1710 -216
1707 1373
1704 -273
1701 470
1698 107
1695 -1170
1692 -1518
1689 598
1686 -568
1683 147
1680 -1204
1677 2045
1674 -873
1671 450
1668 1198
1665 1347
1662 -800
1659 573
1656 394
1653 -475
1650 3
1647 577
1644 1662
1641 -1271
1638 -595
1635 -1414
1632 1044
1629 -619
1626 1032
1623 1615
1620 1328
1617 -795
1614 -332
1611 302
1608 -1006
1605 536
1602 467
1599 -477
1596 823
1593 -2017
1590 653
1587 689
1584 -134
1581 654
1578 -990
1575 1382
1572 1336
1569 337
1566 -772
1563 1262
1560 846
1557 124
1554 -451
1551 -1110
1548 -1494
1545 -1899
1542 -1258
1539 -1373
1536 1160
1533 -236
1530 -624
1527 1250
1524 -108
1521 1877
1518 -1520
1515 -688
1512 1899
1509 -1225
1506 -374
1503 -117
1500 184
1497 1241
1494 -1731
1491 1984
1488 597
1485 1392
1482 -1691
1479 1143
1476 794
1473 1206
1470 -1284
1467 695
1464 689
1461 -264
1458 452
1455 184
1452 -1673
1449 407
1446 -1921
1443 767
1440 -1441
1437 -799
1434 -1542
1431 1608
1428 -974
1425 757
1422 -941
1419 1457
1416 1850
1413 -687
1410 -981
1407 -402
1404 136
1401 -905
1398 960
1395 1707
1392 -785
1389 1711
1386 -1281
1383 702
1380 -395
1377 1429
1374 2021
1371 250
1368 -992
1365 -1281
1362 1253
1359 -387
1356 -1054
1353 1646
1350 -1561
1347 1563
1344 1637
1341 -1691
1338 -1268
1335 320
1332 1960
1329 -646
1326 1796
1323 1788
1320 804
1317 -1212
1314 1235
1314 BOTTOMOFSTACK

2016 1998
2013 913
2010 1830
2007 360
2004 2004
2001 267
1998 983
1995 -580
1992 -1683
1989 106
1986 868
1983 -1483
1980 -477
1977 -1891
1974 1723
1971 -833
1968 -502
1965 -419
1962 -1246
1959 572
1956 -1828
1953 -1647
1950 -995
1947 -1810
1944 -2018
1941 463
1938 1758
1935 -182
1932 1400
1929 1268
1926 589
1923 2007
1920 -1712
1917 895
1914 1249
1911 2040
1908 -1732
1905 -425
1902 1951
1899 -1474
1896 465
1893 -1588
1890 617
1887 837
1884 -23
1881 1210
1878 47
1875 -1445
1872 -532
1869 1939
1866 625
1863 -1280
1860 -728
1857 -1779
1854 -1701
1851 -637
1848 -1877
1845 1161
1842 -910
1839 633
1836 1523
1833 -1927
1830 181
1827 -1474
1824 1993
1821 51
1818 -469
1815 48
1812 1596
1809 -1183
1806 366
1803 1523
1800 392
1797 -158
1794 1952
1791 1813
1788 -1746
1785 -1712
1782 -151
1779 1767
1776 -1250
1773 -1911
1770 -479
1767 -891
1764 416
1761 1645
1758 -228
1755 -944
1752 1876
1749 -33
1746 146
1743 -229
1740 -1597
1737 -1675
1734 1878
1731 -1808
1728 -1038
1725 73
1722 -11
1719 122
1716 -859
1713 -1834
1710 -214
1707 1409
1704 2040
1701 -177
1698 1086
1695 189
1692 -502
1689 649
1686 -477
1683 -1419
1680 -1172
1677 640
1674 -168
1671 968
1668 1864
1665 -1159
1662 1488
1659 1926
1656 -1021
1653 -602
1650 45
1647 626
1644 238
1641 1354
1638 1143
1635 -1062
1632 1876
1629 -24
1626 -680
1623 -246
1620 -804
1617 -1313
1614 1753
1611 -304
1608 1854
1605 -828
1602 1078
1599 -1304
1596 -1060
1593 -189
1590 114
1587 -1514
1584 871
1581 704
1578 -1999
1575 1762
1572 400
1569 -1465
1566 -338
1563 -838
1560 1782
1557 -1671
1554 473
1551 -1702
1548 -217
1545 -1362
1545 BOTTOMOFSTACK

2016 1932
2013 534
2010 2010
2007 1228
2004 -1918
2001 1503
1998 -969
1995 -1429
1992 -594
1989 370
1986 -517
1983 1122
1980 1374
1977 -711
1974 560
1971 -454
1968 1399
1965 1237
1962 637
1959 754
1956 1624
1953 369
1950 -1928
1947 -685
1944 418
1941 -1715
1938 1074
1935 -807
1932 736
1929 -1706
1926 945
1923 -763
1920 1166
1917 -828
1914 -632
1911 818
1908 -924
1905 -1298
1902 420
1899 493
1896 1557
1893 -92
1890 -329
1887 -1375
1884 -1261
1881 433
1878 978
1875 -1116
1872 -2038
1869 -329
1866 -889
1863 -912
1860 -398
1857 508
1854 -64
1851 -383
1848 -97
1845 792
1842 -1690
1839 585
1836 353
1833 -532
1830 -927
1827 45
1824 1620
1821 -1706
1818 1088
1815 -1211
1812 -1891
1809 1695
1806 -1573
1803 1555
1800 -1027
1797 -1260
1794 881
1791 1299
1788 -1929
1785 -1658
1782 252
1779 1930
1776 1842
1773 -39
1770 -819
1767 2026
1764 -931
1761 -1947
1758 21
1755 1446
1752 325
1749 -1676
1746 1207
1743 -978
1740 102
1737 1701
1734 1638
1731 1053
1728 -67
1725 534
1722 -542
1719 1329
1716 653
1713 -302
1710 -1894
1707 67
1704 -123
1701 734
1698 1138
1695 729
1692 -104
1689 -1098
1686 704
1683 -621
1680 408
1677 117
1674 385
1671 1048
1668 927
1665 1037
1662 1695
1659 -790
1656 -1912
1653 -494
1650 -1181
1647 -1140
1644 2032
1641 -1770
1638 -626
1635 1019
1632 405
1629 1246
1626 -755
1623 -70
1620 -1888
1617 -1976
1614 1103
1611 1241
1608 1494
1605 -9
1602 625
1599 1101
1596 -1371
1593 -1396
1590 -887
1587 -967
1584 -484
1581 -1941
1578 -1764
1575 1257
1572 1272
1569 900
1566 715
1563 1756
1560 -458
1557 634
1554 1250
1551 1803
1548 741
1545 -1624
1542 -120
1539 333
1536 375
1533 241
1530 393
1527 -1710
1524 -1602
1524 BOTTOMOFSTACK

2046 302
2043 28
2040 572
2037 1707
2034 693
2031 2031
2028 1627
2025 -945
2022 -972
2019 -185
2016 -1524
2013 -1002
2010 -368
2007 -556
2004 1787
2001 -589
1998 1892
1995 135
1992 1623
1989 -364
1986 -1729
1983 1792
1980 1511
1977 1475
1974 1088
1971 -387
1968 1619
1965 -548
1962 -1111
1959 1524
1956 -2008
1953 -55
1950 -1568
1947 -952
1944 -1417
1941 -1309
1938 742
1935 1341
1932 -172
1929 -1701
1926 1054
1923 -917
1920 326
1917 -1631
1914 -1699
1911 288
1908 2001
1905 -345
1902 46
1899 -420
1896 367
1893 424
1890 1391
1887 -736
1884 1440
1881 2025
1878 1001
1875 1435
1872 498
1869 -1032
1866 2021
1863 1351
1860 -1385
1857 -94
1854 871
1851 -902
1848 -768
1848 BOTTOMOFSTACK

