2031 2019
2028 38
2025 2025
2022 0
2019 1530
2016 -28
2013 1954
2010 62
2007 -1157
2004 -525
2001 764
1998 1520
1995 -1032
1992 1985
1989 541
1986 990
1983 1012
1980 -1983
1977 -1016
1974 687
1971 1005
1968 -442
1965 151
1962 883
1959 -874
1956 295
1953 92
1950 460
1947 -1651
1944 1982
1941 -295
1938 -22
1935 222
1932 -1596
1929 1139
1926 -676
1923 -1015
1920 1136
1917 -1464
1914 1662
1911 -1189
1908 -283
1905 -1622
1902 1346
1899 1994
1896 -337
1893 -1507
1890 -1215
1887 1747
1884 240
1881 -1400
1878 416
1875 1112
1872 602
1869 -330
1866 -1493
1863 -193
1860 2
1857 -1364
1854 -14
1851 -1401
1848 -1856
1845 -1038
1842 1315
1839 -221
1836 -406
1833 -1809
1830 1926
1827 -1876
1824 1945
1821 451
1818 225
1815 2003
1812 689
1809 1369
1806 1261
1803 1785
1800 -1688
1797 822
1794 -555
1791 137
1788 -485
1785 -1932
1782 692
1779 -1426
1776 -227
1773 143
1770 251
1767 -1303
1764 1851
1761 33
1758 -1599
1755 20
1752 126
1749 -745
1746 1169
1743 -1006
1740 -1440
1737 -291
1734 -878
1731 -603
1728 60
1725 1762
1722 -307
1719 -302
1716 1191
1713 -1951
1710 -1068
1707 1588
1704 1131
1701 107
1698 472
1695 1404
1692 878
1689 -673
1686 -280
1683 -1537
1680 -2022
1677 1316
1674 -1438
1671 1430
1668 1325
1665 775
1662 -1855
1659 1094
1656 420
1653 -1562
1650 -877
1647 1478
1644 -1064
1641 -860
1638 -886
1635 1988
1632 -743
1629 -918
1626 1376
1623 -1243
1620 813
1617 -1429
1614 -299
1611 -1807
1608 1037
1605 -339
1602 -577
1599 -1898
1596 1089
1593 344
1590 1258
1587 1337
1584 1846
1581 686
1578 -624
1575 -55
1572 -1927
1569 1472
1566 -1160
1563 -1970
1560 1825
1557 -1294
1554 -354
1551 -1993
1548 -2045
1545 134
1542 -866
1539 705
1536 -1376
1533 -162
1530 -1414
1527 -469
1527 BOTTOMOFSTACK

2004 1364
2001 219
1998 1998
1995 -933
1992 -1760
1989 1493
1986 -281
1983 -1309
1980 1108
1977 1116
1974 -647
1971 -924
1968 434
1965 -1805
1962 680
1959 709
1956 -1844
1953 1492
1950 873
1947 -1280
1944 387
1941 -744
1938 89
1935 -68
1932 240
1929 -1586
1926 -1011
1923 1083
1920 -1802
1917 -895
1914 626
1911 2001
1908 768
1905 1298
1902 1651
1902 BOTTOMOFSTACK

2034 292
2031 2001
2028 414
2025 2025
2022 1153
2019 -1705
2016 1221
2013 -1381
2010 1177
2007 992
2004 -57
2001 -436
1998 -744
1995 1299
1992 1988
1989 -1996
1986 515
1983 1441
1980 -1752
1977 -830
1974 972
1971 -780
1968 1536
1965 65
1962 -859
1959 121
1956 -1236
1953 869
1950 49
1947 -1044
1944 -1569
1941 -1843
1938 -797
1935 1181
1932 719
1929 -229
1926 299
1923 -1549
1920 855
1917 -1051
1914 2017
1911 -1831
1908 1606
1905 1339
1902 1483
1899 -290
1896 -975
1893 348
1890 1087
1887 445
1884 1322
1881 742
1878 -634
1875 -282
1872 567
1869 962
1866 -1103
1863 1124
1860 -1727
1857 1441
1854 -1345
1851 1249
1848 279
1845 23
1842 253
1839 -1629
1836 -1777
1833 -1930
1830 1044
1827 -1998
1824 -1063
1821 1331
1818 -174
1815 485
1812 621
1809 -285
1806 -2038
1803 -1150
1800 1999
1797 460
1794 -662
1791 -1966
1788 -572
1785 -248
1782 214
1779 -227
1776 -407
1773 -1690
1770 286
1767 1247
1764 -925
1761 1924
1758 194
1755 101
1752 1756
1749 173
1746 1691
1743 -1028
1740 -1696
1737 225
1734 -1431
1731 -1205
1728 493
1725 -1768
1722 1272
1719 661
1716 123
1713 -396
1710 -403
1707 -1879
1704 1707
1701 404
1698 -1899
1695 1380
1692 -1088
1689 -1395
1686 -1817
1683 -1814
1680 -218
1677 -1266
1674 1585
1671 -1905
1668 -449
1665 -2022
1662 -293
1659 -1428
1656 -331
1653 -1311
1650 1798
1647 -939
1644 1175
1641 -1520
1638 -610
1635 1291
1632 -358
1629 735
1626 -1594
1623 -1546
1620 1933
1617 -1691
1614 1329
1611 1169
1608 58
1605 1758
1602 -793
1602 BOTTOMOFSTACK

2010 655
2007 1013
2004 1515
2001 865
1998 582
1995 1995
1992 1201
1989 -1935
1986 -252
1983 -1334
1980 -503
1977 -345
1974 -767
1971 -366
1968 400
1965 -1007
1962 1958
1959 -1133
1956 -668
1953 -993
1950 -637
1947 -1311
1944 1725
1941 -1210
1938 -1906
1935 -1390
1932 -266
1929 -921
1926 -84
1923 1856
1920 -121
1917 -92
1914 845
1911 -1067
1908 1365
1905 1513
1902 -1346
1899 681
1896 -344
1893 767
1890 607
1887 -601
1884 1467
1881 -1503
1878 -477
1875 -1464
1872 1727
1869 1137
1866 -1420
1863 1371
1860 -1122
1857 -1917
1854 -279
1851 31
1848 -192
1845 -1439
1842 -1373
1839 -1395
1836 37
1833 -1998
1830 437
1827 983
1824 -1613
1821 1184
1818 1927
1815 1364
1812 -1149
1809 -962
1806 1741
1803 705
1800 -1301
1800 BOTTOMOFSTACK

2052 1707
2049 30
2046 1534
2043 269
2040 765
2037 2037
2034 -1973
2031 -1377
2028 -178
2025 -1505
2022 213
2019 206
2016 1705
2013 770
2010 326
2007 1957
2004 1732
2001 1193
1998 -95
1995 -323
1992 -1864
1989 1686
1986 399
1983 -922
1980 -1256
1977 113
1974 1661
1971 192
1968 -143
1965 1386
1962 -260
1959 293
1956 -2006
1953 -1653
1950 1749
1947 -23
1944 -1134
1941 -1859
1938 0
1935 128
1932 263
1929 1887
1926 1968
1923 2035
1920 -96
1917 -188
1914 1544
1911 333
1908 844
1905 -1562
1902 750
1899 -493
1896 -1758
1893 604
1890 -1104
1887 -1062
1884 -1807
1881 -1171
1878 324
1875 282
1872 1360
1869 -89
1866 1328
1863 -167
1860 -1872
1857 -2027
1854 -859
1851 -670
1848 1527
1845 -278
1842 1021
1839 -810
1836 2039
1833 756
1830 506
1827 1303
1824 1655
1821 -1717
1818 -155
1815 977
1812 -1408
1809 -820
1806 -159
1803 -596
1800 591
1797 -498
1794 1781
1791 -707
1788 328
1785 -1107
1782 1769
1779 -439
1776 548
1773 -228
1770 -497
1767 1449
1764 1773
1761 1126
1758 -4
1755 -2033
1752 1029
1749 -754
1746 -492
1743 -1126
1740 -1284
1737 -1199
1734 -1681
1731 1177
1728 1379
1725 -280
1722 1400
1719 -864
1716 1837
1713 524
1710 252
1707 -670
1704 1945
1701 1846
1698 1516
1695 -1728
1692 788
1692 BOTTOMOFSTACK

2019 488
2016 954
2013 2013
2010 0
2007 -83
2004 -1077
2001 -982
1998 -1472
1995 1381
1992 -544
1989 -1822
1986 -1596
1983 -176
1980 -660
1977 119
1974 1516
1971 -1107
1968 402
1965 1475
1962 -892
1959 -40
1956 1481
1953 1615
1953 BOTTOMOFSTACK

2016 449
2013 1210
2010 351
2007 1134
2004 2004
2001 1170
1998 1283
1995 1690
1992 577
1989 1879
1986 -448
1983 -1030
1980 -1038
1977 -252
1974 462
1971 -1912
1968 1413
1965 1748
1962 356
1959 1948
1956 -696
1953 -1097
1950 -391
1947 -1253
1944 -388
1941 939
1938 -1054
1935 1524
1932 578
1929 -1121
1926 1767
1923 506
1920 -726
1917 -1874
1914 -575
1911 -1319
1908 1360
1905 1379
1902 1044
1899 1397
1896 1668
1893 -1876
1890 1717
1887 -1983
1884 1757
1881 990
1878 1698
1875 -141
1872 -210
1869 -1100
1866 -166
1863 -646
1860 1867
1857 61
1854 1058
1851 -1523
1848 750
1845 -1499
1842 -1964
1839 626
1836 1235
1833 1656
1830 -1162
1827 -625
1824 -1568
1821 -239
1818 655
1815 -1737
1812 500
1809 -1914
1806 2008
1803 -316
1800 -527
1797 1034
1794 -630
1791 858
1788 -770
1785 772
1782 -1133
1779 -497
1776 923
1773 -1702
1770 -919
1767 -337
1764 1002
1761 -959
1761 BOTTOMOFSTACK

2022 1203
2019 1024
2016 1002
2013 1308
2010 2010
2007 432
2004 -514
2001 -1490
1998 1829
1995 1236
1992 1155
1989 1548
1986 -225
1983 1030
1980 654
1977 1169
1974 1362
1971 -1695
1968 293
1965 1492
1962 84
1959 -1141
1956 841
1953 1559
1950 1767
1947 -1712
1944 -2018
1941 226
1938 -1909
1935 -1724
1932 -544
1929 1395
1926 479
1923 -1596
1920 571
1917 1085
1914 -1637
1911 -1848
1908 -1743
1905 126
1902 -84
1899 690
1896 459
1893 -1515
1890 1145
1887 908
1884 -1017
1881 1039
1878 640
1875 1811
1872 1727
1869 -65
1866 -127
1863 -348
1860 -501
1857 1017
1854 1670
1851 1813
1848 -1970
1845 452
1842 1029
1839 -856
1836 168
1833 1685
1830 -1179
1827 -1199
1824 -1059
1821 1074
1818 1743
1815 -1320
1812 -475
1809 854
1806 336
1803 1274
1800 -940
1797 2011
1794 -583
1791 -1268
1788 18
1785 378
1782 645
1779 790
1776 -519
1773 813
1770 -391
1767 1341
1764 -1368
1761 205
1758 463
1755 523
1752 0
1749 -1519
1746 1584
1743 -2024
1740 -404
1737 -38
1734 -2026
1731 598
1728 964
1725 -2032
1722 -1686
1719 -1624
1716 1703
1713 -566
1710 331
1707 -1637
1704 -1987
1701 1704
1698 -966
1695 961
1692 308
1689 890
1686 1037
1683 -2007
1680 236
1677 -490
1674 -226
1671 -421
1668 675
1665 879
1662 -624
1659 224
1656 464
1653 774
1650 1585
1647 -980
1644 511
1641 356
1638 -318
1635 -950
1632 -1591
1629 -574
1626 417
1623 1466
1620 -1396
1617 -772
1614 -365
1611 1223
1608 1310
1605 -166
1602 1008
1599 -1893
1596 597
1593 -222
1590 -23
1587 420
1584 -436
1581 1826
1578 1055
1575 -943
1572 1123
1569 814
1566 -2030
1563 1952
1560 -637
1557 1391
1554 -826
1551 -331
1548 -511
1545 -1843
1542 1700
1539 728
1536 1623
1533 1747
1530 -1613
1527 -1462
1524 322
1521 1397
1518 934
1515 -442
1512 -765
1509 -1472
1506 41
1503 -666
1500 946
1497 437
1494 453
1491 1892
1488 -288
1485 -192
1482 663
1479 -779
1476 165
1473 -388
1470 -774
1467 -195
1464 -1315
1461 805
1458 -1958
1455 221
1452 321
1449 -1012
1446 -1694
1443 1910
1440 -410
1437 1198
1434 113
1431 -1139
1428 -1675
1425 952
1422 -345
1422 BOTTOMOFSTACK

2028 1296
2025 1476
2022 2022
2019 -2034
2016 -800
2013 1325
2010 -245
2007 2025
2004 -933
2001 1603
1998 -2042
1995 -1640
1992 1485
1989 -1811
1986 848
1983 -1733
1980 -1799
1977 -1949
1974 -1281
1971 -1942
1968 1039
1965 813
1962 -1717
1959 1526
1956 1450
1953 -726
1950 73
1947 -1454
1944 960
1941 -776
1938 -1370
1935 1203
1932 -755
1929 -817
1926 1029
1923 928
1920 -446
1917 -1955
1914 1005
1911 935
1908 1579
1905 -1907
1902 427
1899 101
1896 -1488
1893 -1223
1890 1719
1887 -1830
1884 -905
1881 -1594
1878 503
1875 -1846
1872 856
1869 675
1866 270
1863 148
1860 2007
1857 1518
1854 1270
1851 -745
1848 -1841
1845 671
1842 -1027
1839 689
1836 258
1833 1123
1830 1384
1827 2015
1824 972
1821 120
1818 -458
1815 -199
1812 1150
1809 -588
1806 1090
1803 1565
1800 -1655
1797 972
1794 1814
1791 2025
1788 1636
1785 -1947
1782 1198
1779 -1725
1776 1681
1773 -1242
1773 BOTTOMOFSTACK

