2010 916
2007 169
2004 592
2001 42
1998 1998
1995 -698
1992 1341
1989 -427
1986 -952
1983 -986
1980 -796
1977 -307
1974 1540
1971 130
1968 161
1965 640
1962 -982
1959 -17
1956 1639
1953 -1415
1950 232
1947 -168
1944 109
1941 -143
1938 1
1935 -864
1932 -1670
1929 1127
1926 -1717
1923 1595
1920 1795
1917 -883
1914 -95
1911 -1355
1911 BOTTOMOFSTACK

2043 1241
2040 510
2037 408
2034 243
2031 2031
2028 0
2025 664
2022 -795
2019 32
2016 515
2013 -744
2010 703
2007 862
2004 -1904
2001 -669
1998 -122
1995 1987
1992 1428
1989 -455
1986 1059
1983 1738
1980 155
1977 -538
1974 -119
1971 -1342
1968 1972
1965 -239
1962 -702
1959 538
1956 1987
1953 -176
1950 1668
1947 1853
1944 9
1941 -734
1938 -1009
1935 -587
1932 1263
1929 -1177
1926 1416
1923 -96
1920 473
1917 240
1914 269
1911 1253
1908 112
1905 -619
1902 -604
1899 922
1896 688
1893 -1889
1890 -1114
1887 124
1884 1368
1881 723
1878 -238
1875 -2002
1872 -380
1869 -1846
1866 1940
1863 -1047
1860 -377
1857 -1437
1854 308
1851 -1964
1848 -1645
1845 -224
1842 37
1839 -1402
1836 1369
1833 -45
1830 -1929
1827 -1153
1824 -1073
1821 414
1818 -1905
1815 208
1815 BOTTOMOFSTACK

2019 1012
2016 1215
2013 1818
2010 444
2007 2007
2004 1858
2001 1448
1998 -618
1995 -1626
1992 1350
1989 468
1986 -814
1983 1444
1980 1089
1977 1834
1974 532
1971 -1574
1968 -23
1965 826
1962 1796
1959 -1819
1956 1252
1953 1728
1950 606
1947 869
1944 -1000
1941 -18
1938 -87
1935 1593
1932 -420
1929 -264
1926 -1342
1923 14
1920 1528
1917 380
1914 1453
1911 -1366
1908 681
1905 -1481
1902 1681
1899 1288
1896 -156
1893 -838
1890 -1882
1887 1837
1884 1528
1881 -1802
1878 -1276
1875 -1899
1872 -430
1869 1537
1866 -1677
1863 743
1860 -1191
1857 -871
1854 1311
1851 528
1848 953
1845 -405
1842 -1371
1839 -49
1836 1382
1833 1222
1830 -1023
1827 -1358
1824 -1003
1821 -288
1818 -1000
1815 1420
1812 -502
1809 496
1806 1525
1803 -244
1800 -1095
1797 1898
1794 -814
1791 1830
1788 1548
1785 816
1782 -844
1779 1127
1776 -1023
1773 -65
1770 -1671
1767 1260
1764 1361
1761 -417
1758 1279
1755 941
1755 BOTTOMOFSTACK

2010 881
2007 1311
2004 1571
2001 612
1998 1998
1995 -1955
1992 1788
1989 -1284
1986 1874
1983 1414
1980 -1951
1977 -310
1974 629
1971 341
1968 -381
1965 1301
1962 -922
1959 900
1956 1233
1953 -762
1950 -111
1947 656
1944 -390
1941 -617
1938 771
1935 -1514
1932 -1479
1929 2025
1926 1176
1923 2047
1920 -1327
1917 -340
1914 145
1911 -1865
1908 980
1905 -1886
1902 982
1899 251
1896 -854
1893 109
1890 -283
1887 1979
1884 -1325
1881 -1358
1881 BOTTOMOFSTACK

