2049 1941
2046 1712
2043 1100
2040 308
2037 12
2034 2034
2031 -1473
2028 -80
2025 1212
2022 -1022
2019 -282
2016 -1842
2013 1327
2010 1457
2007 5
2004 376
2001 -1968
1998 1601
1995 1384
1992 2033
1989 -882
1986 -1141
1983 173
1980 1925
1977 -842
1974 1882
1971 -43
1968 -1566
1965 -109
1962 -1968
1959 -314
1956 1768
1953 1585
1950 1493
1947 -1662
1944 -852
1941 558
1938 216
1935 -2011
1932 1845
1929 1421
1926 1220
1923 -831
1920 1636
1917 1119
1914 -1398
1911 -985
1908 1340
1905 1700
1902 -1954
1899 1406
1896 945
1893 1344
1890 -416
1887 -282
1884 1367
1881 -1361
1878 -1169
1875 1523
1872 -1281
1869 1689
1866 -1558
1863 -1004
1860 -1223
1857 -940
1854 198
1851 248
1848 1454
1845 -772
1842 17
1839 1432
1836 1051
1833 -1837
1830 -1381
1827 -823
1824 1560
1821 1549
1818 -1343
1815 -696
1812 -1298
1809 -84
1806 -528
1803 1823
1800 1154
1797 -1950
1794 -1376
1791 -856
1788 -43
1785 -695
1782 -91
1779 919
1776 122
1773 1234
1770 -868
1767 204
1764 -156
1761 -18
1758 1276
1755 -332
1752 1300
1749 817
1746 1899
1743 854
1740 -50
1737 -1943
1737 BOTTOMOFSTACK

