2043 1855
2040 38
2037 2037
2034 420
2031 -1733
2028 -223
2025 544
2022 1369
2019 1930
2016 -494
2013 1071
2010 1118
2007 78
2004 706
2001 1760
1998 -574
1995 595
1992 -1027
1989 2003
1986 359
1983 -246
1980 -751
1977 -643
1974 1831
1971 -491
1968 -2037
1965 1805
1962 -981
1959 892
1956 1662
1953 -1193
1950 1526
1947 -495
1944 -615
1941 -1708
1938 50
1935 1555
1932 -636
1929 20
1926 397
1923 -529
1920 548
1917 370
1914 315
1911 -1391
1908 393
1905 1243
1902 -1487
1899 666
1896 -177
1893 18
1890 319
1887 -1693
1884 -207
1881 -2002
1878 510
1875 344
1872 -1284
1869 1218
1866 -971
1863 -1959
1860 -1695
1857 -195
1854 232
1851 2019
1848 -1892
1845 1459
1842 1913
1839 -111
1836 -1540
1833 -153
1830 -1839
1827 1958
1824 -370
1821 727
1818 -136
1815 379
1812 -522
1809 -315
1806 -47
1803 1283
1800 -1483
1797 134
1794 1814
1791 -1009
1788 2002
1785 -748
1782 1265
1779 -1993
1776 1203
1773 -1469
1770 -1207
1767 -891
1764 104
1761 -529
1758 -144
1755 825
1752 431
1749 -210
1746 -2031
1743 1897
1740 345
1737 -1713
1734 -855
1731 344
1731 BOTTOMOFSTACK

2019 935
2016 222
2013 2013
2010 1328
2007 1325
2004 -1272
2001 1845
1998 287
1995 -970
1992 -1400
1989 1527
1986 1781
1983 -1584
1980 -318
1977 -754
1974 -1564
1971 -1768
1968 -990
1965 -754
1962 1582
1959 696
1956 1243
1953 774
1950 -102
1947 -1360
1944 1224
1941 980
1938 374
1935 1558
1932 124
1929 1001
1926 1433
1923 588
1920 836
1917 70
1914 745
1911 148
1908 1386
1905 1052
1902 1292
1899 -456
1896 -1682
1893 1801
1890 -1939
1887 -1652
1884 624
1881 -523
1878 1913
1875 357
1872 -1244
1869 -1292
1866 -1332
1863 1593
1860 55
1857 4
1854 -1889
1851 -2020
1848 1174
1845 -1478
1842 247
1839 1773
1836 1158
1833 2029
1830 -604
1827 -413
1824 -1956
1821 -156
1818 -350
1815 26
1812 379
1809 1430
1806 -976
1803 685
1800 313
1797 -1231
1794 -1558
1791 1944
1791 BOTTOMOFSTACK

2013 414
2010 932
2007 1163
2004 417
2001 2001
1998 1164
1995 1817
1992 -1715
1989 1066
1986 -773
1983 -579
1980 -51
1977 -783
1974 -355
1971 -106
1968 1562
1965 -691
1962 -851
1959 1566
1956 -974
1953 -637
1950 220
1947 -1883
1944 1331
1941 24
1938 1731
1935 -794
1932 429
1929 1988
1926 738
1923 966
1920 -1648
1917 949
1914 -1633
1911 -1798
1908 630
1905 -1172
1902 942
1899 1440
1896 64
1893 1615
1890 -1918
1887 -1643
1884 607
1881 1106
1878 628
1875 -1582
1872 268
1869 53
1866 -123
1863 -1867
1860 -622
1857 1651
1854 377
1851 561
1848 -578
1845 1661
1842 1594
1839 568
1836 -543
1833 -1728
1830 730
1827 1743
1824 -1768
1821 1349
1818 193
1815 1096
1812 1647
1809 748
1806 1897
1803 -762
1800 1642
1797 -763
1794 1680
1791 -1941
1788 1877
1785 1918
1782 -497
1779 -7
1776 -1195
1773 -1118
1770 311
1767 1622
1764 1642
1761 2037
1758 -1601
1755 1177
1752 592
1749 1569
1746 336
1743 -1969
1740 -1512
1737 511
1734 -882
1731 1855
1728 -1913
1725 430
1722 -821
1719 722
1716 -19
1713 -98
1710 -1195
1707 1953
1704 -668
1701 1173
1698 -800
1695 826
1692 1982
1689 1998
1686 -1979
1683 -936
1680 1697
1677 -1711
1674 -1035
1671 873
1668 -380
1665 -680
1662 -879
1659 -519
1656 -1839
1653 -271
1650 1844
1647 1689
1644 -1894
1641 163
1638 -465
1635 1978
1632 -1547
1629 16
1626 -1535
1623 -618
1620 969
1617 1944
1614 -1022
1611 454
1611 BOTTOMOFSTACK

2022 989
2019 600
2016 2016
2013 982
2010 1267
2007 979
2004 352
2001 -670
1998 -1068
1995 489
1992 -801
1989 -1701
1986 2040
1983 1113
1980 -1134
1977 -112
1974 1587
1971 -854
1968 855
1965 665
1962 -1716
1959 77
1956 1351
1953 1246
1950 1659
1947 797
1944 1338
1941 -52
1938 423
1935 -1304
1932 -1862
1929 1234
1926 -240
1923 1005
1920 -1339
1917 1916
1914 -826
1911 -333
1908 1713
1905 1043
1902 -1790
1899 1463
1896 669
1893 789
1890 -1276
1887 923
1884 -536
1881 1564
1878 -701
1875 -1566
1872 -1568
1869 1614
1866 1928
1863 -1895
1860 -923
1857 1541
1854 353
1851 896
1848 1116
1845 -1019
1842 1048
1839 -693
1836 749
1833 -1601
1830 1069
1827 -1739
1824 709
1821 348
1818 -469
1815 656
1812 1145
1809 967
1806 -318
1806 BOTTOMOFSTACK

2019 243
2016 783
2013 2013
2010 -80
2007 -724
2004 1145
2001 -272
1998 -1224
1995 412
1992 -1299
1989 -358
1986 1448
1983 -834
1980 -906
1977 -290
1974 -1083
1971 660
1968 144
1965 -1097
1962 50
1959 -477
1956 586
1953 -1481
1950 1014
1947 1751
1944 976
1941 681
1938 1098
1935 -1967
1932 282
1929 -75
1926 1621
1923 -1991
1920 1298
1917 -686
1914 435
1911 351
1908 -1610
1905 -700
1902 811
1899 -1875
1896 -1152
1893 -1992
1890 1037
1887 573
1884 747
1881 -649
1878 -1190
1875 706
1872 -1340
1869 -2030
1866 -592
1863 -67
1860 -1182
1857 -276
1854 -1568
1851 -803
1848 1878
1845 719
1842 1163
1839 -881
1836 411
1833 1939
1830 227
1827 564
1824 1777
1821 431
1818 162
1815 -1037
1812 1565
1809 -982
1806 900
1803 -1413
1800 -1138
1797 -1633
1794 -950
1791 -269
1788 -1874
1785 1080
1782 -116
1779 1623
1776 -200
1773 -726
1770 -249
1767 724
1764 -234
1761 -70
1758 -547
1755 770
1752 -60
1749 1889
1746 -2024
1743 1357
1740 1398
1737 -546
1734 -602
1731 1331
1728 -107
1725 866
1722 -1287
1719 73
1716 346
1713 375
1710 1407
1707 312
1704 -523
1701 -2034
1698 -171
1695 178
1692 1034
1689 -364
1686 -1799
1683 -129
1680 -1695
1677 827
1674 272
1671 -123
1668 -1274
1665 -1684
1662 956
1659 232
1656 -794
1653 351
1650 1586
1647 -736
1644 1670
1641 -1425
1638 -251
1635 -745
1632 985
1629 596
1626 547
1623 -1526
1620 1794
1617 411
1614 1080
1611 651
1608 -828
1605 623
1602 -643
1599 1569
1596 -1952
1593 -201
1590 -704
1587 -1615
1584 543
1581 -1033
1578 -13
1575 -897
1572 1142
1569 -1873
1566 1655
1563 1759
1560 22
1557 -43
1554 -508
1551 -1940
1548 -138
1545 1021
1542 -874
1539 189
1536 76
1533 1941
1530 1170
1527 -1846
1524 1901
1521 2024
1518 97
1515 -1796
1512 -1063
1509 1779
1506 307
1503 -1575
1500 1169
1497 112
1494 -1926
1491 -275
1488 1458
1485 -445
1482 643
1479 -850
1476 1840
1473 -559
1470 392
1467 -900
1464 207
1461 1401
1458 -327
1455 1013
1452 -66
1449 -403
1446 424
1443 1112
1440 1873
1437 -1706
1434 -1387
1431 -1590
1428 -755
1425 -1508
1422 295
1419 -740
1416 -951
1413 -1402
1410 -1216
1407 -1341
1404 1639
1401 -1712
1398 1332
1395 867
1392 1542
1389 1775
1386 -772
1383 456
1380 605
1377 677
1374 -819
1371 -1378
1371 BOTTOMOFSTACK

