2001 29
1998 24
1995 1995
1992 877
1989 -1297
1986 1141
1983 -75
1980 1964
1977 1853
1974 1357
1971 645
1968 172
1965 -1474
1962 670
1959 368
1956 -1761
1953 -1038
1950 -275
1947 -1172
1944 -298
1941 206
1938 -1033
1935 886
1932 -1863
1929 -2014
1926 1402
1923 -1243
1920 794
1917 1816
1914 -1854
1911 1455
1908 1016
1905 474
1902 -1042
1899 306
1896 -1815
1893 -1439
1890 -1256
1887 405
1884 936
1881 560
1878 -386
1875 1843
1872 -74
1869 517
1866 1973
1863 1430
1860 380
1857 1615
1854 956
1851 389
1848 -1014
1845 -605
1842 -725
1839 -396
1836 1786
1833 227
1830 1068
1827 -892
1824 1068
1821 778
1818 -217
1815 -33
1812 -1256
1809 283
1806 1564
1803 1420
1800 874
1797 -524
1794 1981
1791 71
1788 270
1785 -1448
1782 -1843
1779 -1279
1776 577
1773 -1178
1770 -1643
1767 178
1764 -1527
1761 920
1758 -174
1755 -470
1752 -1608
1749 888
1746 1454
1743 -1027
1740 895
1737 110
1734 -1558
1731 712
1728 -1593
1725 -1505
1722 906
1719 -834
1716 -757
1713 1235
1710 1763
1707 750
1704 1291
1701 1825
1698 -675
1695 227
1692 999
1689 -1785
1686 -977
1683 180
1680 1578
1677 1143
1674 -656
1671 -270
1668 -1076
1665 1805
1662 500
1659 664
1656 1375
1653 1600
1650 -531
1647 -680
1644 1860
1641 -384
1638 1200
1635 -395
1632 -1497
1629 1349
1626 331
1623 162
1620 -1838
1617 1919
1614 552
1611 -17
1608 -369
1605 1031
1602 -1159
1599 97
1596 -388
1593 2026
1590 1181
1587 -1473
1584 -1291
1581 -1409
1578 -1544
1575 259
1572 1048
1569 -1000
1566 -1426
1563 -1606
1560 -1334
1557 -2024
1554 -676
1551 -1625
1548 -832
1545 185
1542 -1277
1539 -1400
1536 1464
1533 226
1530 -239
1527 159
1524 -1852
1521 -1036
1518 -1838
1515 -1938
1512 1580
1509 -914
1506 -480
1503 -1798
1500 -303
1497 -251
1494 -420
1491 138
1488 -372
1485 -1281
1482 365
1479 243
1476 182
1473 664
1470 1418
1467 397
1464 1734
1461 -1597
1458 1243
1455 -1230
1452 1021
1449 -1923
1446 -311
1443 1215
1440 -475
1437 -26
1434 -1154
1431 2012
1428 1762
1425 -1525
1422 -2006
1419 0
1416 -912
1413 -74
1410 1094
1407 -369
1404 -138
1401 1580
1398 402
1395 -1267
1392 1232
1389 -1089
1386 -1713
1383 -1716
1380 -1041
1377 360
1374 514
1371 -25
1368 -1168
1365 1325
1362 -935
1359 -785
1356 331
1353 1053
1350 -1586
1347 -37
1344 -778
1341 -1340
1338 -521
1335 1592
1332 1561
1329 660
1326 -1309
1323 1411
1320 -788
1317 491
1314 -1979
1311 1130
1308 396
1305 -1367
1302 877
1302 BOTTOMOFSTACK

2004 1816
2001 201
1998 1998
1995 99
1992 1031
1989 -1566
1986 -980
1983 1451
1980 1504
1977 80
1974 -711
1971 1025
1968 1090
1965 757
1962 901
1959 -1398
1956 113
1953 -382
1950 -1179
1947 -1859
1944 -727
1941 -1821
1938 202
1935 -1959
1932 -1733
1929 -1205
1926 1111
1923 14
1920 -1385
1917 -1662
1914 184
1911 1141
1908 365
1905 1351
1902 1995
1899 -65
1896 2033
1893 -1028
1890 2006
1887 1717
1884 -681
1881 -1670
1881 BOTTOMOFSTACK

2049 502
2046 576
2043 62
2040 161
2037 402
2034 2034
2031 1513
2028 1658
2025 -300
2022 1038
2019 1927
2016 -1852
2013 -1137
2010 1181
2007 1268
2004 -195
2001 1960
1998 -1221
1995 -1651
1992 -589
1989 430
1986 -1076
1983 -1605
1980 -517
1977 524
1974 -337
1971 -100
1968 -1745
1965 57
1962 318
1959 1299
1956 -210
1953 -799
1950 -764
1947 -1957
1944 -145
1941 872
1938 -570
1935 1724
1932 -1668
1929 1727
1926 1212
1923 -1574
1920 1236
1917 -675
1914 53
1911 1223
1908 646
1905 -795
1902 1061
1899 518
1896 912
1893 1956
1890 59
1887 -1111
1884 -956
1881 176
1878 -1553
1875 1018
1872 -53
1869 -1019
1866 -485
1863 222
1860 721
1857 -1891
1854 1140
1851 -249
1848 1463
1845 -1561
1842 381
1839 -965
1836 704
1833 -1560
1830 1837
1827 739
1824 -1994
1821 -754
1818 1849
1815 -555
1812 719
1809 -258
1806 -118
1803 55
1800 497
1797 631
1794 -1469
1791 1560
1788 -1172
1785 -930
1782 1412
1779 913
1776 -885
1773 795
1770 2017
1767 -1358
1764 -1952
1761 413
1758 1563
1755 -1935
1752 -395
1749 -1294
1746 -1964
1743 -338
1740 -1890
1737 -1852
1734 676
1731 579
1728 -1400
1725 409
1722 -796
1719 1287
1716 -1335
1713 502
1710 -1487
1707 307
1704 558
1701 1611
1698 1604
1695 -88
1692 728
1689 694
1686 290
1683 1997
1680 -703
1677 1076
1674 770
1671 1343
1668 -1050
1665 -750
1662 527
1659 477
1656 1425
1653 -940
1650 -863
1647 -1485
1644 -1760
1641 1780
1638 1439
1635 -1538
1632 -975
1629 264
1626 1071
1623 1839
1620 845
1617 1521
1614 1150
1611 1610
1608 -1816
1605 1798
1602 -1497
1599 -1886
1596 -11
1593 -468
1590 632
1587 752
1584 -1911
1581 1753
1578 1158
1575 -241
1575 BOTTOMOFSTACK

2046 1762
2043 561
2040 2040
2037 1709
2034 1907
2031 -1178
2028 -1540
2025 448
2022 1800
2019 743
2016 -1395
2013 639
2010 677
2007 -370
2004 -901
2001 -523
1998 1564
1995 1473
1992 -379
1989 -1898
1986 693
1983 939
1980 -828
1977 49
1974 -1074
1971 239
1968 -311
1965 -1019
1962 -1516
1959 -1929
1956 142
1953 1095
1950 -527
1947 -1490
1944 -685
1941 871
1938 780
1935 -1189
1932 -1452
1929 199
1926 -435
1923 -1938
1920 -1063
1917 674
1914 -153
1911 -1493
1908 -154
1905 32
1905 BOTTOMOFSTACK

