2025 225
2022 33
2019 2019
2016 703
2013 -699
2010 -488
2007 235
2004 -465
2001 47
1998 -1591
1995 -2019
1992 1444
1989 50
1986 -969
1983 765
1980 2025
1977 -667
1974 -838
1971 484
1968 -28
1965 -1910
1962 949
1959 -987
1956 1300
1953 -926
1950 1888
1947 868
1944 -638
1941 -1831
1938 -1873
1935 -334
1932 -971
1929 -824
1926 200
1923 1445
1920 1726
1917 1218
1914 1487
1911 200
1908 1776
1905 -9
1902 797
1899 1129
1896 30
1893 1698
1890 1561
1887 -948
1884 -1344
1881 -741
1878 76
1875 -905
1872 -904
1869 1678
1866 -384
1863 1146
1860 1040
1857 1861
1854 1002
1851 -1138
1848 553
1845 -213
1842 788
1839 -451
1836 898
1833 1082
1830 1327
1827 -1399
1824 -528
1821 -1175
1818 -1887
1815 -926
1812 833
1809 1237
1806 1160
1803 973
1800 41
1797 908
1794 -1621
1791 -1575
1788 1551
1785 208
1782 2017
1779 171
1776 667
1773 -121
1770 -1357
1767 309
1764 -125
1761 -76
1758 -1930
1755 -430
1752 852
1749 2009
1746 -754
1743 366
1740 712
1737 -1947
1734 996
1731 -27
1728 -2030
1725 -743
1722 -505
1719 -1269
1716 1885
1713 79
1710 1976
1707 1811
1704 1162
1701 2040
1698 2028
1695 -215
1692 -371
1689 -834
1686 1460
1683 -1026
1680 -23
1677 -573
1674 690
1671 27
1668 1096
1665 -412
1662 -610
1659 1124
1656 -1486
1653 -1341
1650 -1517
1647 1490
1644 538
1641 -282
1638 1259
1635 -1536
1632 -62
1629 -998
1626 -102
1623 1035
1620 -1630
1617 -177
1614 -552
1611 1066
1608 -1747
1605 359
1602 1678
1599 569
1596 -1976
1593 1934
1590 -1842
1587 1906
1584 -134
1581 269
1578 1990
1575 -901
1572 383
1569 -1888
1566 543
1563 376
1560 -1066
1557 -1074
1554 -1643
1551 -1196
1548 -1956
1545 698
1542 -1559
1539 -1436
1536 -1585
1533 -1933
1530 721
1527 1368
1524 806
1521 -1288
1518 1105
1515 1252
1512 1869
1509 1607
1506 -474
1503 -1700
1500 1908
1497 1220
1494 26
1491 -868
1488 1678
1485 -231
1482 -356
1479 -983
1476 -1173
1473 -1331
1470 149
1467 445
1464 1439
1464 BOTTOMOFSTACK

2046 1413
2043 198
2040 2040
2037 961
2034 433
2031 -67
2028 1126
2025 -1147
2022 -2021
2019 1489
2016 662
2013 587
2010 -1378
2007 -1804
2004 1696
2001 -674
1998 -1338
1995 -659
1992 -611
1989 1291
1986 -628
1983 -1170
1980 1510
1977 1981
1974 -1152
1971 1913
1968 232
1965 2038
1962 460
1959 411
1956 701
1953 1205
1950 1463
1947 -595
1944 923
1941 365
1938 -586
1935 -88
1932 -1466
1929 -1507
1926 -18
1923 -676
1920 975
1917 1896
1914 -2032
1911 -302
1908 720
1905 -810
1902 -1504
1899 -1637
1896 -146
1893 -1895
1890 -1168
1887 -1765
1884 1114
1881 -1962
1878 -316
1875 -616
1872 -609
1869 -1837
1866 688
1863 -598
1860 -1915
1860 BOTTOMOFSTACK

2010 1412
2007 1036
2004 1857
2001 823
1998 387
1995 1995
1992 -810
1989 1402
1986 -135
1983 1819
1980 -2026
1977 1923
1974 -1033
1971 336
1968 1330
1965 -845
1962 91
1959 1102
1956 1438
1953 -1595
1950 -545
1947 832
1944 967
1941 -1977
1938 -1619
1935 -1445
1932 -157
1929 -1673
1926 -757
1923 420
1920 1850
1917 1844
1914 250
1911 1915
1908 -203
1905 639
1902 369
1899 1381
1896 -1950
1893 -1939
1890 -514
1887 -1299
1884 119
1881 -60
1881 BOTTOMOFSTACK

2043 1815
2040 2013
2037 1838
2034 1207
2031 570
2028 2028
2025 1946
2022 -1736
2019 376
2016 1949
2013 -1094
2010 -923
2007 66
2004 2039
2001 1309
1998 864
1995 539
1992 -179
1989 628
1986 -1857
1983 -956
1980 -2
1977 406
1974 -1012
1971 1064
1968 1765
1965 -1633
1962 1826
1959 -185
1956 -332
1953 1675
1950 -1199
1947 2009
1944 91
1941 558
1938 460
1935 478
1932 -631
1929 -402
1926 -1390
1923 -450
1920 -104
1917 1445
1914 -370
1911 1087
1908 8
1905 877
1902 50
1899 -545
1896 1198
1893 1978
1890 137
1887 -1987
1884 -1784
1881 294
1878 973
1875 -975
1872 1996
1869 874
1866 444
1863 731
1860 -434
1857 -1800
1854 -1899
1851 -666
1848 1207
1845 1388
1842 1363
1839 -1051
1836 -180
1833 1955
1830 1177
1827 -114
1824 -48
1821 -1769
1818 266
1815 192
1812 2031
1809 1770
1806 630
1803 -1332
1800 -1995
1797 -21
1794 346
1791 907
1788 -1574
1785 820
1782 522
1779 -1564
1776 -776
1773 -1769
1770 -1494
1767 339
1764 629
1761 -1366
1758 1434
1755 210
1752 -1948
1749 -1268
1746 -1068
1743 -1688
1740 1792
1737 696
1734 998
1731 -185
1728 -349
1725 -971
1722 -1111
1719 932
1716 -1272
1713 -303
1713 BOTTOMOFSTACK

