2022 22
2019 1140
2016 31
2013 28
2010 2010
2007 1295
2004 -135
2001 1008
1998 -1559
1995 1416
1992 -1626
1989 57
1986 1600
1983 390
1980 1352
1977 -1262
1974 1551
1971 382
1968 1814
1965 -1533
1962 36
1959 864
1956 -2010
1953 -1273
1950 -434
1947 1659
1944 1934
1941 -885
1938 1883
1935 -1559
1932 1448
1929 2035
1926 77
1923 -54
1920 1087
1917 -2007
1914 -936
1911 -1071
1908 -1668
1905 1248
1902 1304
1899 -1496
1896 181
1893 1874
1890 -878
1887 -74
1884 343
1881 796
1878 77
1875 1588
1872 -1395
1869 -571
1866 1119
1863 737
1860 1756
1857 1772
1854 764
1851 585
1848 -179
1845 1802
1842 -618
1839 -1236
1836 -1789
1833 1316
1830 1473
1827 -1359
1824 1813
1821 379
1818 -1856
1815 1387
1812 689
1809 1432
1806 -53
1803 404
1800 676
1797 -288
1794 -432
1791 1088
1788 -787
1785 34
1782 0
1779 1285
1776 -1011
1773 555
1770 51
1767 -1174
1764 -1554
1761 -1958
1758 1480
1755 762
1752 -1697
1749 -896
1746 -1089
1743 -843
1740 -500
1737 175
1734 -386
1731 278
1728 -284
1725 308
1722 2033
1719 1703
1716 1869
1713 -1962
1710 1233
1707 1029
1704 -1711
1701 276
1698 -913
1695 -748
1692 1880
1689 113
1686 -8
1683 1016
1680 2042
1677 9
1674 -456
1671 1350
1668 1778
1665 1459
1662 1380
1659 -860
1656 294
1653 -1974
1650 -378
1647 -806
1644 -136
1641 1949
1638 1403
1635 -1289
1632 -1654
1629 1726
1626 -380
1623 1192
1620 -128
1617 415
1614 1671
1611 -245
1608 676
1605 1436
1602 1410
1599 1038
1596 -1571
1593 -126
1590 -1447
1587 554
1584 -934
1581 260
1578 -1356
1575 -502
1572 -1973
1569 -1751
1566 -1537
1563 714
1560 -1456
1557 1697
1554 -1734
1554 BOTTOMOFSTACK

2016 1849
2013 195
2010 2010
2007 1560
2004 49
2001 -50
1998 1951
1995 993
1992 1384
1989 444
1986 432
1983 280
1980 -936
1977 2031
1974 657
1971 -1422
1968 -2018
1965 -1872
1962 195
1959 78
1956 -509
1953 -36
1950 -1506
1947 -1232
1944 1972
1941 11
1938 -1623
1935 1286
1932 2002
1929 -354
1926 786
1923 1668
1920 979
1917 0
1914 -859
1911 -1957
1908 389
1905 1207
1902 1376
1899 -37
1896 437
1893 2041
1890 -1643
1887 720
1884 -2014
1881 -418
1878 719
1875 -411
1872 -29
1869 -1729
1866 -827
1863 -1475
1860 490
1857 1791
1854 1483
1851 424
1848 -1897
1845 1082
1842 -2018
1839 -900
1836 1844
1833 1741
1830 -1854
1827 1968
1824 298
1821 119
1818 1278
1815 -141
1812 164
1809 843
1806 -282
1803 -279
1800 1537
1797 -1710
1794 -1692
1791 -1770
1788 -1359
1785 1538
1782 -1770
1779 -21
1776 -831
1773 -642
1770 972
1767 651
1764 2043
1761 733
1758 -1637
1755 -631
1752 -882
1749 -29
1746 961
1743 -1705
1740 -92
1737 574
1734 -995
1731 -1768
1728 -1975
1725 -1503
1722 -1958
1719 921
1716 -594
1713 508
1710 -774
1707 323
1704 1302
1701 -1271
1698 -1987
1695 -485
1692 -1312
1689 1704
1686 1831
1683 -1174
1680 -288
1677 1837
1674 -1986
1671 706
1668 1839
1665 1891
1662 -861
1659 831
1656 -1165
1653 942
1650 1599
1647 273
1644 615
1641 594
1638 60
1635 -1303
1632 -2033
1629 -1812
1626 1494
1623 716
1620 1930
1620 BOTTOMOFSTACK

2046 91
2043 290
2040 1032
2037 436
2034 372
2031 2031
2028 0
2025 -740
2022 1051
2019 362
2016 1460
2013 1625
2010 1278
2007 -1783
2004 1505
2001 -1019
1998 409
1995 -1598
1992 909
1989 1691
1986 250
1983 -396
1980 -47
1977 -1734
1974 389
1971 -154
1968 -1639
1965 -54
1962 -1223
1959 -979
1956 -170
1953 678
1950 -1818
1947 -502
1944 -271
1941 567
1938 923
1935 61
1932 1209
1929 891
1926 169
1923 -930
1920 1627
1917 1092
1914 -281
1911 1681
1908 -1225
1905 -1683
1902 -326
1899 -1129
1896 -714
1893 160
1890 -723
1887 -1891
1884 455
1881 -1095
1878 -736
1875 1704
1872 825
1869 -1754
1866 1796
1863 233
1860 1620
1857 -1375
1854 1751
1851 1995
1848 1238
1845 1987
1842 1473
1839 -1834
1836 1739
1833 784
1830 894
1827 -744
1824 -31
1821 1421
1818 136
1815 -1968
1812 703
1809 24
1806 -1787
1803 1794
1800 -1057
1797 -1186
1794 481
1791 1127
1788 1622
1785 926
1782 1247
1779 1889
1776 -370
1773 -2018
1770 1169
1767 1289
1764 550
1761 1607
1758 200
1755 -491
1752 92
1749 1560
1746 -1162
1743 -493
1740 -2044
1737 1261
1734 -814
1731 -441
1728 -83
1725 1569
1722 -607
1719 -1678
1716 1649
1713 700
1710 1004
1707 -1376
1704 -1996
1701 -1387
1698 513
1695 -1373
1692 1350
1689 1801
1686 -602
1683 1803
1680 1356
1677 -1169
1674 750
1671 1996
1668 1100
1665 -395
1662 -1141
1659 176
1656 481
1653 1855
1650 -347
1647 162
1644 529
1641 -1547
1641 BOTTOMOFSTACK

2028 1918
2025 564
2022 2022
2019 -1884
2016 -876
2013 1870
2010 -1796
2007 1887
2004 -1030
2001 1164
1998 1037
1995 1944
1992 -41
1989 -1079
1986 -432
1983 1494
1980 197
1977 32
1974 -664
1971 -1125
1968 444
1965 846
1962 844
1959 993
1956 -2026
1953 771
1950 120
1947 -1840
1944 1682
1941 -891
1938 291
1935 219
1932 -1990
1929 -797
1926 438
1923 -594
1920 -1583
1917 1151
1914 -1472
1911 -606
1908 594
1905 -1086
1902 1622
1899 1750
1896 1244
1893 771
1890 257
1887 -1143
1884 -210
1881 -1583
1878 2039
1875 -1358
1872 -1056
1869 -107
1866 72
1863 108
1860 -78
1857 1599
1854 1504
1851 51
1848 -1813
1845 933
1842 -1705
1839 -1010
1836 -311
1833 -755
1830 -366
1827 -324
1824 528
1821 -527
1818 -1008
1815 -1648
1812 612
1809 1883
1806 1615
1803 -646
1800 -1279
1797 1763
1794 122
1791 1545
1788 -1379
1785 1709
1782 1923
1779 1503
1776 1070
1773 -763
1770 1114
1767 -382
1764 -2021
1761 -907
1758 2036
1755 -2010
1752 227
1749 -1975
1746 830
1743 -390
1740 1011
1737 1612
1734 1960
1731 1439
1728 -1571
1725 -1698
1722 1333
1719 1855
1716 -339
1713 -1152
1710 -1154
1707 1307
1704 -1091
1701 1146
1698 1292
1695 -101
1692 -1459
1689 -837
1686 1602
1683 -1451
1680 -726
1677 -1560
1674 -1861
1671 -1381
1668 -898
1665 -70
1662 -1805
1659 249
1656 -1780
1653 1516
1650 -1215
1647 151
1644 1541
1641 -1062
1638 -471
1635 -1871
1632 -387
1629 -939
1626 1505
1623 524
1620 1497
1617 1736
1614 -507
1611 -1290
1608 -703
1605 286
1602 -1169
1599 -1631
1596 -491
1593 794
1590 -1700
1587 728
1584 -1891
1581 361
1578 -1217
1575 1983
1572 1710
1572 BOTTOMOFSTACK

2040 494
2037 1254
2034 765
2031 2031
2028 936
2025 249
2022 -643
2019 -1022
2016 -1987
2013 -493
2010 -1671
2007 -626
2004 1151
2001 198
1998 -645
1995 -2005
1992 688
1989 -772
1986 -1123
1983 1914
1980 1018
1977 -785
1974 1124
1971 -2006
1968 -626
1965 -1340
1962 149
1959 771
1956 -199
1953 -651
1950 266
1947 -152
1944 2038
1941 219
1938 -916
1935 476
1932 1905
1929 1248
1926 1079
1923 71
1920 -1393
1917 1280
1914 -33
1911 1603
1908 1053
1905 -1976
1902 -115
1899 221
1899 BOTTOMOFSTACK

2013 1071
2010 945
2007 2007
2004 -535
2001 -722
1998 -911
1995 -1244
1992 1269
1989 -650
1986 -393
1983 1207
1980 898
1977 -645
1974 1219
1971 209
1968 -492
1965 1818
1962 1024
1959 -72
1956 1098
1953 -878
1950 1121
1947 -1444
1944 -377
1941 -2
1938 -439
1935 -1941
1932 -483
1929 -660
1926 227
1923 252
1920 1914
1917 -1309
1914 634
1911 136
1908 -1881
1905 -403
1902 1400
1899 -688
1896 1062
1893 1745
1890 -1397
1887 1756
1884 1277
1881 -1432
1878 662
1875 -1064
1872 603
1869 -1205
1866 -887
1863 723
1860 -1358
1857 -951
1854 -1445
1851 -1493
1848 -1899
1845 203
1842 687
1839 1449
1836 -916
1833 1888
1830 -891
1827 104
1824 -1761
1821 1691
1818 2043
1815 1089
1812 402
1809 492
1806 -504
1803 -1108
1800 -531
1797 -1641
1794 798
1791 -1171
1788 208
1785 -1122
1782 1435
1779 2033
1776 2041
1773 -589
1770 -1544
1767 -95
1764 -974
1761 -429
1758 1138
1755 -1334
1752 1857
1749 212
1746 1167
1743 -1072
1740 1835
1737 287
1734 89
1731 1318
1728 477
1725 1400
1722 1102
1719 -645
1716 1786
1713 1889
1710 -1887
1707 -748
1704 -1118
1701 878
1698 -1808
1695 -926
1692 849
1689 -1926
1686 870
1683 669
1680 -610
1677 1752
1674 -928
1671 -1253
1668 1691
1665 1142
1662 1265
1659 -1941
1656 -1641
1653 13
1650 1191
1647 -657
1644 -364
1641 -711
1638 -1717
1635 1200
1635 BOTTOMOFSTACK

2046 767
2043 888
2040 749
2037 1119
2034 2034
2031 -1664
2028 -458
2025 180
2022 292
2019 813
2016 -745
2013 -1137
2010 -335
2007 -180
2004 163
2001 -875
1998 -74
1995 995
1992 428
1989 398
1986 1078
1983 1150
1980 2002
1977 -1756
1974 1203
1971 2032
1968 -1846
1965 369
1962 1499
1959 -214
1956 -899
1953 -44
1950 1698
1947 -1047
1944 -452
1941 1375
1938 1277
1935 1388
1932 1229
1929 735
1926 -1777
1923 -139
1920 -858
1917 -918
1914 810
1911 -1399
1908 1150
1905 1059
1902 917
1899 -211
1896 -1735
1893 898
1890 850
1887 -2039
1884 -949
1881 556
1878 -609
1875 -951
1872 1524
1869 -1078
1866 805
1863 219
1860 -1265
1857 410
1854 -890
1851 1161
1848 -1202
1845 -157
1842 -1841
1839 -1969
1836 -602
1833 -1303
1830 -326
1827 848
1824 -142
1821 1253
1818 -1408
1815 -1024
1812 1610
1809 918
1806 1080
1803 -1450
1800 1389
1797 -574
1794 -503
1791 -1002
1788 -628
1785 -795
1782 -1154
1779 -629
1776 -1016
1773 -1314
1770 1946
1767 718
1764 1629
1761 1779
1758 -1348
1755 1446
1752 -1125
1749 1779
1746 -880
1743 -1071
1740 92
1737 -1292
1734 -287
1731 -1646
1728 1870
1725 -1151
1722 -363
1719 147
1716 153
1713 752
1710 -917
1707 1825
1704 -1890
1701 600
1698 1934
1695 -1164
1692 -891
1689 -411
1689 BOTTOMOFSTACK

2025 1300
2022 1373
2019 1414
2016 1044
2013 1317
2010 2010
2007 835
2004 -1084
2001 -572
1998 1362
1995 -1329
1992 2046
1989 73
1986 891
1983 -854
1980 -1075
1977 407
1974 755
1971 -1004
1968 -619
1965 1864
1962 32
1959 879
1956 -1909
1953 -1313
1950 624
1947 -1043
1944 -1741
1941 1717
1938 898
1935 -1767
1932 -2013
1929 -1439
1926 -940
1923 822
1920 -979
1917 -857
1914 232
1911 1242
1908 1980
1905 780
1902 -1453
1899 -125
1896 -1394
1893 452
1890 -908
1887 1064
1884 562
1881 3
1878 1729
1875 204
1872 473
1869 -1563
1866 -320
1863 -208
1860 -117
1857 880
1854 902
1851 1214
1848 -1216
1845 1863
1842 1783
1839 -1310
1836 -1665
1833 -1678
1830 -2030
1827 -165
1824 -479
1821 490
1818 1237
1815 341
1812 -144
1809 898
1806 -1475
1803 352
1800 1028
1797 1114
1794 1698
1791 1952
1788 -1105
1785 1675
1782 -1227
1779 -1553
1776 1655
1773 1956
1770 -1237
1767 839
1764 -1536
1761 -1455
1758 693
1755 1803
1752 -228
1749 -1109
1746 -332
1743 778
1743 BOTTOMOFSTACK

2046 470
2043 1786
2040 1920
2037 44
2034 1509
2031 2031
2028 1317
2025 360
2022 -916
2019 -999
2016 -1089
2013 1560
2010 -1458
2007 -301
2004 830
2001 -1515
1998 -967
1995 -1299
1992 552
1989 -699
1986 1468
1983 408
1980 -1466
1977 1562
1974 637
1971 -812
1968 -124
1965 84
1962 1292
1959 477
1956 -83
1953 -690
1950 -179
1947 489
1944 -1852
1941 -1698
1938 450
1935 -2037
1932 29
1929 -521
1926 1753
1923 -19
1920 -2047
1917 1643
1914 -1805
1911 -509
1908 -2025
1905 1113
1902 -292
1899 729
1896 -327
1893 587
1890 1586
1887 -1475
1884 -1780
1881 -805
1878 -751
1875 1501
1872 859
1869 809
1866 28
1863 -1224
1860 -1297
1857 644
1854 1027
1851 916
1848 1795
1845 1988
1842 1989
1839 225
1836 1045
1833 403
1830 372
1827 1456
1824 1839
1821 962
1818 1649
1815 -585
1812 1467
1809 760
1806 -708
1803 -1066
1800 -256
1797 943
1794 -388
1791 -1235
1788 252
1785 78
1782 -1806
1779 557
1776 -1599
1773 -457
1770 -1147
1767 1163
1764 824
1761 329
1758 1162
1755 -1464
1752 -677
1749 144
1746 97
1743 -704
1740 -1997
1737 -992
1734 1646
1731 -1697
1728 1350
1725 -1008
1722 1456
1719 1388
1716 -566
1713 921
1710 -1198
1707 254
1704 1242
1701 1262
1698 1526
1695 1685
1692 786
1689 -1397
1686 -1883
1683 -897
1680 1624
1677 334
1674 -1122
1671 -1748
1668 1482
1665 -364
1662 358
1659 314
1656 -1489
1653 -762
1650 -889
1647 -1327
1644 -137
1641 119
1638 815
1635 818
1632 -714
1629 -663
1626 781
1623 968
1620 1036
1617 1008
1614 -100
1611 -1740
1608 1174
1605 1599
1602 -1252
1599 2037
1596 -810
1593 -300
1590 278
1587 587
1584 -1662
1581 -82
1578 1483
1575 -608
1572 -1501
1569 558
1566 98
1563 419
1560 -30
1557 -1263
1554 1404
1551 615
1548 -1523
1545 -1849
1542 -1367
1539 -1065
1536 1954
1533 -1222
1530 1594
1527 -853
1524 -1745
1521 -1893
1518 1236
1515 -1300
1512 820
1509 1608
1506 982
1503 1171
1500 -302
1497 1766
1494 -1728
1491 -996
1488 -966
1485 -1171
1482 -304
1479 1599
1476 153
1476 BOTTOMOFSTACK

2007 1036
2004 635
2001 1668
1998 1998
1995 0
1992 1994
1989 638
1986 1565
1983 53
1980 1538
1977 56
1974 1454
1971 -195
1968 271
1965 743
1962 -1547
1959 781
1956 -1403
1953 105
1950 265
1947 1718
1944 315
1941 -655
1938 264
1935 -64
1932 690
1929 1193
1926 -348
1923 -1712
1920 -749
1917 -2026
1914 993
1911 1184
1908 184
1905 1461
1902 -1503
1899 2013
1896 -1426
1893 -1301
1890 257
1887 1394
1884 -1622
1881 -1630
1878 -1666
1875 -2022
1872 1530
1869 -1352
1866 -179
1863 -1992
1860 1711
1857 1741
1854 -1849
1851 1391
1848 106
1845 -482
1842 -1504
1839 -61
1836 -1475
1833 980
1830 -22
1827 -1353
1824 929
1821 513
1818 -56
1815 -1124
1812 -849
1809 94
1806 -1112
1803 1892
1800 1296
1797 1319
1794 -1197
1791 1847
1788 609
1785 1629
1782 595
1779 934
1776 -1927
1773 -1441
1770 1193
1767 1087
1764 -871
1761 -1394
1758 -237
1755 9
1752 579
1749 -1602
1746 1866
1743 761
1740 -1214
1737 437
1734 1448
1731 312
1728 1873
1725 1738
1722 451
1719 -1482
1716 -1094
1713 -1865
1710 1152
1707 -460
1704 1827
1701 1965
1698 116
1695 -357
1692 1716
1689 136
1686 151
1683 1588
1680 -2046
1677 -1830
1674 1156
1671 -1153
1668 691
1665 1258
1662 1711
1659 1827
1656 -2021
1653 828
1650 -1712
1647 -1000
1644 -1147
1641 1973
1638 1511
1635 269
1632 1162
1629 -433
1626 737
1623 1813
1623 BOTTOMOFSTACK

