2037 513
2034 1990
2031 1276
2028 7
2025 2025
2022 996
2019 -1425
2016 1575
2013 -1155
2010 -1753
2007 -942
2004 1344
2001 257
1998 -935
1995 1002
1992 -1198
1989 1589
1986 673
1983 426
1980 -1292
1977 719
1974 1779
1971 -180
1968 -1386
1965 -1237
1962 -1790
1959 -1716
1956 377
1953 -1222
1950 -928
1947 -68
1944 -750
1941 1915
1938 -2041
1935 1948
1932 987
1929 -1202
1926 386
1923 1243
1920 1040
1917 1441
1914 252
1911 -1868
1908 -1401
1905 -2015
1902 1006
1899 475
1896 -1176
1893 1160
1890 -1612
1887 1410
1884 186
1881 -1906
1878 -1693
1875 -1894
1872 -503
1869 -838
1866 -1268
1863 -1296
1860 -1436
1857 -253
1854 -1640
1851 -1717
1848 -836
1845 1924
1842 0
1839 -1861
1836 -1187
1833 -1284
1830 -1556
1827 -1399
1824 1398
1821 1669
1818 -516
1815 616
1812 412
1809 152
1806 -1632
1803 -1149
1800 1065
1797 -2046
1794 1383
1791 -831
1788 1576
1785 -711
1782 2024
1779 -1686
1776 -175
1773 1313
1770 -705
1767 1472
1764 558
1761 -1876
1758 510
1755 1112
1752 -2047
1749 -952
1746 379
1743 -978
1740 -1864
1737 1814
1734 -799
1731 -119
1728 1318
1725 607
1722 -186
1719 -650
1716 545
1713 -873
1710 589
1707 -191
1704 -1573
1701 -1941
1698 -1320
1695 1839
1692 -1792
1689 -1201
1686 1085
1683 -1944
1680 135
1677 -553
1674 624
1671 925
1668 -714
1665 866
1662 -599
1659 -1103
1656 110
1653 475
1650 -632
1647 19
1644 -1198
1641 -1421
1638 -62
1635 -1889
1632 1401
1629 -771
1626 1496
1623 -2001
1620 -1339
1617 -1173
1614 -1979
1611 1905
1608 -888
1605 1654
1602 -27
1599 855
1596 1519
1593 -1141
1590 269
1587 1508
1584 -1237
1581 252
1578 1108
1575 -161
1572 738
1569 -1556
1566 125
1563 1949
1560 -1802
1557 -1740
1554 1520
1551 1790
1548 -521
1545 -270
1542 -468
1539 -671
1536 -687
1533 -740
1530 1207
1527 -685
1524 1655
1521 397
1518 -1927
1515 141
1512 -1573
1509 -42
1506 -1785
1503 1233
1500 -110
1497 -1133
1494 -362
1491 -1708
1488 14
1485 -412
1482 -501
1479 441
1476 -379
1473 -697
1470 -411
1467 519
1464 -730
1461 -1896
1458 -1983
1455 179
1452 1354
1449 1440
1446 -1194
1443 1229
1440 -218
1437 -426
1434 800
1431 1593
1428 -901
1425 -1076
1422 1015
1419 -1633
1416 -128
1416 BOTTOMOFSTACK

2019 792
2016 705
2013 1545
2010 514
2007 186
2004 2004
2004 BOTTOMOFSTACK

2043 1876
2040 1546
2037 872
2034 1883
2031 348
2028 2028
2025 277
2022 -697
2019 61
2016 -417
2013 -1106
2010 -1017
2007 -1988
2004 -384
2001 -1089
1998 -1624
1995 215
1992 -1673
1989 149
1986 1099
1983 -1118
1980 -1775
1977 -383
1974 -1568
1971 1351
1968 -1324
1965 -1063
1962 -1114
1959 -1274
1956 -1404
1953 1657
1950 -177
1947 -2009
1944 244
1941 400
1938 1294
1935 -1173
1932 1453
1929 767
1926 602
1923 -119
1920 928
1917 1029
1914 1017
1911 525
1908 -1829
1905 405
1902 653
1899 -1021
1896 -1397
1893 329
1890 -1921
1887 -1508
1884 222
1881 -1909
1878 -303
1875 1938
1872 -1467
1869 -691
1866 -1365
1863 -1832
1860 1232
1857 349
1854 1025
1851 192
1848 -514
1845 901
1842 -1954
1839 1021
1836 -1242
1833 1868
1830 1620
1827 -997
1824 995
1821 2008
1818 1329
1815 1833
1812 -2042
1809 -1809
1806 -862
1803 -671
1800 -726
1797 72
1794 910
1791 1799
1788 1122
1785 -1103
1782 622
1779 -1351
1776 -1831
1773 692
1770 -1512
1767 -2019
1764 556
1761 -789
1758 -1689
1755 813
1752 -1045
1749 502
1746 -676
1743 48
1740 345
1737 2030
1734 -1914
1731 -67
1728 277
1725 937
1722 -496
1719 -1841
1716 1906
1716 BOTTOMOFSTACK

2019 1400
2016 1682
2013 1781
2010 1456
2007 513
2004 2004
2001 0
1998 -124
1995 1037
1992 -1627
1989 -1285
1986 1412
1983 -1427
1980 -883
1977 -1047
1974 -98
1971 1445
1968 1922
1965 620
1962 -747
1959 -234
1956 1219
1953 -172
1950 -829
1947 -1407
1944 -486
1941 -1525
1938 895
1935 594
1932 -839
1929 -1120
1926 11
1923 -431
1920 583
1917 1908
1914 1186
1911 643
1908 1462
1905 1405
1902 1967
1899 -1535
1896 1346
1893 665
1890 134
1887 1434
1884 -1872
1881 733
1878 1513
1875 149
1872 1702
1869 -620
1866 -1180
1863 756
1860 -801
1857 -954
1854 -1467
1851 252
1848 676
1845 -190
1842 -50
1839 1063
1836 1828
1833 1595
1830 1719
1827 -1462
1824 1787
1821 -926
1818 1020
1815 1268
1812 -799
1809 -853
1806 2046
1803 -937
1803 BOTTOMOFSTACK

2046 461
2043 430
2040 882
2037 1271
2034 702
2031 2031
2028 682
2025 -568
2022 236
2019 1553
2016 -1631
2013 414
2010 -168
2007 -1831
2004 447
2001 2013
1998 -892
1995 -1216
1992 -265
1989 -1074
1986 -370
1983 1878
1980 1642
1977 939
1974 1008
1971 1569
1968 -533
1965 -128
1962 1169
1959 364
1956 -1808
1953 -888
1950 -815
1947 -1218
1944 -1599
1941 1185
1938 -268
1935 -264
1932 -1006
1929 1178
1926 -966
1923 1353
1920 -644
1917 358
1914 -1758
1911 1180
1908 -780
1905 1187
1902 1004
1899 -621
1896 -618
1893 -384
1890 286
1887 -857
1884 -1395
1881 -1273
1878 -100
1875 -1711
1872 1243
1869 -410
1866 1975
1863 -1131
1860 -588
1857 1812
1854 -1647
1851 -1916
1848 714
1845 1486
1842 -787
1839 -1816
1836 75
1833 1057
1830 129
1827 -216
1824 1594
1821 1994
1818 -1185
1815 -868
1812 1131
1809 -1315
1806 -979
1803 174
1800 1747
1797 487
1794 -313
1791 -1965
1788 592
1785 59
1782 19
1779 -153
1776 1356
1773 57
1770 318
1767 -1185
1764 507
1761 -154
1758 1242
1755 681
1752 -1848
1749 -803
1746 -975
1743 301
1740 1228
1737 1794
1734 339
1731 -484
1728 -1932
1725 314
1722 1386
1719 1620
1716 -489
1713 306
1710 32
1707 -588
1704 1038
1701 606
1698 1880
1695 1075
1692 -1239
1689 -1580
1686 540
1683 -1263
1680 -128
1677 -1020
1674 -1055
1671 -886
1668 1774
1665 83
1662 -290
1659 -1909
1656 929
1653 2027
1650 -1615
1647 -168
1644 -751
1641 -147
1638 758
1635 -138
1632 82
1629 0
1626 1676
1623 464
1620 -1353
1617 442
1614 317
1611 9
1608 -1900
1605 -1867
1602 -381
1599 -1537
1596 -1694
1593 1343
1590 -1631
1587 -827
1584 -76
1581 397
1578 49
1575 1213
1572 911
1569 1862
1566 1705
1563 -449
1560 1270
1557 1984
1554 1462
1551 -360
1548 -1253
1545 1540
1542 1129
1539 -1458
1536 747
1533 -102
1530 -1916
1530 BOTTOMOFSTACK

2016 1443
2013 1397
2010 864
2007 2007
2004 298
2001 -780
1998 -400
1995 441
1992 1302
1989 1376
1986 -908
1983 -1567
1980 -2010
1977 -125
1974 1564
1971 -756
1968 -1575
1965 491
1962 -1781
1959 -696
1956 -767
1953 -1808
1950 -850
1947 -1544
1944 798
1941 383
1938 461
1935 -311
1932 -1264
1929 -1058
1926 -1308
1923 1767
1920 -1712
1917 328
1914 -707
1911 1177
1908 1010
1905 803
1902 1130
1899 -1447
1896 -130
1896 BOTTOMOFSTACK

