2010 1552
2007 1602
2004 582
2001 3
1998 1998
1995 206
1992 102
1989 -1697
1986 1256
1983 -454
1980 -1294
1977 1825
1974 105
1971 673
1968 -1584
1965 1914
1962 -2003
1959 -2042
1956 -1434
1953 -1167
1950 1432
1947 -1393
1944 1538
1941 373
1938 866
1935 1625
1932 -482
1929 432
1926 2012
1923 -659
1920 -94
1917 -1027
1914 431
1911 1398
1908 -1446
1905 -451
1902 1672
1899 1228
1896 786
1893 -1968
1890 -1073
1887 -953
1884 832
1881 72
1878 -202
1875 238
1872 -1109
1869 638
1866 -1079
1863 -1673
1860 -700
1857 -262
1854 1247
1851 -1974
1848 -1234
1845 107
1842 -1051
1839 -1133
1836 939
1833 -1000
1830 757
1827 1291
1824 662
1821 -934
1818 -349
1815 -729
1812 -1604
1809 -1272
1806 678
1803 -1118
1800 -133
1797 -1347
1794 633
1791 -519
1788 2015
1785 1080
1782 -544
1782 BOTTOMOFSTACK

2007 940
2004 159
2001 2001
1998 1680
1995 -132
1992 493
1989 1833
1986 2040
1983 -750
1980 -1980
1977 1930
1974 -1844
1971 864
1968 715
1965 1708
1962 -254
1959 -679
1956 -425
1953 -1953
1950 -1675
1947 252
1944 1836
1941 -1032
1938 1829
1935 -916
1932 710
1929 1768
1926 729
1923 -1666
1920 -1229
1917 37
1914 1997
1911 -240
1908 671
1905 -906
1902 -1920
1899 -533
1896 87
1893 1268
1890 -1818
1887 1220
1884 -1700
1881 439
1878 1325
1875 -1515
1872 322
1869 1682
1866 -506
1863 -1792
1860 -1144
1857 929
1854 -1944
1851 727
1848 -339
1845 85
1842 695
1839 637
1836 -1649
1833 -369
1830 -423
1827 457
1824 -975
1821 -118
1818 -345
1815 -652
1812 -1364
1809 1705
1806 1814
1803 1025
1800 379
1797 -1458
1797 BOTTOMOFSTACK

2013 392
2010 486
2007 1350
2004 327
2001 2001
1998 1178
1995 -154
1992 35
1989 777
1986 1137
1983 -1845
1980 -1240
1977 -1555
1974 1839
1971 70
1968 -37
1965 1286
1962 638
1959 1196
1956 7
1953 -699
1950 1012
1947 66
1944 1382
1941 -569
1938 627
1935 360
1932 -1841
1929 1471
1926 76
1923 1781
1920 -26
1917 -375
1914 1291
1911 1094
1908 753
1905 296
1902 -1419
1899 358
1896 -1147
1893 -1178
1890 -1000
1887 1669
1884 1782
1881 -815
1878 -1413
1875 -348
1872 -547
1869 -1893
1866 -250
1863 -397
1860 -1295
1857 -105
1854 585
1851 -191
1848 1528
1845 -1438
1842 -1820
1839 170
1836 -739
1833 1521
1830 1972
1827 497
1824 -312
1821 1089
1818 468
1815 -439
1812 -686
1809 -2032
1806 -661
1803 -1049
1800 -1695
1797 1125
1794 -1270
1791 -91
1788 542
1785 -1449
1782 -1858
1779 598
1776 1140
1773 1710
1770 1808
1767 -830
1764 0
1761 -1248
1758 -1682
1755 232
1752 847
1749 1972
1746 -1711
1743 -1941
1740 -1518
1737 -1123
1734 169
1731 442
1728 2028
1725 812
1725 BOTTOMOFSTACK

