2016 1828
2013 373
2010 18
2007 2007
2004 -429
2001 -628
1998 -547
1995 1293
1992 1325
1989 -681
1986 -1309
1983 -1454
1980 1617
1977 1724
1974 -1701
1971 1950
1968 252
1965 1834
1962 -174
1959 -1479
1956 -1768
1953 1655
1950 -763
1947 -1906
1944 -653
1941 -458
1938 -399
1935 336
1932 -932
1929 1190
1926 2013
1923 -1693
1920 1532
1917 1780
1914 265
1911 -1887
1908 1244
1905 797
1902 627
1899 -447
1896 -978
1893 492
1890 1218
1887 394
1884 -1624
1881 767
1878 135
1875 677
1872 -635
1869 2039
1866 1874
1863 250
1860 1233
1857 -1882
1854 -367
1851 281
1848 -1619
1845 1744
1842 1373
1839 1093
1836 -942
1833 -1478
1830 892
1827 1104
1824 735
1821 -450
1818 761
1815 752
1812 1940
1809 1065
1806 -1583
1803 -1093
1800 1012
1797 -1255
1794 -1114
1791 1696
1788 -1545
1785 -1723
1782 -1149
1779 -664
1776 -291
1773 1551
1770 1638
1767 -728
1764 -221
1761 922
1758 1248
1755 -1215
1752 1163
1749 425
1746 -1304
1743 1362
1740 190
1737 66
1734 -912
1731 -1584
1728 -982
1725 -1741
1722 -1828
1719 1053
1716 -44
1713 -362
1710 637
1710 BOTTOMOFSTACK

