2028 593
2025 815
2022 801
2019 1392
2016 20
2013 2013
2010 -1187
2007 948
2004 -1119
2001 1626
1998 936
1995 876
1992 1719
1989 -1205
1986 -374
1983 -374
1980 -1360
1977 1579
1974 -294
1971 251
1968 153
1965 -160
1962 554
1959 649
1956 -699
1953 523
1950 518
1947 -1658
1944 1897
1941 -873
1938 1517
1935 -1199
1932 282
1929 -1662
1926 -139
1923 2031
1920 -287
1917 -1703
1914 -389
1911 1439
1908 -70
1905 1073
1902 1425
1899 986
1896 -660
1893 435
1890 1029
1887 1114
1884 1525
1881 1779
1878 563
1875 -1724
1872 -922
1869 1987
1866 511
1863 1750
1860 178
1857 396
1854 1590
1851 461
1848 -76
1845 944
1842 1922
1839 -352
1836 984
1833 -1103
1830 418
1827 -1151
1824 354
1821 -1610
1818 675
1815 1176
1812 1957
1809 -1220
1806 613
1803 -627
1800 590
1797 -1559
1794 -1943
1791 781
1788 63
1785 -1672
1782 509
1779 705
1776 -869
1773 -131
1770 -1479
1767 719
1764 -536
1761 -1538
1758 1218
1755 1181
1752 -316
1749 151
1746 82
1743 -463
1740 355
1737 -1764
1734 -1450
1731 541
1728 1794
1725 1477
1722 -331
1719 1149
1716 -509
1713 -1041
1710 678
1707 18
1704 -1838
1701 88
1698 -13
1695 -159
1692 1534
1689 -1236
1686 1864
1683 -840
1680 1929
1677 -1276
1674 -1089
1671 -2004
1668 -1026
1665 -873
1662 -725
1659 92
1656 1708
1653 -1672
1650 -1508
1647 -1469
1644 605
1641 944
1638 -346
1635 -233
1632 -941
1629 -474
1626 -1347
1623 1895
1620 1436
1617 -806
1614 1608
1611 -1775
1608 995
1605 57
1602 293
1599 -915
1596 254
1593 227
1590 1597
1587 932
1584 -1271
1581 -1440
1578 -1253
1575 -355
1572 153
1569 2028
1566 354
1563 2020
1560 22
1557 710
1554 475
1551 -1916
1548 801
1545 -857
1542 102
1539 1794
1536 -173
1533 1035
1530 -2020
1527 289
1524 1679
1521 -826
1518 1076
1515 -584
1512 -827
1509 -909
1506 1683
1503 1875
1500 -1559
1497 2001
1494 1155
1491 -1397
1488 204
1485 -1552
1485 BOTTOMOFSTACK

2028 114
2025 659
2022 216
2019 195
2016 2016
2013 -1026
2010 506
2007 -692
2004 1367
2001 -1098
1998 -2032
1995 -819
1992 271
1989 -837
1986 -862
1983 1924
1980 -1010
1977 -1785
1974 681
1971 1042
1968 1868
1965 -218
1962 2044
1959 -377
1956 650
1953 -667
1950 62
1947 425
1944 -491
1941 -1355
1938 1243
1935 1943
1932 -2015
1929 0
1926 -1220
1923 1539
1920 954
1917 1383
1914 497
1911 789
1908 1137
1905 -846
1902 9
1899 -797
1896 297
1893 -1902
1890 -244
1887 -1597
1884 1389
1881 1078
1878 -1168
1875 -1453
1872 -728
1869 -1519
1866 1331
1863 1727
1860 736
1857 -303
1854 -148
1851 -2010
1848 -393
1845 -1613
1842 1074
1839 1269
1836 197
1833 -1408
1830 -405
1827 619
1824 -1082
1821 -1748
1818 1371
1815 -878
1812 1751
1809 -422
1806 -795
1803 -411
1800 777
1797 -491
1794 -864
1791 -390
1788 937
1785 1885
1782 -1714
1779 -965
1776 -1334
1773 1162
1770 1307
1767 -1552
1764 1625
1761 1772
1761 BOTTOMOFSTACK

2034 696
2031 1043
2028 987
2025 357
2022 2022
2019 0
2016 1005
2013 1115
2010 -1581
2007 -626
2004 1606
2001 1010
1998 -162
1995 49
1992 -21
1989 389
1986 468
1983 692
1980 1115
1977 -1854
1974 916
1971 623
1968 940
1965 -1998
1962 -303
1959 264
1956 1623
1953 -1896
1950 -1033
1947 419
1944 -1091
1941 -1680
1938 -740
1935 -1666
1932 1990
1929 595
1926 -1561
1923 -715
1920 1018
1917 -1741
1914 255
1911 -1049
1908 -1287
1905 1502
1902 -1902
1899 273
1896 1930
1893 -1607
1890 855
1887 1739
1884 1696
1881 -619
1878 2018
1875 -1017
1872 -1975
1869 9
1866 -286
1863 192
1860 742
1857 82
1854 1982
1851 -1533
1848 818
1845 1352
1842 -1597
1839 820
1836 1569
1833 1228
1830 197
1827 733
1824 -610
1821 -495
1818 1131
1815 1167
1812 994
1809 818
1806 1820
1803 382
1800 -261
1797 1316
1794 -1325
1791 -981
1788 -269
1785 -1027
1782 1763
1779 1198
1779 BOTTOMOFSTACK

2028 648
2025 1284
2022 543
2019 2019
2016 -893
2013 164
2010 -838
2007 980
2004 1557
2001 502
1998 -1159
1995 -1770
1992 1724
1989 1368
1986 -1102
1983 -1282
1980 -1898
1977 1974
1974 1378
1971 -1842
1968 -1294
1965 -283
1962 -1493
1959 1877
1956 -1303
1953 1124
1950 2004
1947 1026
1944 -1903
1941 1094
1938 -1312
1935 -1163
1932 420
1929 -103
1926 -1754
1923 98
1920 -25
1917 951
1914 -1021
1911 267
1908 -146
1905 -691
1902 -942
1899 271
1896 1176
1893 1401
1890 686
1887 -260
1884 929
1881 -1812
1878 -792
1875 1724
1872 1746
1869 -1785
1866 -1544
1863 1680
1860 325
1857 1288
1854 1278
1851 1222
1848 -1460
1845 1063
1842 1247
1839 -551
1836 61
1833 -2043
1830 1325
1827 -1638
1824 -1210
1821 -575
1818 509
1815 -1395
1812 -1932
1809 1115
1806 -1960
1803 -377
1800 563
1797 1595
1794 548
1791 -1172
1788 -1540
1785 726
1782 1515
1779 -1356
1776 -1407
1773 -1741
1770 175
1767 257
1764 -1499
1761 -1636
1758 -1434
1755 -407
1752 1803
1749 665
1749 BOTTOMOFSTACK

2046 796
2043 723
2040 2040
2037 1555
2034 -2029
2031 -697
2028 -1811
2025 -467
2022 -119
2019 121
2016 -1589
2013 -102
2010 36
2007 489
2004 1284
2001 1859
1998 313
1995 1840
1992 940
1989 -1736
1986 384
1983 -699
1980 -1029
1977 -928
1974 -941
1971 64
1968 0
1965 -867
1962 923
1959 -339
1956 -943
1953 2008
1950 -42
1947 1524
1944 -119
1941 -1494
1938 -676
1935 1821
1932 -556
1929 -740
1926 -115
1923 1532
1920 332
1917 -1581
1914 -50
1911 -428
1908 321
1905 1423
1902 1637
1899 -1955
1896 1930
1893 -1562
1890 -1338
1887 1736
1884 563
1881 1561
1878 1870
1875 -464
1872 -1151
1869 459
1866 1158
1863 -1593
1860 2025
1857 -1187
1854 225
1851 939
1848 1799
1845 -167
1842 -1783
1839 1095
1836 -709
1833 1475
1830 657
1827 -1246
1824 1533
1821 1594
1818 -500
1815 522
1812 -68
1809 506
1806 -1846
1803 -1708
1800 1129
1797 -1175
1794 776
1791 -1529
1788 -1335
1785 -1313
1782 -1455
1779 346
1776 970
1773 -1971
1770 -797
1767 -1289
1764 1396
1761 -159
1758 -1459
1755 -1316
1752 -780
1749 -1065
1746 -1067
1743 124
1740 -597
1737 457
1734 -647
1731 -1997
1728 1977
1725 -938
1722 695
1719 -174
1716 315
1713 1374
1710 1927
1707 15
1704 809
1701 1266
1698 446
1695 1024
1692 8
1689 1316
1686 -174
1683 1206
1680 1892
1677 361
1674 1366
1671 942
1668 47
1665 575
1662 -373
1659 -786
1656 1676
1653 -660
1650 -852
1647 -1118
1644 -910
1641 1431
1638 1364
1635 -229
1632 2035
1629 1282
1626 1597
1623 -1476
1620 1449
1617 -81
1614 -1654
1611 1836
1608 423
1605 1051
1602 -1295
1599 1099
1596 -1779
1593 -406
1590 -687
1587 1709
1584 886
1581 1443
1578 659
1575 -743
1572 -1238
1569 1424
1566 766
1563 -1917
1560 1151
1557 1600
1554 -510
1551 -100
1548 1928
1545 224
1542 -447
1539 1076
1536 1098
1533 -1706
1530 -1960
1527 1664
1524 1643
1521 -1430
1518 1621
1515 -1714
1512 882
1509 1478
1506 1758
1503 318
1500 184
1497 903
1494 -123
1491 -1993
1488 -209
1485 1272
1482 -618
1479 184
1476 1560
1473 -40
1470 308
1467 -1098
1464 -1241
1461 1468
1458 -420
1455 55
1452 -1257
1452 BOTTOMOFSTACK

