2052 859
2049 362
2046 380
2043 931
2040 8
2037 2037
2034 1909
2031 -1680
2028 -241
2025 -1738
2022 -601
2019 175
2016 -445
2013 -842
2010 283
2007 -1191
2004 434
2001 -1780
1998 -544
1995 -367
1992 -1762
1989 982
1986 -992
1983 -1295
1980 -982
1977 -1588
1974 1157
1971 -1446
1968 1272
1965 -1117
1962 1899
1959 1510
1956 -1271
1953 152
1950 -1083
1947 1175
1944 -1742
1941 1391
1938 -608
1935 370
1932 749
1929 1418
1926 -1300
1923 1972
1920 1530
1917 -127
1914 1642
1911 1199
1908 -1644
1905 -908
1902 691
1899 -93
1896 1151
1893 -885
1890 1846
1887 758
1884 1688
1881 255
1878 1459
1875 -1673
1872 1012
1869 -815
1866 -1366
1863 -854
1860 1736
1857 -419
1854 1236
1851 1798
1848 400
1845 303
1842 219
1839 555
1836 -909
1833 -868
1830 -403
1827 1618
1824 -1208
1821 -1023
1818 -1739
1815 1576
1812 0
1809 -380
1806 -1254
1803 625
1800 1517
1797 -2020
1794 933
1791 -1196
1788 1036
1785 1483
1782 -498
1779 494
1776 -1398
1773 1223
1770 1759
1767 -364
1764 -1329
1761 348
1758 378
1755 708
1752 -419
1749 1218
1746 -909
1743 1366
1740 1262
1737 1339
1734 -1644
1731 883
1728 -1110
1725 -382
1722 566
1719 -1727
1716 -1787
1713 -642
1710 -677
1707 1116
1704 1307
1701 -66
1698 -728
1695 -1911
1692 1842
1689 -1804
1686 396
1683 -1800
1680 1228
1677 -1378
1674 -1718
1671 458
1668 -750
1665 330
1662 374
1659 -793
1656 214
1653 -1562
1650 1750
1647 1482
1644 201
1641 1632
1638 1049
1635 -1323
1632 1722
1629 -253
1626 -649
1623 1823
1620 1616
1617 -2038
1614 -1528
1611 -1148
1608 -1908
1605 -1807
1605 BOTTOMOFSTACK

2028 236
2025 1085
2022 1865
2019 204
2016 2016
2013 1169
2010 1706
2007 -1718
2004 1973
2001 1735
1998 1896
1995 -1637
1992 959
1989 422
1986 -1215
1983 513
1980 -800
1977 225
1974 -1749
1971 -1918
1968 421
1965 -1933
1962 127
1959 1558
1956 284
1953 1822
1950 -909
1947 -1021
1944 -742
1941 -604
1938 2043
1935 -748
1932 -156
1929 -1404
1926 -1302
1923 1482
1920 107
1917 -1892
1914 -579
1911 1517
1908 1645
1905 978
1902 -79
1899 -346
1896 781
1893 -1404
1890 -1594
1887 -1776
1884 1562
1881 -699
1878 806
1875 1751
1872 -1217
1869 -107
1866 1536
1863 -947
1860 604
1857 1517
1854 -145
1851 -1963
1848 -1585
1845 -324
1842 -1238
1839 -870
1836 -1213
1833 -250
1830 896
1827 1891
1824 428
1821 -1903
1818 58
1815 0
1812 1915
1809 275
1806 -1372
1803 182
1800 2039
1797 2047
1794 1968
1791 1732
1788 -1738
1785 -904
1782 1293
1779 171
1776 -802
1773 -1222
1770 548
1767 1104
1764 -171
1761 1903
1761 BOTTOMOFSTACK

2040 469
2037 387
2034 2034
2031 706
2028 286
2025 672
2022 -1221
2019 1835
2016 908
2013 245
2010 269
2007 601
2004 -299
2001 809
1998 -1948
1995 1523
1992 -1483
1989 1206
1986 -1464
1983 -1387
1980 -1438
1977 720
1974 161
1971 1265
1968 -1547
1965 -1769
1962 0
1959 -947
1956 -561
1953 -1963
1950 -302
1947 -226
1944 159
1941 613
1938 403
1935 1076
1932 -774
1929 948
1926 1560
1923 -1058
1920 1291
1917 -344
1914 242
1911 1009
1908 985
1905 -1771
1902 1189
1899 -1272
1896 -1377
1893 -229
1890 -149
1887 -1301
1884 887
1881 -701
1878 -1516
1875 1200
1872 367
1869 4
1866 -1292
1863 -306
1860 -1285
1857 1776
1854 0
1851 -1635
1848 -933
1845 541
1842 533
1839 -212
1836 -1852
1833 1492
1830 -1946
1827 1138
1824 -606
1821 -775
1818 1376
1815 -1777
1812 241
1809 1490
1806 535
1803 627
1800 -1379
1797 680
1794 -1892
1791 1371
1788 365
1785 -1310
1782 -1595
1779 1135
1776 -38
1773 1687
1770 -473
1767 2021
1764 -1894
1761 -217
1758 1332
1755 -1069
1752 9
1749 803
1746 784
1743 1531
1740 1676
1737 -968
1737 BOTTOMOFSTACK

2013 1158
2010 1797
2007 579
2004 2004
2001 -1988
1998 1515
1995 -1543
1992 -1849
1989 -1175
1986 1922
1983 2035
1980 -1575
1977 -1924
1974 1236
1971 -43
1968 1963
1965 505
1962 1900
1959 -1379
1956 -1966
1953 440
1950 -334
1947 678
1944 -1034
1941 -1268
1938 -395
1935 1842
1932 -186
1929 -1169
1926 169
1923 -506
1920 -1388
1917 -242
1914 921
1911 -1326
1908 1028
1905 -1776
1902 1600
1899 -111
1896 777
1893 852
1890 480
1887 853
1884 287
1881 -838
1878 1749
1875 547
1872 851
1869 1239
1866 432
1863 723
1860 1848
1860 BOTTOMOFSTACK

2031 165
2028 716
2025 1764
2022 771
2019 2019
2019 BOTTOMOFSTACK

2034 139
2031 939
2028 2028
2025 1011
2022 -2011
2019 981
2016 1953
2013 998
2010 -197
2007 659
2004 401
2001 -1154
1998 -1421
1995 -1332
1992 -509
1989 927
1986 -1368
1983 1679
1980 -288
1977 -603
1974 -1614
1971 1641
1968 1763
1965 485
1962 -747
1959 -1693
1956 -140
1953 -1391
1950 -1363
1947 162
1944 403
1941 1473
1938 698
1935 337
1932 1873
1929 -2029
1926 320
1923 -427
1920 -1766
1917 -985
1914 1289
1911 407
1908 1293
1905 -1314
1902 1600
1899 98
1896 -1885
1893 1742
1890 -1304
1887 -854
1884 -1202
1881 1716
1878 1942
1875 1515
1872 -1864
1869 -475
1866 1714
1863 24
1860 200
1857 -222
1854 1141
1851 640
1848 -1885
1845 -82
1842 -939
1839 199
1836 -1733
1833 -1074
1830 -113
1827 1988
1824 -196
1821 -1958
1818 -294
1815 1228
1812 1865
1809 -872
1806 -1862
1803 -1573
1800 1451
1797 1317
1794 -1017
1791 595
1788 912
1785 12
1782 -823
1779 -1611
1776 1052
1773 1028
1770 1879
1767 432
1764 -151
1761 1050
1758 86
1755 -1797
1752 -308
1749 -823
1746 -1079
1743 477
1740 1503
1737 -919
1734 -479
1731 1465
1728 -1527
1725 -616
1722 -673
1719 723
1716 993
1713 -925
1710 856
1707 -1487
1704 1860
1701 -63
1698 1484
1695 -1386
1692 961
1689 -1729
1686 1752
1683 1507
1680 1912
1677 -962
1674 1352
1671 -1368
1668 -1266
1665 760
1662 1044
1659 2040
1656 -884
1653 980
1650 -1764
1647 1530
1644 -770
1641 193
1638 473
1635 1659
1632 -1382
1629 1035
1626 -1573
1623 -625
1620 -1506
1617 -1070
1614 1522
1611 -622
1608 1915
1605 386
1602 630
1599 270
1596 -588
1593 1315
1590 -218
1587 -1847
1584 -680
1581 532
1578 -1169
1575 451
1572 -487
1569 -720
1566 706
1563 473
1560 -1787
1557 -1003
1554 1000
1551 -403
1548 296
1545 1813
1542 -779
1539 -731
1536 -219
1536 BOTTOMOFSTACK

2040 1380
2037 1632
2034 1817
2031 1098
2028 2028
2025 0
2022 93
2019 -936
2016 1947
2013 -1681
2010 1225
2007 1392
2004 -1199
2001 -1602
1998 -1492
1995 588
1992 -61
1989 533
1986 -1701
1983 1113
1980 -1037
1977 -1442
1974 681
1971 9
1968 -1514
1965 398
1962 225
1959 1227
1956 -1945
1953 2015
1950 -285
1947 -25
1944 -117
1941 -969
1938 666
1935 1113
1932 972
1929 -561
1926 -540
1923 -483
1920 -590
1917 -130
1914 -1616
1911 -935
1908 -938
1905 -1724
1902 -2004
1899 1890
1896 150
1893 1610
1890 -1615
1887 -1350
1884 348
1881 124
1878 2010
1875 -434
1872 948
1869 -1826
1866 1834
1863 1040
1860 -1661
1857 499
1854 595
1851 1472
1848 -450
1845 1436
1842 92
1839 2026
1836 -136
1833 -1771
1830 -1354
1827 -1945
1824 403
1821 1143
1818 1640
1815 -467
1812 -1995
1809 914
1806 -148
1803 -1304
1800 -1112
1797 669
1794 -372
1791 1223
1788 212
1785 -1389
1782 1528
1779 -1258
1776 -1772
1773 -877
1770 -899
1767 1751
1764 1515
1761 472
1758 -340
1755 -571
1752 -420
1749 -155
1746 614
1743 -1487
1740 -1549
1737 -1206
1734 1371
1731 -758
1728 688
1725 -1831
1722 1808
1719 -204
1716 -646
1713 38
1710 272
1707 -205
1704 1668
1701 -811
1698 1208
1695 -1488
1692 1814
1689 921
1686 -1132
1683 18
1680 1431
1677 1358
1674 -440
1671 1719
1668 -1071
1665 -1409
1662 -1640
1662 BOTTOMOFSTACK

2010 1430
2007 1296
2004 2004
2001 -1885
1998 -36
1995 -331
1992 -247
1989 -1507
1986 -262
1983 716
1980 -1660
1977 1815
1974 -156
1971 793
1968 -1022
1965 2008
1962 -522
1959 539
1956 1629
1953 -800
1950 1153
1947 -1604
1944 -133
1941 -1937
1938 -1399
1935 -474
1932 -1436
1929 -1443
1926 477
1923 704
1920 1895
1917 1708
1914 139
1911 -355
1908 -1595
1905 -255
1902 -940
1899 -195
1896 -1441
1893 -1195
1890 30
1887 109
1884 434
1881 -653
1878 -930
1875 422
1872 -223
1869 -1689
1866 1480
1863 654
1860 956
1857 -866
1854 723
1851 131
1848 790
1845 1059
1842 539
1839 -1900
1836 2034
1833 -637
1830 1679
1827 1357
1824 -693
1821 1383
1818 346
1815 1335
1812 52
1809 1609
1806 -111
1803 -1116
1800 -1986
1797 -1598
1794 773
1791 58
1788 2002
1785 -1526
1782 666
1779 1300
1776 252
1773 -1756
1770 204
1767 477
1764 1892
1761 82
1758 147
1755 -627
1752 1320
1749 842
1746 1587
1743 -1494
1740 -993
1737 -257
1734 -253
1731 -1935
1728 -704
1725 -1184
1722 943
1719 1057
1716 225
1713 -1542
1710 94
1707 -1946
1704 -756
1701 1941
1698 -437
1695 2025
1692 -1396
1689 326
1686 -1245
1683 -1560
1680 21
1677 -684
1674 -1562
1671 -540
1668 506
1665 -55
1662 -500
1659 -1309
1656 -1348
1653 -348
1650 -1985
1647 -915
1644 -2022
1641 -344
1638 1901
1635 1349
1632 804
1629 -470
1626 594
1623 767
1620 -771
1617 376
1614 -732
1611 776
1608 506
1605 1782
1602 -1197
1599 -806
1596 1729
1593 1857
1590 -1295
1587 1765
1584 1477
1581 1701
1578 -194
1575 -1398
1572 -1414
1569 -1043
1566 -1945
1563 -328
1560 -2031
1557 1701
1554 1190
1551 474
1548 1174
1545 805
1542 1344
1539 1317
1536 1525
1533 632
1530 -1805
1527 -1414
1524 465
1521 -1329
1518 -1040
1515 -601
1512 -994
1509 870
1506 -1187
1503 -146
1500 -1465
1497 -254
1494 806
1491 1346
1488 -1649
1485 967
1482 -1270
1479 -1159
1476 690
1473 1255
1470 -810
1467 1271
1464 -231
1461 -350
1458 1561
1455 -53
1452 1561
1449 -1534
1446 -1813
1443 1791
1440 1455
1437 -779
1434 288
1431 -1261
1428 551
1425 -67
1422 685
1419 -905
1416 1637
1413 -1816
1410 -1177
1407 205
1404 1482
1401 -1253
1398 -1080
1395 -1656
1392 -1739
1389 424
1386 -1117
1383 -624
1383 BOTTOMOFSTACK

