2010 1884
2007 1451
2004 1086
2001 345
1998 14
1995 1995
1992 716
1989 -1972
1986 1111
1983 822
1980 -1672
1977 -1070
1974 -915
1971 -1794
1968 831
1965 1749
1962 1293
1959 -1377
1956 237
1953 508
1950 -684
1947 67
1944 -476
1941 671
1938 188
1935 -445
1932 1627
1929 1660
1926 -736
1923 690
1920 1910
1917 -1678
1914 -1924
1911 -683
1908 1674
1905 2018
1902 -77
1899 -416
1896 -1392
1893 -705
1890 180
1887 -1064
1884 314
1881 -1006
1878 1849
1875 567
1872 1090
1869 -1571
1866 1324
1863 1333
1860 1554
1857 1315
1854 1125
1851 43
1848 -1838
1845 -177
1842 246
1839 896
1836 -1639
1833 951
1830 -404
1827 1085
1824 482
1821 -457
1818 229
1815 -696
1812 1868
1809 -215
1806 2045
1803 -25
1800 -856
1797 1175
1794 -808
1791 1760
1788 -560
1785 733
1782 640
1779 806
1776 -494
1773 128
1770 -71
1767 1343
1767 BOTTOMOFSTACK

2040 1143
2037 978
2034 603
2031 195
2028 2028
2025 -1905
2022 -942
2019 -762
2016 1506
2013 -1681
2010 -301
2007 1745
2004 2032
2001 -1888
1998 942
1995 220
1992 957
1989 -1345
1986 287
1983 -1905
1980 1299
1977 770
1974 790
1971 -1997
1968 1730
1968 BOTTOMOFSTACK

2037 161
2034 1819
2031 378
2028 2028
2025 -457
2022 -485
2019 1782
2016 612
2013 -1740
2010 -1261
2007 1956
2004 1620
2001 -1324
1998 1031
1995 -435
1992 -1183
1989 230
1986 -924
1983 1799
1980 553
1977 991
1974 -900
1971 -1139
1968 1125
1965 1705
1962 384
1959 -634
1956 -483
1953 -1069
1950 -646
1947 -327
1944 -1442
1941 -2043
1938 118
1935 1801
1932 516
1929 -1725
1926 -1335
1923 -1915
1920 -358
1917 -622
1914 652
1911 241
1908 -1670
1905 684
1902 649
1899 1203
1896 55
1896 BOTTOMOFSTACK

2013 1444
2010 222
2007 1746
2004 896
2001 564
1998 1998
1995 0
1992 -1968
1989 -892
1986 508
1983 1513
1980 54
1977 646
1974 849
1971 161
1968 1087
1965 -1879
1962 -1154
1959 -602
1956 732
1953 -1113
1950 1602
1947 1027
1944 687
1941 479
1938 0
1935 -1458
1932 430
1929 -1783
1926 1408
1923 -817
1920 309
1917 -1903
1914 1715
1911 879
1908 -1165
1905 1839
1902 844
1899 -1999
1896 -1897
1893 -764
1890 636
1887 -933
1884 -1999
1881 -1849
1878 -1450
1875 1639
1872 -938
1869 -356
1866 774
1866 BOTTOMOFSTACK

2031 1744
2028 287
2025 288
2022 750
2019 2019
2019 BOTTOMOFSTACK

