2004 1373
2001 353
1998 23
1995 1995
1992 0
1989 1359
1986 921
1983 -1214
1980 1978
1977 -1633
1974 983
1971 -492
1968 175
1965 -1103
1962 -1496
1959 763
1956 1897
1953 1473
1950 -676
1947 258
1944 -1428
1941 537
1938 1580
1935 -361
1932 2017
1929 -372
1926 649
1923 -391
1920 1493
1917 -1434
1914 -960
1911 -1709
1908 1860
1905 -1827
1902 -294
1899 164
1896 872
1893 1174
1890 911
1887 -1727
1884 -469
1881 -590
1878 2042
1875 -166
1872 727
1869 -34
1866 1929
1863 1633
1860 152
1857 -1883
1854 586
1851 681
1848 -1822
1845 -1044
1842 1084
1839 2013
1836 513
1833 -1210
1830 1888
1827 -1686
1824 -1357
1821 1258
1818 -822
1815 1299
1812 -607
1809 1901
1806 -1333
1803 450
1800 -816
1797 -1325
1794 1304
1791 1879
1788 550
1785 -797
1782 -756
1779 1324
1776 942
1773 1044
1770 1620
1767 -1442
1764 -573
1761 65
1758 -1476
1755 2002
1752 1745
1749 -875
1746 -188
1743 -617
1740 -1026
1737 110
1734 -2023
1731 1083
1728 804
1725 188
1722 -905
1719 1609
1716 -456
1713 1868
1710 -1716
1707 -1299
1704 1282
1701 362
1698 818
1695 -1236
1692 2042
1689 1441
1686 -1140
1683 -1649
1680 -867
1677 -1999
1674 526
1671 801
1668 1423
1665 293
1662 -734
1659 463
1656 425
1653 -1845
1650 -162
1647 1134
1644 769
1641 -533
1638 1920
1635 0
1632 665
1629 -858
1626 632
1623 43
1620 704
1617 -227
1614 -1448
1611 -658
1608 1985
1605 688
1602 663
1599 -469
1596 469
1593 455
1590 -2041
1587 -1486
1584 1467
1581 423
1578 -2028
1575 1084
1572 1191
1569 766
1566 -1367
1563 32
1560 -1321
1557 -1416
1554 -666
1551 24
1548 274
1545 -759
1542 324
1539 125
1536 1561
1533 1109
1530 -10
1527 689
1524 1491
1521 1352
1518 114
1515 58
1512 105
1509 -662
1506 -516
1503 940
1500 837
1497 448
1494 -1236
1491 -1352
1488 -1843
1485 645
1482 1246
1479 -1595
1476 -820
1473 446
1470 2039
1467 -1569
1464 879
1461 -1926
1458 -746
1455 1504
1452 1944
1449 488
1446 1186
1443 1520
1440 262
1437 1073
1434 1337
1431 -1731
1428 1150
1425 9
1422 -417
1419 -192
1416 1632
1413 1083
1410 1700
1407 278
1404 -931
1401 -998
1398 -11
1395 1042
1392 -1279
1389 22
1386 -492
1383 1738
1380 942
1377 -1945
1374 -366
1371 891
1368 -1748
1365 -166
1362 -213
1362 BOTTOMOFSTACK

2031 1464
2028 306
2025 204
2022 2022
2019 87
2016 -1358
2013 1884
2010 653
2007 -1218
2004 279
2001 1809
1998 -1115
1998 BOTTOMOFSTACK

2019 556
2016 2009
2013 399
2010 2010
2007 -1984
2004 57
2001 1871
1998 1671
1995 503
1992 -766
1989 -34
1986 846
1983 635
1980 -715
1977 -1015
1974 -425
1971 446
1968 1190
1965 1761
1962 2028
1959 460
1956 1785
1953 -1434
1950 1535
1947 1836
1944 -1225
1941 -1921
1938 740
1935 1816
1932 1305
1929 569
1926 -1620
1923 -155
1920 -695
1917 -1082
1914 -537
1911 2037
1908 493
1905 1800
1902 -1853
1899 1956
1896 393
1893 1188
1890 -1604
1887 201
1884 -1618
1881 157
1878 1360
1875 206
1872 1264
1869 -914
1866 510
1863 1162
1860 741
1857 389
1854 -636
1851 -3
1848 2011
1845 1858
1842 -1841
1839 -156
1836 61
1833 1036
1830 -1743
1827 353
1824 1636
1821 1738
1818 -879
1815 481
1812 -966
1809 459
1806 250
1803 -1776
1800 -901
1797 -1023
1794 -1549
1791 -1899
1788 745
1785 -1777
1782 -426
1779 1382
1776 110
1773 -1635
1770 1896
1767 -1168
1764 -2043
1761 1059
1758 2042
1755 1336
1752 -1906
1749 404
1746 -356
1743 1743
1740 701
1737 -274
1734 -893
1731 -464
1728 -317
1725 979
1722 -1986
1719 359
1716 -493
1713 -626
1710 -1815
1707 -1674
1704 997
1701 -905
1698 -234
1695 -234
1692 1070
1692 BOTTOMOFSTACK

2043 722
2040 570
2037 2037
2034 1118
2031 -183
2028 1930
2025 328
2022 391
2019 -313
2016 903
2013 51
2010 -1052
2007 649
2004 464
2001 -833
1998 -70
1995 273
1992 -1548
1989 -642
1986 2012
1983 -1152
1980 1904
1977 -564
1974 1625
1971 -554
1968 659
1965 -888
1962 1279
1959 -806
1956 -1853
1953 556
1950 -1361
1947 1799
1944 755
1941 1262
1938 1902
1935 804
1932 -118
1929 -618
1926 -1415
1923 1657
1920 -747
1917 1194
1914 -1781
1911 -1285
1908 283
1905 2033
1902 -238
1899 499
1896 237
1893 1161
1890 -1403
1887 1489
1884 464
1881 298
1878 396
1875 -1208
1872 -702
1869 437
1866 -1685
1863 1701
1860 -1647
1857 289
1854 142
1851 -586
1848 434
1845 -283
1842 -2047
1839 -4
1836 1367
1833 1813
1830 -1647
1827 538
1824 1018
1821 1257
1818 1276
1815 -1468
1812 689
1809 1658
1806 1022
1803 912
1800 620
1797 626
1794 1575
1791 -422
1788 1376
1785 1707
1782 507
1779 -1548
1776 1225
1773 1583
1770 552
1767 164
1764 -457
1761 57
1758 -1641
1755 1265
1752 -1642
1749 -1102
1746 57
1743 549
1740 -1264
1737 -599
1734 864
1731 255
1728 350
1725 -269
1722 712
1719 772
1716 1112
1713 -165
1710 -1923
1707 1301
1704 1848
1701 -1083
1698 -1892
1695 959
1692 -849
1689 -1598
1686 1312
1683 1827
1680 -1018
1677 1544
1677 BOTTOMOFSTACK

2004 514
2001 100
1998 747
1995 1995
1992 1212
1989 264
1986 -1765
1983 -460
1980 1824
1977 -345
1974 -883
1971 -783
1968 -1846
1965 -1758
1962 -243
1959 -1816
1956 58
1953 -614
1950 480
1947 -1790
1944 893
1941 -1033
1938 517
1935 -1969
1932 -1118
1929 -1058
1926 -1042
1923 1003
1920 1693
1917 -750
1914 1817
1911 1307
1908 78
1905 1111
1902 -1079
1899 1122
1896 1221
1893 1432
1890 -1339
1887 -11
1884 -1455
1881 -325
1878 -1991
1875 1289
1872 1872
1869 -1098
1866 -1888
1863 -1775
1860 -1432
1857 -70
1854 -1583
1851 -1073
1848 -355
1845 -1646
1842 1230
1839 990
1836 -1330
1833 -599
1830 -1512
1827 -674
1824 898
1821 -231
1818 -749
1815 256
1812 1056
1809 -1304
1806 -911
1803 -361
1800 747
1797 -127
1794 -1974
1791 -179
1788 1903
1785 -1896
1782 -722
1779 -110
1776 1294
1773 -352
1770 -850
1767 -748
1764 -309
1761 -253
1758 404
1755 -340
1752 -1950
1749 -417
1746 -573
1743 1011
1740 512
1737 368
1734 -1169
1731 -660
1728 1293
1725 482
1722 1450
1719 1278
1716 573
1713 2014
1710 237
1707 14
1704 0
1701 679
1698 1378
1695 175
1692 403
1689 930
1686 -264
1683 -2047
1680 239
1677 1889
1674 858
1671 -1701
1668 -1847
1665 1544
1662 1421
1659 1471
1656 141
1653 -1829
1650 1368
1647 -522
1644 1413
1641 1396
1638 0
1635 -813
1632 -83
1629 1155
1626 -284
1623 1421
1620 1733
1617 1790
1614 880
1611 -571
1608 299
1605 -173
1602 0
1599 269
1596 832
1593 1014
1590 -456
1587 -1199
1584 1931
1581 -256
1578 -690
1575 881
1572 1774
1569 1209
1566 -920
1563 -783
1560 -447
1560 BOTTOMOFSTACK

2022 1427
2019 633
2016 45
2013 1555
2010 921
2007 2007
2004 1523
2001 -1427
1998 73
1995 1980
1992 -1843
1989 -1114
1986 -339
1983 -523
1980 2003
1977 -1305
1974 -633
1971 -1716
1968 -137
1965 -419
1962 -119
1959 1338
1956 1534
1953 542
1950 -1989
1947 1879
1944 -106
1941 1627
1938 -614
1935 -427
1932 764
1929 -763
1926 -1513
1923 -464
1920 1888
1917 -897
1914 1801
1911 -1947
1908 -37
1905 -1557
1902 -1471
1899 590
1896 -943
1893 474
1890 314
1887 -1814
1884 -30
1881 1955
1878 559
1875 809
1872 947
1869 -1779
1866 -1594
1863 -468
1860 890
1857 -1388
1854 -468
1851 829
1848 -1249
1845 1780
1842 1476
1839 1735
1836 -988
1833 -1373
1830 358
1827 1291
1824 -1330
1821 -113
1818 1404
1815 -128
1812 -1963
1809 559
1806 539
1803 1332
1800 -162
1797 -1522
1794 -1540
1791 -410
1788 1290
1785 -1958
1782 -1478
1779 460
1776 -623
1773 -726
1770 170
1767 -805
1764 1548
1761 313
1758 1945
1755 -361
1752 410
1749 1163
1746 1646
1743 -1148
1740 1406
1737 -60
1734 -1552
1731 -110
1728 944
1725 1133
1722 95
1719 928
1716 1430
1713 629
1710 627
1707 -56
1704 796
1701 -198
1698 23
1695 1561
1692 874
1689 1954
1686 -422
1683 1119
1680 -1852
1677 -1111
1674 1005
1671 1395
1668 -1755
1665 -1016
1662 -1392
1659 -639
1656 -1562
1653 424
1650 1438
1647 1335
1644 -891
1641 -509
1638 -1028
1635 -1334
1632 -1464
1629 -621
1626 -769
1623 -1360
1620 1580
1617 -758
1614 1035
1611 485
1608 846
1605 1397
1602 1473
1599 -866
1596 950
1593 -394
1590 -997
1587 1376
1584 -848
1581 330
1578 -949
1575 -1442
1572 -63
1569 1951
1566 -561
1563 2038
1560 1093
1557 221
1557 BOTTOMOFSTACK

2052 1430
2049 608
2046 1206
2043 1101
2040 2040
2037 1847
2034 1517
2031 -1922
2028 240
2025 -603
2022 -560
2019 1875
2016 58
2013 1557
2010 -413
2007 -549
2004 -1354
2001 -307
1998 -115
1995 -586
1992 1707
1989 -626
1986 492
1983 1490
1980 0
1977 -1211
1974 -1874
1971 815
1968 -475
1965 -1855
1962 -1805
1959 -405
1956 -537
1953 1899
1950 -1736
1947 -1011
1944 577
1941 1168
1938 265
1935 68
1932 666
1929 1786
1926 -656
1923 1294
1920 -554
1917 -959
1914 -895
1911 2023
1908 -1074
1905 -617
1902 -1092
1899 9
1896 1603
1893 -1937
1890 1184
1887 977
1884 -866
1881 -1297
1878 -1640
1875 -698
1872 344
1869 -579
1866 1277
1863 1885
1860 -142
1857 696
1854 44
1851 470
1848 1323
1845 -1320
1842 1519
1839 -1096
1836 -960
1833 -5
1830 1854
1827 2002
1824 1822
1821 1403
1818 -1849
1815 1797
1812 1314
1809 654
1806 184
1803 -786
1800 -432
1797 1254
1794 134
1791 -1232
1788 -941
1785 -941
1785 BOTTOMOFSTACK

