shellcode_size: 76
params: 592
pointers: 2010 1008 17
001101010000000101100101010100100000010001100000111110011010010100000000010001100000111111011100010001100000111111011100000100100000000100010011010001100000111111011100000100000000010001100000111110101111000100110000010100000000010001100000111111000111000100000001010100010010010001100000111111000001000100100011010000110000001001111011000000000000000100011111000101100101001101010000011100000000

shellcode_size: 34
params: 1159 1923 1175 1327
pointers: 2034 1050 174
001101010000000101100101010001100000111110001110000100000000010000110000111110000001000100100000010000110000100001110101000101100101001101010000011100000000

shellcode_size: 70
params: 1356
pointers: 2016 1005 363
001101010000000101100101010001100000111110101001010000010000010100101001000100110011010100010011010001100000111110001000010100100010000101100101001101010000011100000000

