shellcode_size: 121
params: 1616 289
pointers: 2001 1020 37
001101010000000101100101010001100000111111111010000100000000010000100000100000110010000000010000010110001001010000100000101001000110000000000000100111110101010000110000111001000101000100110010010100010010000100100001010100110000010000000000011110111101010000000000100011100111000000010000100010001111010100110011010000110000110010101000000000000000011110110011001100000000000000000000010011000010001100000000000000000000010010010001001100000000000000000000000010001000001100000000011000000000000101111101000000000000011010000000010000110000100101011011010100000000000101100101001101010000011100000000

shellcode_size: 55
params: 679 961 1740 2021
pointers: 2004 1032 213
001101010000000101100101000000000000111001011010010000000000110100010010010001100000111110001011010000100000100110101100010100100001000100010010010100110010010000110000010110011110000100100011000100010001010100000010010001100000111110110101000100110000010001100000111110110010010100000011000000010000000111011110000000110000011011010000010001100000111110001110000100010000010001100000111110000010000000010000001101011101010001100000111110111011000000010000101010110000010000100000101110001010010001100000111111010110010001100000111110111110000000110000000001000000010100000010000000000000011101110111001100000000000000000000010101001000001100000000011000000000000000100101010000100000010011001100000100100011010000010000001100111101000101100101001101010000011100000000

shellcode_size: 192
params: 198 386 726 40
pointers: 2031 1044 381
001101010000000101100101010001100000111111001010000000000000101101111010000000010000100101010100010100000001000000100000000001010010000000000000011110000011001100000000000000000000010100011100001100000000000000000000011100011110001100000000000000000000001110000011001100000000011000000000000011010101000000110000010110000000000100010011010100110010000000000000111011100110010100010001000000000000011011101001001100000000000000000000011001011010001100000000000000000000000111100011001100000000000000000000011110001100001100000000011000000000001000101110010001100000111111010011000100010010010100000000010001100000111110101100010100010011010001100000111111101110010000110000100011000010000100110011010000100000000001010111000000000000011001000010001100000000000000000000000100011111001100000000011000000000000000100101000000110000011011101010010100000001000100010001010100000011010000110000010001011110000000010000000010000111010100000010010000010000110000111101000101100101001101010000011100000000

shellcode_size: 176
params: 978 538 1199 844
pointers: 2025 1047 558
001101010000000101100101010001100000111111011100000000110000000110110101010000110000110100111110010001100000111111000001010000010000110000111110010000010000011000000111010100110001000000000000100101010001000100100010000100010011010100000010000100000001010000110000111111011010000100010010010100000010000000000000000111011100001100000000000000000000001111010101001100000000011000000000000000100101000101100101001101010000011100000000

