params: 803 1315 1571
pointers: 2043 1032 13
001101010000000101100101000100110000010000010000101001111000010001100000111111011100010100010010010001100000111110011010000000110000110111100001000000010000101011101000000000000000010111111100001100000000000000000000010010111000001100000000000000000000001010010000001100000000011000000000000101111010000100100001010001100000111110001110000000010000111011100100010000010000111001001010000100110011010100110011010001100000111111110111010100100011010100000011010001100000111111001101000101100101001101010000011100000000

params: 1394
pointers: 2037 1041 177
001101010000000101100101010100110011010000100000010001000111000100000011010000110000100000111111000000100000110100000000010100100011000000010000011110001100000000000000010101111100001100000000000000000000001000001100001100000000000000000000010011110110001100000000011000000000000101111010000101100101001101010000011100000000

params: 51 519 1252
pointers: 2016 1023 378
001101010000000101100101010001100000111111010000000100100011010000010000001100100010010001100000111110011101010000100000101011000111010001100000111110110101000100000001010100010001010100110011010100010001000000000000011101100100001100000000000000000000010110000001001100000000000000000000011111010001001100000000011000000000000000001101000100110010000000000000010001100111001100000000000000000000000101011001001100000000000000000000010010010100001100000000011000000000000000001101010000110000101010101001010100100011010000110000100111110001000101100101001101010000011100000000

