shellcode_size: 122
params: 736 703 591 1436
pointers: 2004 1008 46
001101010000000101100101000000100000010111110100010100110010010000110000110011101001000000110000001010001110010100010010010001100000111111011111010100000011010001100000111111000001010000010000100101111010000000100000101111001010010000000000110000011110000100010010010001100000111111110001000100010011010000100000100001110111000000000000100110011001000100100011010100110011000100000000000000100000011011000001010100100001010000000000101100100001000100000010010000100000111101010101000000000000000010111011001100000000000000000000011011110011001100000000011000000000000011011110000000000000011011001111001100000000000000000000000010000101001100000000011000000000000011011110010100000010010100110000000101100101001101010000011100000000

shellcode_size: 139
params: 586 995
pointers: 2001 1005 222
001101010000000101100101010001100000111111001101000100110010010100100000000000100000001111110101010000000000110011000101000000000000001011001111010000100000110001110110000000000000010010110011001100000000000000000000001011100010001100000000000000000000011001000101001100000000000000000000001010101011001100000000011000000000000000101110010001100000111111100101010100000011010001100000111111101000000000110000001010110111010001100000111110011101000000100000001011001111010100100011010001100000111110100011000000000000110010000011010001100000111110101100000000110000100101101100010001100000111110111000010100110011010100010010010001100000111110100011010001100000111111110001000100010011010001100000111111101110010000000000110100110011000100010001000000000000001010101100000100000011000100010011000100100010000100000001010100110000000101100101001101010000011100000000

