shellcode_size: 127
params: 1805 1055 789 2045
pointers: 2031 1017 32
001101010000000101100101010001100000111111011100000000110000000101110110010100000011010100100010010001100000111111101110010001100000111111101011010001100000111110000101010000100000000111011000010100000000000000000000111100101111010000100000101101101000000100110000010100100011000100110000000100110010010000000000110000100010000000110000000111100011000100110000000000100000001110011101010000110000110001110100000101100101001101010000011100000000

shellcode_size: 190
params: 1264 1546 1768
pointers: 2010 1005 210
001101010000000101100101010001100000111111110001010100000000010000000000101100101101010001100000111111001010000000010000111011101110010000110000110011111010000100100000010000000000110100111100000000000000010110010110001100000000000000000000000110111111001100000000000000000000001001101001001100000000000000000000001101010000001100000000011000000000000000100000010100000001010001100000111111110001000100000011010100110000010001100000111111101011010100100000010001100000111101111111010001100000111110010001010001100000111110101111010100100001000100100000010000000000010111100110000000010000111110101010010100010011010001100000111110110010010000010000010111011010000100100011010000100000110101100100000000010000001110111111010100100010000000100000001011010101010100100010000000000000110111101001010000010000100000111001000100100010010100110001010100110010010100100010000000100000011011010010010000010000001110111101000101100101001101010000011100000000

