shellcode_size: 137
params: 1428
pointers: 2007 1014 17
001101010000000101100101010001100000111101111111000000110000001001111101010000110000000000111111000101100101001101010000011100000000

shellcode_size: 172
params: 773
pointers: 2031 1032 180
001101010000000101100101010000100000001010110000000000100000011101001010010000000000111110111010010001100000111110001000000000010000111001000000010000000000110111000010000101100101001101010000011100000000

shellcode_size: 156
params: 1365 1857 790 54
pointers: 2016 1005 357
001101010000000101100101000100010001000000000000010010100101001100000000011000000000000010110100010001100000111110110101010000000000110110100010010001100000111110110101000000100000000010011111010100010001010001100000111110001011000100100011010000000000111010101011010001100000111110000101000100010010000000000000011111001011001100000000011000000000000010110100010001100000111110001110000000100000011001010011010000110000011010111001000000000000001111100000001100000000000000000000010011101000001100000000000000000000001001101100001100000000011000000000001000100101010001100000111110001110000000100000101010011010010100100000000000000000000001110100001100000000011000000000000010110100010001100000111111010110000000010000101111100000010000100000000101010010000000110000000100011111010000110000111101101111000101100101001101010000011100000000

shellcode_size: 82
params: 969 1287 834
pointers: 2010 1047 549
001101010000000101100101000000000000001011000010010001100000111110000101000100000000010100010001000000010000011111101001000000000000001001101000010000110000011100011110000000000000001011011100001100000000011000000000000010110100000000110000111100111000000100110000000000010000110011011101010100110001000100010000000100110001010000010000010000011100000100110011010100100001000100100000000100000001010000010000101100010100000101100101001101010000011100000000

shellcode_size: 116
params: 1463
pointers: 2031 1023 738
001101010000000101100101000000110000011001011000010001100000111111101110000000110000010110111000000101100101001101010000011100000000

