2022 191
2019 936
2016 1740
2013 50
2010 2010
1980 LOCAL
1851 LOCAL
1800 LOCAL
1734 LOCAL
1701 LOCAL
1623 LOCAL
1623 BOTTOMOFSTACK

2031 520
2028 1177
2025 174
2022 243
2019 2019
1896 LOCAL
1812 LOCAL
1692 LOCAL
1677 LOCAL
1677 BOTTOMOFSTACK

2001 1809
1998 408
1995 1995
1884 LOCAL
1884 BOTTOMOFSTACK

2001 1536
1998 600
1995 1995
1959 LOCAL
1890 LOCAL
1830 LOCAL
1812 LOCAL
1770 LOCAL
1689 LOCAL
1587 LOCAL
1560 LOCAL
1536 LOCAL
1536 BOTTOMOFSTACK

2037 818
2034 306
2031 860
2028 759
2025 2025
2004 LOCAL
1980 LOCAL
1956 LOCAL
1872 LOCAL
1863 LOCAL
1794 LOCAL
1788 LOCAL
1788 BOTTOMOFSTACK

2022 499
2019 1807
2016 1864
2013 957
2010 2010
2004 LOCAL
2004 BOTTOMOFSTACK

