2007 1785
2004 49
2001 2001
1905 LOCAL
1833 LOCAL
1833 BOTTOMOFSTACK

2016 1110
2013 1653
2010 1641
2007 905
2004 213
2001 2001
1872 LOCAL
1833 LOCAL
1833 BOTTOMOFSTACK

2028 282
2025 472
2022 414
2019 2019
1974 LOCAL
1896 LOCAL
1884 LOCAL
1863 LOCAL
1863 BOTTOMOFSTACK

2013 1133
2010 86
2007 122
2004 615
2001 2001
1902 LOCAL
1857 LOCAL
1824 LOCAL
1782 LOCAL
1782 BOTTOMOFSTACK

2055 1448
2052 155
2049 1532
2046 238
2043 801
2040 2040
1953 LOCAL
1854 LOCAL
1764 LOCAL
1764 BOTTOMOFSTACK

2043 1821
2040 984
2037 2037
1959 LOCAL
1959 BOTTOMOFSTACK

2028 1369
2025 572
2022 24
2019 1707
2016 1167
2013 2013
1956 LOCAL
1956 BOTTOMOFSTACK

2037 224
2034 643
2031 1990
2028 1359
2025 2025
1920 LOCAL
1872 LOCAL
1860 LOCAL
1734 LOCAL
1620 LOCAL
1602 LOCAL
1584 LOCAL
1503 LOCAL
1398 LOCAL
1398 BOTTOMOFSTACK

2025 121
2022 2004
2019 1530
2016 2016
1950 LOCAL
1950 BOTTOMOFSTACK

2013 1825
2010 1542
2007 358
2004 1713
2001 2001
1989 LOCAL
1989 BOTTOMOFSTACK

