2004 504
2001 1380
1998 23
1995 1995
1875 LOCAL
1782 LOCAL
1725 LOCAL
1605 LOCAL
1572 LOCAL
1482 LOCAL
1353 LOCAL
1302 LOCAL
1302 BOTTOMOFSTACK

2010 517
2007 1837
2004 885
2001 1700
1998 195
1995 1995
1896 LOCAL
1830 LOCAL
1830 BOTTOMOFSTACK

2001 122
1998 378
1995 1995
1938 LOCAL
1938 BOTTOMOFSTACK

2010 1507
2007 1027
2004 489
2001 1368
1998 576
1995 1995
1971 LOCAL
1920 LOCAL
1848 LOCAL
1848 BOTTOMOFSTACK

2037 970
2034 1096
2031 2007
2028 1178
2025 750
2022 2022
1944 LOCAL
1833 LOCAL
1704 LOCAL
1695 LOCAL
1590 LOCAL
1461 LOCAL
1380 LOCAL
1305 LOCAL
1281 LOCAL
1191 LOCAL
1191 BOTTOMOFSTACK

2034 943
2031 1321
2028 939
2025 2025
1908 LOCAL
1833 LOCAL
1833 BOTTOMOFSTACK

2034 1656
2031 490
2028 1104
2025 2025
2025 BOTTOMOFSTACK

2010 1975
2007 931
2004 1678
2001 1275
1998 1998
1971 LOCAL
1923 LOCAL
1923 BOTTOMOFSTACK

2031 285
2028 1470
2025 2025
1986 LOCAL
1893 LOCAL
1779 LOCAL
1668 LOCAL
1545 LOCAL
1545 BOTTOMOFSTACK

