2028 1890
2025 1806
2022 113
2019 1092
2016 39
2013 2013
1899 LOCAL
1791 LOCAL
1662 LOCAL
1572 LOCAL
1473 LOCAL
1473 BOTTOMOFSTACK

2037 656
2034 779
2031 1590
2028 210
2025 2025
1950 LOCAL
1950 BOTTOMOFSTACK

2013 617
2010 869
2007 372
2004 2004
1959 LOCAL
1914 LOCAL
1905 LOCAL
1899 LOCAL
1899 BOTTOMOFSTACK

2028 697
2025 549
2022 2022
1941 LOCAL
1836 LOCAL
1752 LOCAL
1695 LOCAL
1599 LOCAL
1476 LOCAL
1476 BOTTOMOFSTACK

2043 1485
2040 741
2037 2037
1914 LOCAL
1827 LOCAL
1707 LOCAL
1587 LOCAL
1488 LOCAL
1440 LOCAL
1440 BOTTOMOFSTACK

2049 532
2046 848
2043 1265
2040 1964
2037 930
2034 2034
1986 LOCAL
1986 BOTTOMOFSTACK

2034 906
2031 318
2028 273
2025 1639
2022 1113
2019 2019
1929 LOCAL
1824 LOCAL
1800 LOCAL
1776 LOCAL
1746 LOCAL
1734 LOCAL
1620 LOCAL
1554 LOCAL
1476 LOCAL
1431 LOCAL
1431 BOTTOMOFSTACK

2001 1921
1998 1308
1995 1995
1884 LOCAL
1836 LOCAL
1824 LOCAL
1704 LOCAL
1704 BOTTOMOFSTACK

