2007 772
2004 1990
2001 18
1998 1998
1941 LOCAL
1812 LOCAL
1812 BOTTOMOFSTACK

2013 1781
2010 1344
2007 671
2004 1736
2001 189
1998 1998
1998 BOTTOMOFSTACK

2010 1011
2007 194
2004 1894
2001 381
1998 1998
1905 LOCAL
1797 LOCAL
1773 LOCAL
1719 LOCAL
1683 LOCAL
1644 LOCAL
1521 LOCAL
1440 LOCAL
1440 BOTTOMOFSTACK

2043 379
2040 1666
2037 781
2034 155
2031 576
2028 2028
2016 LOCAL
1920 LOCAL
1812 LOCAL
1794 LOCAL
1782 LOCAL
1689 LOCAL
1668 LOCAL
1602 LOCAL
1503 LOCAL
1503 BOTTOMOFSTACK

2043 1131
2040 759
2037 2037
1935 LOCAL
1845 LOCAL
1767 LOCAL
1665 LOCAL
1665 BOTTOMOFSTACK

2043 1056
2040 142
2037 936
2034 2034
1995 LOCAL
1875 LOCAL
1875 BOTTOMOFSTACK

2016 75
2013 131
2010 1119
2007 2007
2007 BOTTOMOFSTACK

2052 1006
2049 1748
2046 125
2043 1027
2040 1320
2037 2037
2031 LOCAL
1908 LOCAL
1878 LOCAL
1878 BOTTOMOFSTACK

2001 1991
1998 1512
1995 1995
1965 LOCAL
1953 LOCAL
1878 LOCAL
1800 LOCAL
1800 BOTTOMOFSTACK

2010 582
2007 1680
2004 2004
1932 LOCAL
1932 BOTTOMOFSTACK

