2022 243
2019 904
2016 51
2013 172
2010 17
2007 2007
1941 LOCAL
1815 LOCAL
1770 LOCAL
1719 LOCAL
1626 LOCAL
1572 LOCAL
1572 BOTTOMOFSTACK

2007 1714
2004 216
2001 2001
1926 LOCAL
1896 LOCAL
1791 LOCAL
1701 LOCAL
1680 LOCAL
1659 LOCAL
1602 LOCAL
1515 LOCAL
1506 LOCAL
1491 LOCAL
1491 BOTTOMOFSTACK

2013 667
2010 204
2007 1822
2004 115
2001 375
1998 1998
1968 LOCAL
1968 BOTTOMOFSTACK

2016 1770
2013 936
2010 570
2007 2007
2001 LOCAL
1968 LOCAL
1866 LOCAL
1806 LOCAL
1677 LOCAL
1596 LOCAL
1596 BOTTOMOFSTACK

