2037 870
2034 28
2031 2031
1944 LOCAL
1944 BOTTOMOFSTACK

2046 1321
2043 758
2040 189
2037 2037
1911 LOCAL
1845 LOCAL
1767 LOCAL
1767 BOTTOMOFSTACK

2022 1888
2019 933
2016 1989
2013 342
2010 2010
1992 LOCAL
1974 LOCAL
1866 LOCAL
1815 LOCAL
1704 LOCAL
1704 BOTTOMOFSTACK

2025 1007
2022 1683
2019 1387
2016 706
2013 498
2010 2010
1989 LOCAL
1941 LOCAL
1926 LOCAL
1926 BOTTOMOFSTACK

2007 227
2004 977
2001 672
1998 1998
1941 LOCAL
1941 BOTTOMOFSTACK

2043 106
2040 176
2037 828
2034 846
2031 2031
1980 LOCAL
1971 LOCAL
1965 LOCAL
1920 LOCAL
1854 LOCAL
1827 LOCAL
1815 LOCAL
1788 LOCAL
1737 LOCAL
1737 BOTTOMOFSTACK

2043 380
2040 1014
2037 2037
1998 LOCAL
1938 LOCAL
1818 LOCAL
1731 LOCAL
1731 BOTTOMOFSTACK

2022 1725
2019 97
2016 1170
2013 2013
1938 LOCAL
1878 LOCAL
1836 LOCAL
1710 LOCAL
1710 BOTTOMOFSTACK

2040 794
2037 1568
2034 1329
2031 2031
1959 LOCAL
1932 LOCAL
1842 LOCAL
1722 LOCAL
1674 LOCAL
1551 LOCAL
1488 LOCAL
1476 LOCAL
1476 BOTTOMOFSTACK

