2037 424
2034 1506
2031 786
2028 161
2025 19
2022 2022
1959 LOCAL
1872 LOCAL
1743 LOCAL
1686 LOCAL
1659 LOCAL
1659 BOTTOMOFSTACK

2019 572
2016 186
2013 2013
1998 LOCAL
1959 LOCAL
1923 LOCAL
1899 LOCAL
1899 BOTTOMOFSTACK

2052 1194
2049 551
2046 1950
2043 95
2040 366
2037 2037
2013 LOCAL
1896 LOCAL
1824 LOCAL
1701 LOCAL
1605 LOCAL
1566 LOCAL
1566 BOTTOMOFSTACK

2043 1087
2040 1721
2037 1588
2034 1164
2031 543
2028 2028
1959 LOCAL
1857 LOCAL
1758 LOCAL
1656 LOCAL
1605 LOCAL
1569 LOCAL
1545 LOCAL
1479 LOCAL
1479 BOTTOMOFSTACK

2031 916
2028 602
2025 211
2022 853
2019 732
2016 2016
2007 LOCAL
1959 LOCAL
1839 LOCAL
1818 LOCAL
1740 LOCAL
1686 LOCAL
1686 BOTTOMOFSTACK

2037 826
2034 918
2031 2031
1998 LOCAL
1917 LOCAL
1848 LOCAL
1734 LOCAL
1644 LOCAL
1611 LOCAL
1611 BOTTOMOFSTACK

