2028 890
2025 1827
2022 147
2019 22
2016 2016
2010 LOCAL
1884 LOCAL
1815 LOCAL
1815 BOTTOMOFSTACK

2028 388
2025 210
2022 2022
1899 LOCAL
1812 LOCAL
1728 LOCAL
1626 LOCAL
1578 LOCAL
1557 LOCAL
1446 LOCAL
1446 BOTTOMOFSTACK

2025 784
2022 1849
2019 1288
2016 393
2013 2013
1902 LOCAL
1902 BOTTOMOFSTACK

2016 1180
2013 1337
2010 1530
2007 570
2004 2004
2004 BOTTOMOFSTACK

2013 2013
2010 849
2007 723
2004 2004
1890 LOCAL
1797 LOCAL
1710 LOCAL
1710 BOTTOMOFSTACK

2016 1911
2013 582
2010 1635
2007 885
2004 2004
1953 LOCAL
1923 LOCAL
1923 BOTTOMOFSTACK

