2049 1472
2046 462
2043 15
2040 41
2037 2037
2019 LOCAL
1929 LOCAL
1836 LOCAL
1836 BOTTOMOFSTACK

2001 1891
1998 216
1995 1995
1878 LOCAL
1761 LOCAL
1743 LOCAL
1683 LOCAL
1584 LOCAL
1470 LOCAL
1470 BOTTOMOFSTACK

2049 665
2046 352
2043 1898
2040 515
2037 393
2034 2034
2016 LOCAL
2016 BOTTOMOFSTACK

2034 387
2031 585
2028 2028
2016 LOCAL
1962 LOCAL
1962 BOTTOMOFSTACK

2031 1198
2028 1167
2025 783
2022 2022
1956 LOCAL
1830 LOCAL
1731 LOCAL
1692 LOCAL
1692 BOTTOMOFSTACK

2010 1595
2007 939
2004 2004
1920 LOCAL
1872 LOCAL
1770 LOCAL
1737 LOCAL
1671 LOCAL
1551 LOCAL
1551 BOTTOMOFSTACK

2025 1069
2022 187
2019 1119
2016 2016
1887 LOCAL
1860 LOCAL
1836 LOCAL
1731 LOCAL
1686 LOCAL
1662 LOCAL
1590 LOCAL
1590 BOTTOMOFSTACK

2007 2032
2004 1278
2001 2001
1977 LOCAL
1950 LOCAL
1833 LOCAL
1773 LOCAL
1704 LOCAL
1704 BOTTOMOFSTACK

2049 39
2046 1858
2043 2019
2040 376
2037 1455
2034 2034
2016 LOCAL
1974 LOCAL
1893 LOCAL
1893 BOTTOMOFSTACK

