2007 1288
2004 602
2001 36
1998 1998
1887 LOCAL
1761 LOCAL
1716 LOCAL
1716 BOTTOMOFSTACK

2022 849
2019 2021
2016 1018
2013 216
2010 2010
1899 LOCAL
1770 LOCAL
1746 LOCAL
1662 LOCAL
1662 BOTTOMOFSTACK

2031 1790
2028 344
2025 913
2022 405
2019 2019
2010 LOCAL
1980 LOCAL
1941 LOCAL
1830 LOCAL
1797 LOCAL
1788 LOCAL
1737 LOCAL
1731 LOCAL
1731 BOTTOMOFSTACK

2028 927
2025 576
2022 2022
1950 LOCAL
1848 LOCAL
1725 LOCAL
1725 BOTTOMOFSTACK

2019 1354
2016 1486
2013 1660
2010 259
2007 732
2004 2004
1914 LOCAL
1854 LOCAL
1812 LOCAL
1734 LOCAL
1671 LOCAL
1551 LOCAL
1455 LOCAL
1398 LOCAL
1398 BOTTOMOFSTACK

2007 477
2004 915
2001 2001
1977 LOCAL
1950 LOCAL
1935 LOCAL
1809 LOCAL
1809 BOTTOMOFSTACK

2013 1916
2010 1080
2007 2007
1884 LOCAL
1884 BOTTOMOFSTACK

2028 342
2025 1275
2022 2022
1947 LOCAL
1935 LOCAL
1902 LOCAL
1839 LOCAL
1716 LOCAL
1668 LOCAL
1668 BOTTOMOFSTACK

2019 1130
2016 757
2013 1443
2010 2010
1899 LOCAL
1899 BOTTOMOFSTACK

