001101010000000101100101010001100000111111010110000000010000001100101011010100100010010001100000111110101111000000110000011000011000010000010000111101000100000100000010000000000000010100000100001100000000011000000000000110001111010001100000111111010011010100100011000000010000010111110011010100010010010001100000111111010011000100000010010001100000111111001101000000100000010010101110010100000010000000000000001001010100001100000000011000000000000110001111010001100000111110011101010000010000111011110110000000000000001111001000001100000000000000000000001000010011001100000000011000000000000011001111010001100000111110110101000000000000001110010110010001100000111111010110000100100010010000010000110101000000010000100000111110111001000000010000010101011000000101100101001101010000011100000000

001101010000000101100101010001100000111110011010000000010000111111101001010001100000111110011010000100110011000000000000011100111101001100000000011000000000001100000000010100000001010001100000111110001110000000000000001101010001001100000000011000000000001100000000000100010000010100110011000100110011010100010011000000000000001100001110001100000000011000000000001100000000010100100000010001100000111111110100010001100000111110110010000100000000010001100000111111011100000100100010010100000001010001100000111111100101000000010000000101110010010001100000111101111111000000000000100010110000000100010010010001100000111110001000000000010000011100101110010001100000111111010110000100010010000000000000000111010100001100000000011000000000001000111010000100010010000100110001010000000000010010011100000101100101001101010000011100000000

001101010000000101100101010001100000111111100101000000000000111100011011010000000000100000100000000000000000010000101110001100000000011000000000001100000000010001100000111111011111000000110000110000000010010000010000110011100010010001100000111110001000000100100011010000110000101101001000000000000000000101110111001100000000011000000000000000010110000000000000101011111100000000000000011000001010001100000000000000000000011011001010001100000000011000000000000011001111010001100000111111010011010100100010010001100000111111010011010100000001010100100000010001100000111110110101010100110000010001100000111110101001000000000000011000110111010000000000100000000100010001100000111110100000010000010000110001001101000000000000001001011101001100000000000000000000001001111011001100000000011000000000000011001111010000000000011011001010010000000000000000000100000101100101001101010000011100000000

001101010000000101100101010001100000111110010111000100110011010100000011000000000000011010110100000000110000011000000001010100000010000000010000000110101110010100010010000100100011000000000000001111101111010000110000000100100100000000100000111101110101010001100000111110001110010100100011010001100000111111101011000000100000001110101100010100100011000100000000010100010000000000000000000111111001001100000000011000000000000000010110000100100000010000000000110100000010000000000000010111110101001100000000011000000000000110001111000000000000000011101110001100000000011000000000001100000000010001100000111110000101000100110001010001100000111111000100010100100000010001100000111111000100000000010000010100101110010100010010000000000000011100100000001100000000011000000000001100000000000101100101001101010000011100000000

001101010000000101100101010001100000111110100110010100010011000100000010010001100000111111110100000000010000101110010100010001100000111110000010000000000000011110011101001100000000011000000000000110001111010001100000111111010000000000000000000110000110001100000000011000000000001000111010010100110011000100100000010000010000011010000101000000000000111000011100000000000000000001100100001100000000000000000000010011100110001100000000011000000000000011001111000101100101001101010000011100000000

