params: 1622 525 243 1668
pointers: 2001 1017 5
001101010000000101100101000100000000010100100001010100010001000000000000011100100000001100000000011000000000000010110111010001100000111111001101000000100000110011101010010000100000101101101011010001100000111111110111000100010011000100000000010100000011010001100000111110111110000100110011010000100000011101111000000100110001010001100000111110010111000000100000000001011101010000110000001001101001010001100000111111001101000000010000010000111010010000000000111010100100010100010001000000100000100111000010000000000000001000010110001100000000011000000000000010110111010001100000111110110101000000100000101011010001000000110000001001011100010000100000011010111100000000010000110111010101000100110011010100110000000000000000001010010001001100000000011000000000000101011100000100000011010000110000000101110111000000000000001001011000000100110011010100010010000000010000011111011100010000000000000010010111010000010000011011001100000101100101001101010000011100000000

params: 1969
pointers: 2004 1023 183
001101010000000101100101010100110011010001100000111110110101010000100000110101001000010100100011010100100001000100110001000000010000001111001101010100010000010100110010000000100000100100010100010000100000101101111110000000000000011110100011001100000000011000000000000101011100000000000000001010011000010100010011010000010000111100110111000000000000010010011101001100000000000000000000011001110000001100000000000000000000011000110010001100000000000000000000001111100000001100000000011000000000000000000101000000110000100010110100000100110010010100010010010000100000110001010011000100100010010000000000011101001011000100000000000000000000111101111001010100110010000000010000000100111101010000010000101111111111000100100000010000100000111110000000010000110000101001111011000100100010010000000000000101011100000000100000110010101111010000110000111100001011000000000000111010101101000101100101001101010000011100000000

params: 1966
pointers: 2001 1020 348
001101010000000101100101010001100000111111110001000100000001010000100000000010110111010001100000111111101011010100000000010001100000111111001010000100110000010000000000101101011100010001100000111110100011010001100000111110111011000000100000100110011101010001100000111111001101000100000000010100110000000000000000000001001100001100000000011000000000000010110111010001100000111111010000000000110000110000000010010001100000111111001010000000010000000001010011010000000000101110100111000000110000000110011010010001100000111110100000000000110000110100110000010000100000011100100000000000000000001101101000001100000000000000000000001000010000001100000000000000000000010110100000001100000000000000000000000000101111001100000000011000000000000000000101000100100011000100010010010000010000110101101101000000000000001101011111001100000000011000000000000010110111010000110000010000001011000100110001010000000000110011101110000100000011000100110000000101100101001101010000011100000000

