params: 1209 1322
pointers: 2001 1035 20
001101010000000101100101010001100000111110011010000000010000001011011101010100100011010001100000111111001010000100000000010100110010000000000000001100101001001100000000000000000000011000010100001100000000000000000000011011011001001100000000000000000000010001001111001100000000011000000000000101111010010001100000111110010001000000010000110111000001010001100000111110001011010100100001000101100101001101010000011100000000

params: 95 313
pointers: 2004 1008 198
001101010000000101100101010001100000111111101011010001100000111110000010000100110010010001100000111110010100000100100011010000110000011101010000010001100000111110101001010100010010010000110000011011101001010001100000111110101001010001100000111110111000010100110001010001100000111111110111000100010000000000000000010001100011001100000000000000000000000111010001001100000000011000000000000000010100010100100011000000000000011010011110001100000000000000000000000001001010001100000000000000000000010100010011001100000000011000000000001000011111000101100101001101010000011100000000

params: 1380 794 19 455
pointers: 2001 1038 378
001101010000000101100101010001100000111110000101010001100000111110011101010100100010010001100000111110011101010100010000000000000000000100001011001100000000000000000000011000011101001100000000011000000000000000010100010001100000111110010111000000000000110101011110000000000000011100000101001100000000000000000000010101000110001100000000011000000000000011000110000000100000000101001001000100010000000000000000101000010011010000010000110001100100000000000000011000111101001100000000000000000000001000100100001100000000000000000000010110011010001100000000011000000000001000011111000100000001010100100001000101100101001101010000011100000000

params: 57 142 1729
pointers: 2013 1038 543
001101010000000101100101000100100000010100100010010001100000111110011010000100100011000000100000101000110001000000000000010000111100001100000000000000000000010000000000001100000000011000000000000011000110000000010000011001110000010100100010000101100101001101010000011100000000

