params: 923 685 1402
pointers: 2037 1044 1
001101010000000101100101000100010000010000110000100110011111010001100000111111011111010100100011000000010000100111111101010100100010010100000001010100100000000000000000011100101011001100000000000000000000011111011001001100000000011000000000000010101000010001100000111111101110000100110001010001100000111111110100000100000000010001100000111111111010000000000000001010000111010000100000100010111011010001100000111111000001010001100000111110111110010001100000111101111111000000010000001101000111010001100000111110101111000100010011010100010010000101100101001101010000011100000000

params: 1382 27
pointers: 2019 1023 168
001101010000000101100101010001100000111111110111010001100000111110110010010100000010010100000011000000100000011011001100010000000000001111010010010001100000111111000111010000010000010111001010010001100000111110110010010000110000010111000100010000000000100011011101010001100000111110001011000100000010010100100001000000000000011100101010000100010000000000110000101110001000010001100000111110010100010001100000111110111110010000100000011001111101000000100000001011100011000000000000000011110101001100000000000000000000011110010010001100000000011000000000000101001101000100010000010000000000110001111101000000010000011101100100010100010010000000110000110010100101010000010000110101100110000000100000100111000101010100010011000000000000011011000100001100000000000000000000001011011111001100000000011000000000000101001101000100100001010100010000000100110000000101100101001101010000011100000000

params: 1916 1117
pointers: 2007 1047 333
001101010000000101100101000100100011010001100000111111001010000100000010000000000000000011010001001100000000000000000000010101100001001100000000000000000000001100111011001100000000011000000000000000000001010001100000111111001101010000000000001001010110010100100000000000110000001110010000000100110001010000000000110000101010010100100001010000110000101101001000000000000000011000101110001100000000011000000000001000010000000100010001010000000000001011001011010000000000101100110010000100010011000101100101001101010000011100000000

params: 475
pointers: 2013 1014 528
001101010000000101100101010001100000111111010000000000000000011110111100001100000000000000000000011111101011001100000000011000000000000010101000010000100000010100000100010001100000111110100110000000000000101111111001010000100000100101100011000100100001010001100000111111000111000100110001010000100000000010100001000000000000011101011001001100000000000000000000011000010001001100000000000000000000000100100111001100000000011000000000000000000001010001100000111110101001000100000011010100010010010001100000111111101011010100100001000101100101001101010000011100000000

