params: 273
pointers: 2040 1038 46
001101010000000101100101010001100000111111110001010001100000111110110101000100100001010001100000111110000010000100110001000000000000000000110010001100000000000000000000000110101101001100000000000000000000001010110001001100000000000000000000010011010101001100000000011000000000000011101101000000000000010000100011010100110011000000000000011000010101001100000000000000000000010100011100001100000000000000000000010010111100001100000000000000000000010001101001001100000000011000000000000011101101010100010000000000000000110111001011010000110000100111100000000100110001000000110000011100011000010100110011000100010010010100000001010001100000111111110001010000110000100110001010010001100000111111110100010100110010000101100101001101010000011100000000

params: 1551 711 881 25
pointers: 2022 1029 237
001101010000000101100101010001100000111111010110010100010010010001100000111110111110010000000000010111010011000000000000001110000101001100000000000000000000001011001011001100000000000000000000001011111011001100000000011000000000001000110111000000010000010111111001010001100000111110101100010000010000100100100010010001100000111110111110010100010000000100110010010000100000011010110000000000010000011000100110010000010000010110001010010100100011010001100000111111100010010001100000111110101001000000110000011111001101010001100000111110001000000000010000101101000111010000010000011001000010010001100000111110101001010100010011000101100101001101010000011100000000

params: 747
pointers: 2001 1035 405
001101010000000101100101010001100000111111010011000100010001010100100011000000000000101011101011010001100000111111111010010000000000000111100011010001100000111110101100000100100000000101100101001101010000011100000000

params: 400 1828 1932
pointers: 2040 1041 567
001101010000000101100101010000100000000100101110000100010011010000100000010011010001000101100101001101010000011100000000

