params: 1935
pointers: 2013 1032 47
001101010000000101100101010001100000111111000111010000110000100001101101010001100000111111000100000000010000110110011100010100100010010001100000111110100000000100000010010100010010010001100000111110111110000100110000010000000000001101010001000100010010010001100000111110100011000000000000000110001001001100000000000000000000010100010101001100000000011000000000000110010010010001100000111101111111000000100000101000100100010001100000111110001000000100000000010100110010010001100000111111101011010000010000000100100011000000000000011000110000001100000000000000000000001001111011001100000000011000000000000110010010010000010000110101100111000000010000100110101101010000100000110111010101000100100000010100100001000000000000110010111100010000110000110111111011000101100101001101010000011100000000

params: 560 1393
pointers: 2031 1050 210
001101010000000101100101010100110011010001100000111111101110010001100000111110010111010000010000100100110000010100010000010100100011010000110000001000010010010001100000111110000010000000100000011011011100010000100000011101101110010001100000111111011111000100000011010001100000111111001101010000110000011111110101000000000000111110001101000101100101001101010000011100000000

params: 1906 1280
pointers: 2034 1032 402
001101010000000101100101010001100000111111000001000100010001010000110000110011010100000000000000010110001100001100000000011000000000000000101111010001100000111111101000010100100001000000000000001010110001001100000000011000000000000000101111000100110001010100010000010001100000111110010001000100000010010000000000110000100110000101100101001101010000011100000000

