params: 155
pointers: 2013 1008 38
001101010000000101100101000100100011010000000000110000010100010100010011000000110000010100010110010001100000111111010000000100110011010001100000111110111110000100100010010100010010010001100000111110111000000000000000001100100101001100000000000000000000001110111110001100000000000000000000010000000011001100000000000000000000000000111011001100000000011000000000000011000011010001100000111111100101010001100000111110100011000000010000110011000101010100010011010001100000111110000101000000010000000111110010000000110000111110000011000000100000001100000100010001100000111111000001000000000000001110000011010001100000111111010011000100000000010100010000010100100001000000010000100001110001010000000000101100000001000000110000010000000100010000010000010110011010000100100001010100110011000000010000011010001011010100110001000000110000011100101111010000110000111110101101000000110000101011110110000000010000100000010110010000000000110101011000000101100101001101010000011100000000

params: 1649 970 225 1980
pointers: 2046 1041 195
001101010000000101100101000100110000010001100000111111101000000100100000000000000000110000110011010000000000101001011101000000000000000100101010001100000000011000000000000101100101000000010000010010101010010100110000010100110001000100110001010100110011000100100001000000000000000010001010001100000000011000000000001000000001000100110011000101100101001101010000011100000000

params: 1138
pointers: 2025 1008 357
001101010000000101100101000100100011010000010000000100011100000100110001010000000000101001010001000100010010010000110000000111001001000000000000001000011110001100000000011000000000001000000001010001100000111110001011000000110000101010011101010100000000000000000000001110110000001100000000000000000000011000011110001100000000000000000000010101011010001100000000000000000000000101011111001100000000011000000000000011000011000100110011010000110000111010000001010001100000111111011100000100110001010000010000100000111001000000110000011001110111000100110010000000100000111000011010000000000000011010101000001100000000011000000000000000100110010001100000111111110100010100000010000000000000011110010001001100000000011000000000000000100110010001100000111110101001000100100000010100100001000100110011000000000000010110101011010100000010010100100000000000110000111111011001010100110000000101100101001101010000011100000000

params: 1076
pointers: 2022 1020 513
001101010000000101100101000100010001010000010000110001110010000000010000010111000001000000000000001000000100001100000000011000000000000101100101010001100000111110111011010001100000111110100110000000110000000001101111010000010000011111110101000100010000010000110000000011000100010001100000111110010001010000000000101000110010000000000000000001110000001100000000011000000000000101100101000000000000000100111011001100000000011000000000000000100110010001100000111110000010010001100000111111100010010001100000111111101000000000010000000101101110010100010000000101100101001101010000011100000000

