params: 734 112 164 1483
pointers: 2001 1038 42
001101010000000101100101010100100001010100110000010001100000111111011100010100000011000000000000000100000010001100000000000000000000011001010000001100000000011000000000001011000111000100010001010000010000010101010110010000110000110101001111000000100000111111111110010000000000101001100111000100100011010100000001010000100000110101100011000000010000110111011001010000000000101000000001000000000000011100110101001100000000000000000000001110111000001100000000011000000000001011000111010000110000110010100011000100110000010000010000001010000100010100010010010100010000000101100101001101010000011100000000

params: 1972 1915 630
pointers: 2025 1047 210
001101010000000101100101010001100000111110010111000000110000010011101100010001100000111111011001010001100000111110110101000100110001010001100000111111001101000000010000101111101110010100010000000000000000001001101011001100000000000000000000011100110001001100000000000000000000010001111011001100000000000000000000001000001110001100000000011000000000000000101010010100100001000000000000110110111111010000110000010100010011000000010000111010101111010000110000000111001011000100100000010100110001010100100010000100100001010100100011010100110000010000100000111111110011000100100010010100010000000000000000010000100110001100000000000000000000001110000010001100000000011000000000001000101011000000010000001011110011000101100101001101010000011100000000

params: 101
pointers: 2001 1029 369
001101010000000101100101010001100000111110110010010001100000111111010011000000000000010110110010001100000000000000000000000000110101001100000000011000000000001011000111000100010001000000000000000000011101001100000000000000000000001110111011001100000000000000000000011011011001001100000000011000000000000011010010010100010000000100100000010100010010010000000000110101100001000100110010010100100000000100000010000000000000010111010000001100000000000000000000001011000010001100000000011000000000001011000111000100010001010100100010010100110010010000000000101001011101000000000000010010111111010100100001000101100101001101010000011100000000

params: 1906 565
pointers: 2007 1023 555
001101010000000101100101000000000000011000010101001100000000000000000000011000011010001100000000000000000000001010111110001100000000011000000000000011010010010001100000111111011100000100000001010000000000001011010101010000010000111100001100010100110001000100110000000000110000101111011111010000010000111000001001010100110000000000000000001010011001001100000000000000000000010100011100001100000000000000000000001110101010001100000000011000000000000011010010010100110011000000000000011000100101010000110000001011101000000000010000100111100011000000110000010100010111010100010011000000000000111101000101010000100000010000100001000000100000011100101101000000010000100101100010000100110001010100110010010100000010010000010000110000010010010100100001000101100101001101010000011100000000

params: 1376 939
pointers: 2028 1050 711
001101010000000101100101010001100000111110100000000100010010010000000000001010001010000000100000011100000101010000110000100101101111010001100000111111011100000100010010010001100000111110000101010000010000110100000001000000000000111100011100010000110000010101111001010001100000111111101000000100000011010100100010010001100000111110000101000000000000101011010011010001100000111110101111010100100001000100010000000000000000011100101000010100010000010100000001010001100000111111100010010000010000101110101100000000000000001110000010001100000000000000000000011110101100001100000000000000000000000001010101001100000000011000000000000011010010000100000000000100110000000100000000000101100101001101010000011100000000

