001101010000000101100101000000000000000011000100010100100001010001100000111111100101000000110000011010001110010000100000001010010100000000000000001100101101001100000000000000000000001110000011001100000000011000000000001110010000010001100000111111111010000100000001010000000000100000011011000000000000010001110011001100000000000000000000001101111001001100000000011000000000001110010000000100100010010001100000111110101100000100000001010100100011010001100000111111011100000000100000000101110110000000000000011111101010001100000000000000000000010110011111001100000000000000000000010111000100001100000000000000000000010001011110001100000000011000000000010001010000010001100000111111110001000101100101001101010000011100000000

001101010000000101100101010001100000111111110111000100110000000000000000000010100000001100000000011000000000000000110001010001100000111110101001000000100000110001110011010000110000001000110010000101100101001101010000011100000000

001101010000000101100101010001100000111111110111000000010000001101110101010100100010000101100101001101010000011100000000

001101010000000101100101010001100000111111111010010001100000111111010110000100100000010000110000011011111101010100000011000000000000010011011001001100000000000000000000010010011110001100000000000000000000011101011011001100000000000000000000001010110100001100000000011000000000001011010000010001100000111111110001010001100000111111111010000000110000001010101100010000010000000000110000010100110000000000000000000000110000010100000010010000010000111100101111010001100000111110011010000100010000010100110011010001100000111110101100010000010000001100101010000000000000011110110100001100000000000000000000011100110111001100000000000000000000010100010110001100000000000000000000001011100110001100000000011000000000010001010000000101100101001101010000011100000000

001101010000000101100101010001100000111110001000000100100000010100010010000000100000000011110101010000110000010001101111010001100000111111010110000100110000010100000010000000000000011000110110010001100000111110110010000100100010010100000011000000000000010011110010001100000000000000000000001101001100001100000000000000000000001000000110001100000000000000000000001010101100001100000000011000000000010001010000010001100000111110101100010100100011010001100000111111110111010000100000011111010101010100100010000000010000100101000110010100000000000000000000111011101110000000100000111101011101000000000000011010101010001100000000000000000000010000010101001100000000000000000000011010111111001100000000011000000000000110000110010100010010000000010000111110011111010000110000000011010101000000000000001000111110001100000000011000000000000000110001000100010000010100010011000101100101001101010000011100000000

001101010000000101100101010001100000111110110101000000110000001101100110000000010000001000011111000100100010010100000011000000110000011011110100010000100000110001100001010000000000111001010000000101100101001101010000011100000000

001101010000000101100101010001100000111111011001000100100001000101100101001101010000011100000000

001101010000000101100101000100110011010000010000011100001001010000010000111110110100000000000000011000101101001100000000011000000000000000110001010001100000111111100010010001100000111111011001000000010000011100111001010001100000111111100010000100000011010001100000111111010110000000100000010101001100000000000000001110111001001100000000000000000000011011110000001100000000011000000000001110010000010001100000111111101000000100000011000100100011010001100000111111110001000000000000011100000000000000000000000101110010001100000000011000000000000000110001010001100000111110011101010100100000010001100000111110101001000000100000110011010100010000100000101011100100000101100101001101010000011100000000

