001101010000000101100101000000010000100010001101010000110000100000010001000100010001000000000000011011101101001100000000000000000000000001100110001100000000000000000000010100111110001100000000011000000000001101001011010001100000111111000100010001100000111111110100000100010010010100110001010001100000111110010001000000000000000101100100001100000000000000000000010100000110001100000000000000000000010111001000001100000000011000000000001101001011010001100000111111010000000000100000011001110011000000000000010100010100001100000000000000000000011110011100001100000000000000000000001000000010001100000000011000000000001101001011000101100101001101010000011100000000

001101010000000101100101010001100000111110001000000100110001010000010000101000001011010001100000111110101100000000010000101101110001010000100000101011011001010100100001000100100011000100000001000000000000000010000000001100000000011000000000001010110010010001100000111110110010010000010000001000111011010001100000111110111011000000000000010100000011001100000000000000000000001011101001001100000000000000000000010001000100001100000000011000000000001101001011000100110011000000000000011001110101001100000000011000000000000101011111010001100000111111011001000000000000100110001110010000100000111011000001000000000000001011001110001100000000011000000000001010110010000101100101001101010000011100000000

001101010000000101100101010001100000111110111011000100100001010001100000111111100010010100000001010100010000010001100000111110010111000000010000000011101010010000100000100111111011010001100000111111101110000000100000001001000101010001100000111111011111010100110011000100010000010000000000001100100011000000000000011100100000001100000000000000000000011110111111001100000000011000000000000111111000000000000000010100101001001100000000000000000000001001111100001100000000000000000000011110011010001100000000000000000000001101111000001100000000011000000000000000000101010001100000111110111000010100100011000000010000010001001000010100010011000000110000110111001111010001100000111111000100000000110000100010101000000101100101001101010000011100000000

001101010000000101100101010001100000111101111111000000010000011110110111010001100000111110100110010001100000111111000111000000000000010001000010001100000000000000000000010111010001001100000000011000000000000010100010010001100000111110100000000000000000001001100110010100110010010001100000111110010100000101100101001101010000011100000000

001101010000000101100101000100000010010001100000111111000001010100010001000101100101001101010000011100000000

001101010000000101100101000000000000000000010001001100000000000000000000001000110100001100000000000000000000001100110011001100000000000000000000011111111101001100000000011000000000000000000101010001100000111110010100000000100000000100101110010000010000010001101101000000000000010110001100001100000000000000000000011110110001001100000000000000000000011100000001001100000000000000000000011100010001001100000000011000000000000000000101010001100000111111011100010100110010000000010000100101000011010100110000010000100000111001111000010001100000111111010110000000110000101000010111000101100101001101010000011100000000

