001101010000000101100101010001100000111110101100010100010001010001100000111111001010000100110001010000010000100100001010010000000000011110101111010001100000111110001110000100000000010001100000111111000111000000110000001101100101000000000000011010000111001100000000000000000000000000100101001100000000011000000000000101110001010100100000000100000000010100110011000000000000010011010111001100000000011000000000000010111010010100110011000000000000011111011101001100000000011000000000000010111010010000100000100111100000000100010001010000000000101111110010000100100010000000000000011000111110001100000000000000000000000010000010001100000000011000000000001000110111000100100011010100000001010000110000101110110100000000000000001100000111001100000000000000000000000101000100001100000000011000000000001110100101000101100101001101010000011100000000

001101010000000101100101010001100000111111000001000100000000010001100000111111101110010001100000111111010000010001100000111110101111000000010000001101000100010000010000001100000111000000000000011101000111001100000000000000000000010100011000001100000000011000000000001110100101010100010000010001100000111111110001000100100001010001100000111111001010000000110000100000000111010100000010000100010010010100010010010001100000111111110001000000000000100111110010000000000000011000010100001100000000000000000000010000000011001100000000011000000000001110100101010001100000111111011100000100100000010001100000111110110101000100010011000000000000010011001010001100000000000000000000010001110111001100000000011000000000001110100101010000000000000000011011000100000011000100000010010100000000000100000010010000110000101101111010000100100000000000000000011111101010001100000000000000000000011110010100001100000000000000000000000001000000001100000000011000000000001011011100000101100101001101010000011100000000

001101010000000101100101010001100000111111011100010001100000111110000010000000010000001010000000010100010010000000010000010101001010010000110000000111010010000100000001000000000000000001110101010100100001010001100000111111110100000100010011000101100101001101010000011100000000

001101010000000101100101010001100000111111011100010000100000010101001111010001100000111111101110000100100001010000110000100001100110010001100000111110010111010100000011010001100000111110100011010000110000010000010011010001100000111110011101000101100101001101010000011100000000

001101010000000101100101010001100000111111100010000000010000110100000011010100000011010000000000001011011111010000010000001110111000000100110011010100100001000000000000100101101011010100100000010100110010000100010001010100100000000100000000010000000000001110011001000100010011010100100000000100000011000000000000000101000111001100000000000000000000011011010001001100000000011000000000000101110001000000000000011011010011000100010011010100000011000000100000100100010001010100010000000000010000000010111100000000010000000110011000010000110000101111000100000000000000000010111001001100000000000000000000001001110101001100000000011000000000001110100101010000100000010100111101000101100101001101010000011100000000

001101010000000101100101010000010000100100001001010001100000111110000101010100010010010001100000111111001101000100110010010000010000010111100110000000000000011001110100001100000000000000000000001101010111001100000000011000000000001000110111000000100000010000001011010100000011000100000001000000100000110000101011000100000011010000010000011000101110000000100000101011111100010000100000111000110100000000110000100001001000000000100000110111011101010000100000000000011011010000100000001000110010000000000000010000010110000000100000001101110111010100010001000101100101001101010000011100000000

