2007 1854
2004 930
2001 859
1998 31
1995 1995
1977 LOCAL
1929 LOCAL
1881 LOCAL
1788 LOCAL
1713 LOCAL
1680 LOCAL
1614 LOCAL
1605 LOCAL
1521 LOCAL
1521 BOTTOMOFSTACK

2034 1581
2031 234
2028 1569
2025 873
2022 189
2019 2019
1914 LOCAL
1857 LOCAL
1794 LOCAL
1794 BOTTOMOFSTACK

2040 1953
2037 55
2034 369
2031 2031
1926 LOCAL
1914 LOCAL
1914 BOTTOMOFSTACK

2046 981
2043 442
2040 740
2037 534
2034 2034
1953 LOCAL
1836 LOCAL
1836 BOTTOMOFSTACK

2043 269
2040 1703
2037 43
2034 650
2031 729
2028 2028
1947 LOCAL
1839 LOCAL
1728 LOCAL
1680 LOCAL
1590 LOCAL
1533 LOCAL
1446 LOCAL
1422 LOCAL
1356 LOCAL
1356 BOTTOMOFSTACK

2010 341
2007 927
2004 2004
1920 LOCAL
1812 LOCAL
1803 LOCAL
1713 LOCAL
1635 LOCAL
1620 LOCAL
1563 LOCAL
1563 BOTTOMOFSTACK

2010 333
2007 1089
2004 2004
2004 BOTTOMOFSTACK

2031 81
2028 1843
2025 1272
2022 2022
1929 LOCAL
1869 LOCAL
1836 LOCAL
1836 BOTTOMOFSTACK

2013 1998
2010 1729
2007 400
2004 943
2001 1449
1998 1998
1971 LOCAL
1866 LOCAL
1794 LOCAL
1767 LOCAL
1767 BOTTOMOFSTACK

2034 325
2031 2009
2028 1788
2025 1611
2022 2022
1929 LOCAL
1824 LOCAL
1743 LOCAL
1671 LOCAL
1584 LOCAL
1506 LOCAL
1467 LOCAL
1413 LOCAL
1413 BOTTOMOFSTACK

