2055 1830
2052 446
2049 280
2046 1503
2043 29
2040 2040
2010 LOCAL
1881 LOCAL
1821 LOCAL
1821 BOTTOMOFSTACK

2031 998
2028 291
2025 288
2022 1098
2019 225
2016 2016
1923 LOCAL
1845 LOCAL
1734 LOCAL
1725 LOCAL
1725 BOTTOMOFSTACK

2025 188
2022 387
2019 2019
1962 LOCAL
1905 LOCAL
1788 LOCAL
1722 LOCAL
1671 LOCAL
1671 BOTTOMOFSTACK

2028 894
2025 1740
2022 582
2019 2019
1896 LOCAL
1842 LOCAL
1824 LOCAL
1794 LOCAL
1701 LOCAL
1602 LOCAL
1491 LOCAL
1371 LOCAL
1371 BOTTOMOFSTACK

2010 208
2007 783
2004 2004
1959 LOCAL
1851 LOCAL
1740 LOCAL
1719 LOCAL
1662 LOCAL
1554 LOCAL
1527 LOCAL
1527 BOTTOMOFSTACK

2013 1202
2010 414
2007 679
2004 942
2001 2001
1902 LOCAL
1890 LOCAL
1842 LOCAL
1776 LOCAL
1671 LOCAL
1671 BOTTOMOFSTACK

2010 2042
2007 479
2004 1140
2001 2001
1893 LOCAL
1824 LOCAL
1710 LOCAL
1632 LOCAL
1632 BOTTOMOFSTACK

