2031 1334
2028 26
2025 2025
2019 LOCAL
1896 LOCAL
1788 LOCAL
1737 LOCAL
1713 LOCAL
1629 LOCAL
1629 BOTTOMOFSTACK

2028 1358
2025 544
2022 1578
2019 201
2016 2016
1959 LOCAL
1902 LOCAL
1896 LOCAL
1896 BOTTOMOFSTACK

2046 1390
2043 1654
2040 1729
2037 1737
2034 399
2031 2031
1971 LOCAL
1923 LOCAL
1857 LOCAL
1758 LOCAL
1644 LOCAL
1521 LOCAL
1521 BOTTOMOFSTACK

2043 1420
2040 940
2037 1263
2034 1110
2031 558
2028 2028
1926 LOCAL
1827 LOCAL
1707 LOCAL
1632 LOCAL
1605 LOCAL
1605 BOTTOMOFSTACK

2013 1097
2010 511
2007 759
2004 2004
1911 LOCAL
1911 BOTTOMOFSTACK

2046 1350
2043 1964
2040 1592
2037 960
2034 2034
1938 LOCAL
1914 LOCAL
1818 LOCAL
1731 LOCAL
1605 LOCAL
1605 BOTTOMOFSTACK

2013 1607
2010 1420
2007 1665
2004 1131
2001 2001
1959 LOCAL
1833 LOCAL
1833 BOTTOMOFSTACK

2004 917
2001 1723
1998 1299
1995 1995
1899 LOCAL
1803 LOCAL
1686 LOCAL
1587 LOCAL
1587 BOTTOMOFSTACK

