2016 1725
2013 1443
2010 21
2007 2007
1983 LOCAL
1878 LOCAL
1878 BOTTOMOFSTACK

2028 987
2025 1074
2022 1453
2019 183
2016 2016
2016 BOTTOMOFSTACK

2046 333
2043 362
2040 1908
2037 339
2034 2034
2013 LOCAL
1884 LOCAL
1815 LOCAL
1689 LOCAL
1653 LOCAL
1641 LOCAL
1629 LOCAL
1554 LOCAL
1554 BOTTOMOFSTACK

2007 1103
2004 501
2001 2001
1971 LOCAL
1950 LOCAL
1848 LOCAL
1797 LOCAL
1797 BOTTOMOFSTACK

2010 814
2007 878
2004 123
2001 1217
1998 696
1995 1995
1947 LOCAL
1842 LOCAL
1773 LOCAL
1680 LOCAL
1674 LOCAL
1662 LOCAL
1623 LOCAL
1623 BOTTOMOFSTACK

2037 1978
2034 1696
2031 918
2028 1900
2025 855
2022 2022
2007 LOCAL
1917 LOCAL
1917 BOTTOMOFSTACK

2052 1609
2049 1971
2046 1209
2043 823
2040 1053
2037 2037
1929 LOCAL
1899 LOCAL
1776 LOCAL
1656 LOCAL
1527 LOCAL
1527 BOTTOMOFSTACK

2025 1960
2022 1209
2019 2019
1965 LOCAL
1899 LOCAL
1899 BOTTOMOFSTACK

2025 83
2022 1492
2019 1426
2016 263
2013 1371
2010 2010
1941 LOCAL
1890 LOCAL
1860 LOCAL
1860 BOTTOMOFSTACK

