2034 871
2031 29
2028 2028
1953 LOCAL
1917 LOCAL
1854 LOCAL
1830 LOCAL
1830 BOTTOMOFSTACK

2028 1004
2025 213
2022 2022
1959 LOCAL
1959 BOTTOMOFSTACK

2046 1920
2043 1456
2040 375
2037 2037
1923 LOCAL
1902 LOCAL
1902 BOTTOMOFSTACK

2013 579
2010 982
2007 416
2004 552
2001 2001
1950 LOCAL
1866 LOCAL
1752 LOCAL
1644 LOCAL
1614 LOCAL
1488 LOCAL
1377 LOCAL
1377 BOTTOMOFSTACK

2016 1517
2013 750
2010 2010
1998 LOCAL
1875 LOCAL
1791 LOCAL
1680 LOCAL
1569 LOCAL
1524 LOCAL
1494 LOCAL
1371 LOCAL
1272 LOCAL
1224 LOCAL
1224 BOTTOMOFSTACK

2034 1577
2031 1425
2028 1500
2025 909
2022 2022
1938 LOCAL
1851 LOCAL
1812 LOCAL
1779 LOCAL
1779 BOTTOMOFSTACK

2007 1784
2004 1068
2001 2001
1929 LOCAL
1854 LOCAL
1824 LOCAL
1779 LOCAL
1731 LOCAL
1605 LOCAL
1539 LOCAL
1413 LOCAL
1407 LOCAL
1407 BOTTOMOFSTACK

2022 628
2019 1863
2016 917
2013 2039
2010 1233
2007 2007
1941 LOCAL
1884 LOCAL
1863 LOCAL
1863 BOTTOMOFSTACK

2040 2007
2037 1398
2034 2034
1950 LOCAL
1872 LOCAL
1872 BOTTOMOFSTACK

