2013 1405
2010 1426
2007 1687
2004 443
2001 27
1998 1998
1896 LOCAL
1770 LOCAL
1707 LOCAL
1593 LOCAL
1545 LOCAL
1527 LOCAL
1527 BOTTOMOFSTACK

2046 978
2043 1324
2040 1574
2037 210
2034 2034
2013 LOCAL
2001 LOCAL
1950 LOCAL
1944 LOCAL
1932 LOCAL
1917 LOCAL
1833 LOCAL
1833 BOTTOMOFSTACK

2022 987
2019 534
2016 387
2013 2013
1989 LOCAL
1887 LOCAL
1836 LOCAL
1836 BOTTOMOFSTACK

2040 882
2037 202
2034 619
2031 558
2028 2028
1998 LOCAL
1962 LOCAL
1950 LOCAL
1944 LOCAL
1944 BOTTOMOFSTACK

2049 1531
2046 704
2043 1028
2040 756
2037 2037
1923 LOCAL
1863 LOCAL
1800 LOCAL
1785 LOCAL
1779 LOCAL
1743 LOCAL
1734 LOCAL
1725 LOCAL
1632 LOCAL
1587 LOCAL
1587 BOTTOMOFSTACK

