2043 1596
2040 170
2037 168
2034 16
2031 2031
1980 LOCAL
1944 LOCAL
1887 LOCAL
1830 LOCAL
1788 LOCAL
1692 LOCAL
1692 BOTTOMOFSTACK

2028 1325
2025 174
2022 2022
1944 LOCAL
1827 LOCAL
1803 LOCAL
1749 LOCAL
1737 LOCAL
1722 LOCAL
1653 LOCAL
1653 BOTTOMOFSTACK

2019 1986
2016 954
2013 339
2010 2010
1887 LOCAL
1758 LOCAL
1677 LOCAL
1602 LOCAL
1560 LOCAL
1560 BOTTOMOFSTACK

2010 2045
2007 501
2004 2004
1959 LOCAL
1836 LOCAL
1836 BOTTOMOFSTACK

2031 1657
2028 381
2025 1683
2022 1205
2019 678
2016 2016
1917 LOCAL
1806 LOCAL
1677 LOCAL
1602 LOCAL
1602 BOTTOMOFSTACK

2040 694
2037 858
2034 2034
1911 LOCAL
1911 BOTTOMOFSTACK

2028 1200
2025 863
2022 1014
2019 2019
2010 LOCAL
1926 LOCAL
1914 LOCAL
1884 LOCAL
1794 LOCAL
1749 LOCAL
1689 LOCAL
1656 LOCAL
1629 LOCAL
1629 BOTTOMOFSTACK

2016 1343
2013 437
2010 1351
2007 1064
2004 1200
2001 2001
1962 LOCAL
1962 BOTTOMOFSTACK

2025 1893
2022 1843
2019 2006
2016 671
2013 1362
2010 2010
1917 LOCAL
1893 LOCAL
1815 LOCAL
1698 LOCAL
1602 LOCAL
1575 LOCAL
1488 LOCAL
1431 LOCAL
1431 BOTTOMOFSTACK

