2019 1561
2016 628
2013 1319
2010 45
2007 11
2004 2004
1905 LOCAL
1827 LOCAL
1800 LOCAL
1695 LOCAL
1695 BOTTOMOFSTACK

2025 565
2022 1134
2019 1633
2016 177
2013 2013
1932 LOCAL
1932 BOTTOMOFSTACK

2031 586
2028 1042
2025 1093
2022 456
2019 354
2016 2016
1938 LOCAL
1857 LOCAL
1797 LOCAL
1728 LOCAL
1617 LOCAL
1521 LOCAL
1491 LOCAL
1404 LOCAL
1338 LOCAL
1338 BOTTOMOFSTACK

2040 587
2037 234
2034 546
2031 2031
1920 LOCAL
1791 LOCAL
1677 LOCAL
1599 LOCAL
1515 LOCAL
1479 LOCAL
1401 LOCAL
1380 LOCAL
1380 BOTTOMOFSTACK

2034 422
2031 1826
2028 199
2025 726
2022 2022
1911 LOCAL
1851 LOCAL
1737 LOCAL
1632 LOCAL
1605 LOCAL
1494 LOCAL
1410 LOCAL
1392 LOCAL
1320 LOCAL
1278 LOCAL
1278 BOTTOMOFSTACK

2028 1351
2025 172
2022 928
2019 1041
2016 918
2013 2013
1884 LOCAL
1842 LOCAL
1809 LOCAL
1809 BOTTOMOFSTACK

2031 852
2028 1888
2025 513
2022 1092
2019 2019
1935 LOCAL
1893 LOCAL
1767 LOCAL
1737 LOCAL
1629 LOCAL
1512 LOCAL
1440 LOCAL
1344 LOCAL
1278 LOCAL
1278 BOTTOMOFSTACK

