2037 745
2034 513
2031 943
2028 19
2025 2025
1938 LOCAL
1893 LOCAL
1863 LOCAL
1770 LOCAL
1716 LOCAL
1680 LOCAL
1680 BOTTOMOFSTACK

2046 1586
2043 213
2040 2040
1929 LOCAL
1812 LOCAL
1749 LOCAL
1719 LOCAL
1638 LOCAL
1578 LOCAL
1524 LOCAL
1413 LOCAL
1356 LOCAL
1308 LOCAL
1308 BOTTOMOFSTACK

2022 1442
2019 1214
2016 1185
2013 277
2010 387
2007 2007
1893 LOCAL
1776 LOCAL
1776 BOTTOMOFSTACK

2034 2029
2031 807
2028 595
2025 588
2022 2022
1899 LOCAL
1899 BOTTOMOFSTACK

2034 493
2031 744
2028 2028
1953 LOCAL
1848 LOCAL
1755 LOCAL
1671 LOCAL
1650 LOCAL
1650 BOTTOMOFSTACK

2049 87
2046 1133
2043 390
2040 1578
2037 927
2034 2034
1953 LOCAL
1854 LOCAL
1812 LOCAL
1812 BOTTOMOFSTACK

2022 463
2019 387
2016 1098
2013 2013
1992 LOCAL
1872 LOCAL
1788 LOCAL
1659 LOCAL
1599 LOCAL
1557 LOCAL
1464 LOCAL
1392 LOCAL
1329 LOCAL
1290 LOCAL
1290 BOTTOMOFSTACK

2046 774
2043 107
2040 1296
2037 2037
1959 LOCAL
1893 LOCAL
1764 LOCAL
1659 LOCAL
1617 LOCAL
1617 BOTTOMOFSTACK

2016 1203
2013 231
2010 1464
2007 2007
1929 LOCAL
1929 BOTTOMOFSTACK

2013 1448
2010 437
2007 1623
2004 2004
1896 LOCAL
1797 LOCAL
1695 LOCAL
1680 LOCAL
1629 LOCAL
1602 LOCAL
1602 BOTTOMOFSTACK

