2019 790
2016 1556
2013 1244
2010 1186
2007 28
2004 2004
1950 LOCAL
1857 LOCAL
1857 BOTTOMOFSTACK

2016 1240
2013 1765
2010 595
2007 123
2004 210
2001 2001
1932 LOCAL
1878 LOCAL
1857 LOCAL
1857 BOTTOMOFSTACK

2034 1568
2031 903
2028 366
2025 2025
1935 LOCAL
1935 BOTTOMOFSTACK

2007 1243
2004 552
2001 2001
1968 LOCAL
1908 LOCAL
1866 LOCAL
1866 BOTTOMOFSTACK

2040 2035
2037 646
2034 1173
2031 966
2028 726
2025 2025
1926 LOCAL
1875 LOCAL
1866 LOCAL
1866 BOTTOMOFSTACK

2019 1422
2016 184
2013 185
2010 502
2007 912
2004 2004
1890 LOCAL
1890 BOTTOMOFSTACK

2025 1638
2022 1068
2019 2019
1986 LOCAL
1917 LOCAL
1869 LOCAL
1869 BOTTOMOFSTACK

2031 1755
2028 1400
2025 626
2022 1260
2019 2019
2013 LOCAL
2013 BOTTOMOFSTACK

