2028 1436
2025 48
2022 2022
2010 LOCAL
1995 LOCAL
1995 BOTTOMOFSTACK

2046 755
2043 767
2040 1554
2037 861
2034 222
2031 2031
1950 LOCAL
1914 LOCAL
1893 LOCAL
1818 LOCAL
1818 BOTTOMOFSTACK

2013 1305
2010 980
2007 381
2004 2004
1983 LOCAL
1872 LOCAL
1842 LOCAL
1812 LOCAL
1782 LOCAL
1659 LOCAL
1596 LOCAL
1596 BOTTOMOFSTACK

2046 279
2043 540
2040 2040
2040 BOTTOMOFSTACK

2022 1568
2019 729
2016 2016
1959 LOCAL
1878 LOCAL
1848 LOCAL
1794 LOCAL
1794 BOTTOMOFSTACK

2010 1146
2007 766
2004 1990
2001 1877
1998 909
1995 1995
1890 LOCAL
1872 LOCAL
1872 BOTTOMOFSTACK

