2022 1012
2019 996
2016 447
2013 21
2010 2010
1896 LOCAL
1896 BOTTOMOFSTACK

2019 677
2016 1086
2013 204
2010 2010
1959 LOCAL
1905 LOCAL
1818 LOCAL
1728 LOCAL
1728 BOTTOMOFSTACK

2049 1676
2046 646
2043 1121
2040 384
2037 2037
1932 LOCAL
1884 LOCAL
1863 LOCAL
1812 LOCAL
1743 LOCAL
1701 LOCAL
1620 LOCAL
1506 LOCAL
1428 LOCAL
1359 LOCAL
1359 BOTTOMOFSTACK

2031 1194
2028 549
2025 2025
1998 LOCAL
1929 LOCAL
1929 BOTTOMOFSTACK

2043 28
2040 151
2037 1843
2034 717
2031 2031
2007 LOCAL
2001 LOCAL
2001 BOTTOMOFSTACK

2016 1773
2013 1361
2010 888
2007 2007
1986 LOCAL
1926 LOCAL
1842 LOCAL
1740 LOCAL
1686 LOCAL
1632 LOCAL
1527 LOCAL
1401 LOCAL
1401 BOTTOMOFSTACK

2037 1734
2034 1071
2031 2031
2007 LOCAL
1899 LOCAL
1782 LOCAL
1782 BOTTOMOFSTACK

2037 939
2034 247
2031 1266
2028 2028
1971 LOCAL
1932 LOCAL
1932 BOTTOMOFSTACK

