2007 681
2004 779
2001 1642
1998 17
1995 1995
1869 LOCAL
1854 LOCAL
1824 LOCAL
1710 LOCAL
1710 BOTTOMOFSTACK

2013 1238
2010 1780
2007 192
2004 2004
1974 LOCAL
1968 LOCAL
1920 LOCAL
1818 LOCAL
1734 LOCAL
1656 LOCAL
1647 LOCAL
1566 LOCAL
1467 LOCAL
1467 BOTTOMOFSTACK

2034 851
2031 725
2028 565
2025 366
2022 2022
1902 LOCAL
1806 LOCAL
1743 LOCAL
1635 LOCAL
1593 LOCAL
1593 BOTTOMOFSTACK

2007 1612
2004 1096
2001 732
1998 522
1995 1995
1929 LOCAL
1836 LOCAL
1788 LOCAL
1761 LOCAL
1716 LOCAL
1659 LOCAL
1659 BOTTOMOFSTACK

2031 1060
2028 440
2025 1270
2022 1552
2019 681
2016 2016
1935 LOCAL
1887 LOCAL
1887 BOTTOMOFSTACK

