2028 1318
2025 1925
2022 36
2019 2019
1950 LOCAL
1899 LOCAL
1899 BOTTOMOFSTACK

2022 520
2019 201
2016 2016
1971 LOCAL
1914 LOCAL
1881 LOCAL
1866 LOCAL
1866 BOTTOMOFSTACK

2010 408
2007 1248
2004 399
2001 2001
1881 LOCAL
1881 BOTTOMOFSTACK

2049 234
2046 1870
2043 594
2040 2040
1911 LOCAL
1803 LOCAL
1770 LOCAL
1770 BOTTOMOFSTACK

2037 613
2034 1016
2031 834
2028 756
2025 2025
2001 LOCAL
1875 LOCAL
1875 BOTTOMOFSTACK

2043 688
2040 576
2037 360
2034 936
2031 2031
1974 LOCAL
1932 LOCAL
1926 LOCAL
1851 LOCAL
1851 BOTTOMOFSTACK

2037 682
2034 653
2031 288
2028 1110
2025 2025
2001 LOCAL
1875 LOCAL
1875 BOTTOMOFSTACK

